             -2.47485   0.00000   0.00000   0.00000   0.00000  12.37426
             -1.56261  -0.40406   0.00000   0.00000   0.00000  20.72774
              0.00000   0.00000  -0.40000  -0.12254   0.00000   0.00000
              0.00000   0.00000   5.65450  -0.76781   0.00000   0.00000
              3.19619  -0.50000   0.00000   0.00000   1.00000  -0.63768
              0.00000   0.00000   0.00000   0.00000   0.00000   1.00000
   1 11 -4.569E-02
   1 12  6.005E-03   1 22  3.355E-10
   1 13  0.000E+00   1 23  0.000E+00   1 33  5.136E-02
   1 14  0.000E+00   1 24  0.000E+00   1 34 -9.674E-03   1 44  3.790E-10
   1 15  0.000E+00   1 25  0.000E+00   1 35  0.000E+00   1 45  0.000E+00   1 55  0.000E+00
   1 16  6.666E-02   1 26  7.141E-03   1 36  0.000E+00   1 46  0.000E+00   1 56  0.000E+00   1 66 -3.079E-01
 
   2 11 -1.149E-01
   2 12  1.871E-02   2 22 -4.902E-04
   2 13  0.000E+00   2 23  0.000E+00   2 33  1.140E-01
   2 14  0.000E+00   2 24  0.000E+00   2 34 -2.299E-02   2 44 -8.607E-05
   2 15  0.000E+00   2 25  0.000E+00   2 35  0.000E+00   2 45  0.000E+00   2 55  0.000E+00
   2 16  1.967E-01   2 26 -6.375E-03   2 36  0.000E+00   2 46  0.000E+00   2 56  0.000E+00   2 66 -6.711E-01
 
   3 11  0.000E+00
   3 12  0.000E+00   3 22  0.000E+00
   3 13  6.622E-02   3 23 -6.653E-03   3 33  0.000E+00
   3 14 -4.951E-03   3 24  4.791E-04   3 34  0.000E+00   3 44  0.000E+00
   3 15  0.000E+00   3 25  0.000E+00   3 35  0.000E+00   3 45  0.000E+00   3 55  0.000E+00
   3 16  0.000E+00   3 26  0.000E+00   3 36 -1.528E-01   3 46  1.182E-02   3 56  0.000E+00   3 66  0.000E+00
 
   4 11  0.000E+00
   4 12  0.000E+00   4 22  0.000E+00
   4 13  7.367E-02   4 23 -9.747E-03   4 33  0.000E+00
   4 14 -3.456E-02   4 24  3.013E-03   4 34  0.000E+00   4 44  0.000E+00
   4 15  0.000E+00   4 25  0.000E+00   4 35  0.000E+00   4 45  0.000E+00   4 55  0.000E+00
   4 16  0.000E+00   4 26  0.000E+00   4 36 -7.468E-01   4 46 -1.026E-01   4 56  0.000E+00   4 66  0.000E+00
 
   5 11 -3.031E-02
   5 12  8.014E-03   5 22 -7.509E-04
   5 13  0.000E+00   5 23  0.000E+00   5 33 -2.231E-02
   5 14  0.000E+00   5 24  0.000E+00   5 34 -5.134E-03   5 44 -1.231E-03
   5 15  0.000E+00   5 25  0.000E+00   5 35  0.000E+00   5 45  0.000E+00   5 55  0.000E+00
   5 16 -4.748E-02   5 26 -2.804E-03   5 36  0.000E+00   5 46  0.000E+00   5 56  0.000E+00   5 66 -9.040E-02
 
 *TRANSFORM-1*                
   1 11 -4.546E-03
   1 12  2.426E-03   1 22  9.796E-10
   1 13  0.000E+00   1 23  0.000E+00   1 33 -4.737E-03
   1 14  0.000E+00   1 24  0.000E+00   1 34 -2.397E-03   1 44  5.032E-04
   1 15  0.000E+00   1 25  0.000E+00   1 35  0.000E+00   1 45  0.000E+00   1 55  0.000E+00
   1 16  5.585E-02   1 26 -3.717E-02   1 36  0.000E+00   1 46  0.000E+00   1 56  0.000E+00   1 66  2.867E-02
 
   2 11 -6.106E-02
   2 12  4.631E-02   2 22 -7.431E-03
   2 13  0.000E+00   2 23  0.000E+00   2 33 -6.920E-02
   2 14  0.000E+00   2 24  0.000E+00   2 34 -2.283E-02   2 44  5.045E-03
   2 15  0.000E+00   2 25  0.000E+00   2 35  0.000E+00   2 45  0.000E+00   2 55  0.000E+00
   2 16  3.545E-01   2 26 -1.983E-01   2 36  0.000E+00   2 46  0.000E+00   2 56  0.000E+00   2 66 -7.919E-01
 
   3 11  0.000E+00
   3 12  0.000E+00   3 22  0.000E+00
   3 13  1.867E-02   3 23 -7.456E-03   3 33  0.000E+00
   3 14 -2.749E-03   3 24  1.186E-03   3 34  0.000E+00   3 44  0.000E+00
   3 15  0.000E+00   3 25  0.000E+00   3 35  0.000E+00   3 45  0.000E+00   3 55  0.000E+00
   3 16  0.000E+00   3 26  0.000E+00   3 36 -1.791E-01   3 46 -2.373E-03   3 56  0.000E+00   3 66  0.000E+00
 
   4 11  0.000E+00
   4 12  0.000E+00   4 22  0.000E+00
   4 13  4.500E-02   4 23 -2.412E-02   4 33  0.000E+00
   4 14 -3.715E-02   4 24  1.647E-02   4 34  0.000E+00   4 44  0.000E+00
   4 15  0.000E+00   4 25  0.000E+00   4 35  0.000E+00   4 45  0.000E+00   4 55  0.000E+00
   4 16  0.000E+00   4 26  0.000E+00   4 36  6.900E-01   4 46 -3.431E-02   4 56  0.000E+00   4 66  0.000E+00
 
   5 11 -4.155E-03
   5 12  1.578E-03   5 22  8.836E-04
   5 13  0.000E+00   5 23  0.000E+00   5 33  5.535E-02
   5 14  0.000E+00   5 24  0.000E+00   5 34 -4.363E-03   5 44  1.195E-03
   5 15  0.000E+00   5 25  0.000E+00   5 35  0.000E+00   5 45  0.000E+00   5 55  0.000E+00
   5 16 -2.262E-02   5 26 -6.939E-03   5 36  0.000E+00   5 46  0.000E+00   5 56  0.000E+00   5 66  1.740E-01

