   12   -3.07692E-02   -4.80000E-02   -14.2857    444.773    1.00000    1.95563E-10
   12   -3.07692E-02   -4.60000E-02   -16.9581    527.140    1.00000    1.95767E-10
   12   -3.07692E-02   -4.40000E-02   -21.0665    654.847    1.00000    1.95767E-10
   12   -3.07692E-02   -4.20000E-02   -29.0029    902.031    1.00000    1.95767E-10
   12   -3.07692E-02   -4.00000E-02   -44.4684    1383.63    1.00000    1.95678E-10
   12   -3.07692E-02   -3.80000E-02   -47.6478    1482.51    1.00000    1.95684E-10
   12   -3.07692E-02   -3.60000E-02   -47.6478    1482.51    1.00000    1.95684E-10
   12   -3.07692E-02   -3.40000E-02   -47.6478    1482.51    1.00000    1.95684E-10
   12   -3.07692E-02   -3.20000E-02   -47.6478    1482.51    1.00000    1.95684E-10
   12   -3.07692E-02   -3.00000E-02   -47.6478    1482.51    1.00000    1.95684E-10
   12   -3.07692E-02   -2.80000E-02   -47.6478    1482.51    1.00000    1.95684E-10
   12   -3.07692E-02   -2.60000E-02   -47.6478    1482.51    1.00000    1.95684E-10
   12   -3.07692E-02   -2.40000E-02   -47.6478    1482.51    1.00000    1.95684E-10
   12   -3.07692E-02   -2.20000E-02   -47.6478    1482.51    1.00000    1.95684E-10
   12   -3.07692E-02   -2.00000E-02   -47.6478    1482.51    1.00000    1.95684E-10
   12   -3.07692E-02   -1.80000E-02   -47.6478    1482.51    1.00000    1.95684E-10
   12   -3.07692E-02   -1.60000E-02   -47.6478    1482.51    1.00000    1.95684E-10
   12   -3.07692E-02   -1.40000E-02   -47.6478    1482.51    1.00000    1.95684E-10
   12   -3.07692E-02   -1.20000E-02   -47.6478    1482.51    1.00000    1.95684E-10
   12   -3.07692E-02   -1.00000E-02   -47.6478    1482.51    1.00000    1.95684E-10
   12   -3.07692E-02   -8.00000E-03   -47.6478    1482.51    1.00000    1.95684E-10
   12   -3.07692E-02   -6.00000E-03   -47.6478    1482.51    1.00000    1.95684E-10
   12   -3.07692E-02   -4.00000E-03   -47.6478    1482.51    1.00000    1.95684E-10
   12   -3.07692E-02   -2.00000E-03   -47.6478    1482.51    1.00000    1.95684E-10
   12   -3.07692E-02  0.   -47.6478    1482.51    1.00000    1.95684E-10
   12   -3.07692E-02    2.00000E-03   -47.6478    1482.51    1.00000    1.95684E-10
   12   -3.07692E-02    4.00000E-03   -47.6478    1482.51    1.00000    1.95684E-10
   12   -3.07692E-02    6.00000E-03   -47.6478    1482.51    1.00000    1.95684E-10
   12   -3.07692E-02    8.00000E-03   -47.6478    1482.51    1.00000    1.95684E-10
   12   -3.07692E-02    1.00000E-02   -47.6478    1482.51    1.00000    1.95684E-10
   12   -3.07692E-02    1.20000E-02   -47.6478    1482.51    1.00000    1.95684E-10
   12   -3.07692E-02    1.40000E-02   -47.6478    1482.51    1.00000    1.95684E-10
   12   -3.07692E-02    1.60000E-02   -47.6478    1482.51    1.00000    1.95684E-10
   12   -3.07692E-02    1.80000E-02   -47.6478    1482.51    1.00000    1.95684E-10
   12   -3.07692E-02    2.00000E-02   -47.6478    1482.51    1.00000    1.95684E-10
   12   -3.07692E-02    2.20000E-02   -47.6478    1482.51    1.00000    1.95684E-10
   12   -3.07692E-02    2.40000E-02   -47.6478    1482.51    1.00000    1.95684E-10
   12   -3.07692E-02    2.60000E-02   -48.8110    1518.69    1.00000    1.95687E-10
   12   -3.07692E-02    2.80000E-02   -51.3160    1596.63    1.00000    1.95689E-10
   12   -3.07692E-02    3.00000E-02   -52.6680    1638.67    1.00000    1.95694E-10
   12   -3.07692E-02    3.20000E-02   -55.5957    1729.78    1.00000    1.95690E-10
   12   -3.07692E-02    3.40000E-02   -57.1854    1779.23    1.00000    1.95690E-10
   12   -3.07692E-02    3.60000E-02   -58.8627    1831.58    1.00000    1.95652E-10
   12   -3.07692E-02    3.80000E-02   -71.4959    2224.46    1.00000    1.95690E-10
   12   -3.07692E-02    4.00000E-02   -91.0315    2832.05    1.00000    1.95716E-10
   12   -3.07692E-02    4.20000E-02   -133.493    4154.28    1.00000    1.95614E-10
   12   -3.07692E-02    4.40000E-02   -222.988    6937.07    1.00000    1.95716E-10
   12   -3.07692E-02    4.60000E-02   -676.052    21026.0    1.00000    1.95665E-10
   12   -3.07692E-02    4.80000E-02    494.884   -15391.6    1.00000    1.95767E-10
   12   -3.07692E-02    5.00000E-02    199.586   -6210.62    1.00000    1.95563E-10
   12   -2.69231E-02   -4.80000E-02   -15.5898    43.5675    1.00000    1.81358E-06
   12   -2.69231E-02   -4.60000E-02  -0.282487    240.500    1.00000    6.06235E-10
   12   -2.69231E-02   -4.40000E-02  -0.283072    241.286    1.00000    6.04803E-10
   12   -2.69231E-02   -4.20000E-02  -0.284746    242.140    1.00000    6.07669E-10
   12   -2.69231E-02   -4.00000E-02  -0.285471    242.970    1.00000    6.06593E-10
   12   -2.69231E-02   -3.80000E-02  -0.285512    243.005    1.00000    6.06593E-10
   12   -2.69231E-02   -3.60000E-02  -0.285512    243.005    1.00000    6.06593E-10
   12   -2.69231E-02   -3.40000E-02  -0.285512    243.005    1.00000    6.06593E-10
   12   -2.69231E-02   -3.20000E-02  -0.285512    243.005    1.00000    6.06593E-10
   12   -2.69231E-02   -3.00000E-02  -0.285512    243.005    1.00000    6.06593E-10
   12   -2.69231E-02   -2.80000E-02  -0.285512    243.005    1.00000    6.06593E-10
   12   -2.69231E-02   -2.60000E-02  -0.285512    243.005    1.00000    6.06593E-10
   12   -2.69231E-02   -2.40000E-02  -0.285512    243.005    1.00000    6.06593E-10
   12   -2.69231E-02   -2.20000E-02  -0.285512    243.005    1.00000    6.06593E-10
   12   -2.69231E-02   -2.00000E-02  -0.285512    243.005    1.00000    6.06593E-10
   12   -2.69231E-02   -1.80000E-02  -0.285512    243.005    1.00000    6.06593E-10
   12   -2.69231E-02   -1.60000E-02  -0.285512    243.005    1.00000    6.06593E-10
   12   -2.69231E-02   -1.40000E-02  -0.285512    243.005    1.00000    6.06593E-10
   12   -2.69231E-02   -1.20000E-02  -0.285512    243.005    1.00000    6.06593E-10
   12   -2.69231E-02   -1.00000E-02  -0.285512    243.005    1.00000    6.06593E-10
   12   -2.69231E-02   -8.00000E-03  -0.285512    243.005    1.00000    6.06593E-10
   12   -2.69231E-02   -6.00000E-03  -0.285512    243.005    1.00000    6.06593E-10
   12   -2.69231E-02   -4.00000E-03  -0.285512    243.005    1.00000    6.06593E-10
   12   -2.69231E-02   -2.00000E-03  -0.285512    243.005    1.00000    6.06593E-10
   12   -2.69231E-02  0.  -0.285512    243.005    1.00000    6.06593E-10
   12   -2.69231E-02    2.00000E-03  -0.285512    243.005    1.00000    6.06593E-10
   12   -2.69231E-02    4.00000E-03  -0.285512    243.005    1.00000    6.06593E-10
   12   -2.69231E-02    6.00000E-03  -0.285512    243.005    1.00000    6.06593E-10
   12   -2.69231E-02    8.00000E-03  -0.285512    243.005    1.00000    6.06593E-10
   12   -2.69231E-02    1.00000E-02  -0.285512    243.005    1.00000    6.06593E-10
   12   -2.69231E-02    1.20000E-02  -0.285512    243.005    1.00000    6.06593E-10
   12   -2.69231E-02    1.40000E-02  -0.285512    243.005    1.00000    6.06593E-10
   12   -2.69231E-02    1.60000E-02  -0.285512    243.005    1.00000    6.06593E-10
   12   -2.69231E-02    1.80000E-02  -0.285512    243.005    1.00000    6.06593E-10
   12   -2.69231E-02    2.00000E-02  -0.285512    243.005    1.00000    6.06593E-10
   12   -2.69231E-02    2.20000E-02  -0.285512    243.005    1.00000    6.06593E-10
   12   -2.69231E-02    2.40000E-02  -0.285512    243.005    1.00000    6.06593E-10
   12   -2.69231E-02    2.60000E-02  -0.285552    243.040    1.00000    6.06593E-10
   12   -2.69231E-02    2.80000E-02  -0.285718    243.109    1.00000    6.06952E-10
   12   -2.69231E-02    3.00000E-02  -0.285675    243.144    1.00000    6.06593E-10
   12   -2.69231E-02    3.20000E-02  -0.285631    243.179    1.00000    6.06235E-10
   12   -2.69231E-02    3.40000E-02  -0.285839    243.248    1.00000    6.06773E-10
   12   -2.69231E-02    3.60000E-02  -0.285880    243.283    1.00000    6.06773E-10
   12   -2.69231E-02    3.80000E-02  -0.286043    243.457    1.00000    6.06593E-10
   12   -2.69231E-02    4.00000E-02  -0.286329    243.701    1.00000    6.06593E-10
   12   -2.69231E-02    4.20000E-02  -0.286575    243.910    1.00000    6.06593E-10
   12   -2.69231E-02    4.40000E-02  -0.286863    244.155    1.00000    6.06593E-10
   12   -2.69231E-02    4.60000E-02  -0.287026    244.365    1.00000    6.06235E-10
   12   -2.69231E-02    4.80000E-02  -0.287274    244.576    1.00000    6.06235E-10
   12   -2.69231E-02    5.00000E-02  -0.287564    244.822    1.00000    6.06235E-10
   12   -2.30769E-02   -4.80000E-02   -18.2182  -0.159194    1.00000    6.40569E-09
   12   -2.30769E-02   -4.60000E-02   -5.15518   100.4388    1.00000    7.96579E-06
   12   -2.30769E-02   -4.40000E-02  -0.343051    130.172    1.00000    3.48030E-08
   12   -2.30769E-02   -4.20000E-02  -0.344683    130.709    1.00000    3.48464E-08
   12   -2.30769E-02   -4.00000E-02  -0.346061    131.252    1.00000    3.48356E-08
   12   -2.30769E-02   -3.80000E-02  -0.346061    131.252    1.00000    3.48356E-08
   12   -2.30769E-02   -3.60000E-02  -0.346061    131.252    1.00000    3.48356E-08
   12   -2.30769E-02   -3.40000E-02  -0.346061    131.252    1.00000    3.48356E-08
   12   -2.30769E-02   -3.20000E-02  -0.346061    131.252    1.00000    3.48356E-08
   12   -2.30769E-02   -3.00000E-02  -0.346061    131.252    1.00000    3.48356E-08
   12   -2.30769E-02   -2.80000E-02  -0.346061    131.252    1.00000    3.48356E-08
   12   -2.30769E-02   -2.60000E-02  -0.346061    131.252    1.00000    3.48356E-08
   12   -2.30769E-02   -2.40000E-02  -0.346061    131.252    1.00000    3.48356E-08
   12   -2.30769E-02   -2.20000E-02  -0.346061    131.252    1.00000    3.48356E-08
   12   -2.30769E-02   -2.00000E-02  -0.346061    131.252    1.00000    3.48356E-08
   12   -2.30769E-02   -1.80000E-02  -0.346061    131.252    1.00000    3.48356E-08
   12   -2.30769E-02   -1.60000E-02  -0.346061    131.252    1.00000    3.48356E-08
   12   -2.30769E-02   -1.40000E-02  -0.346061    131.252    1.00000    3.48356E-08
   12   -2.30769E-02   -1.20000E-02  -0.346061    131.252    1.00000    3.48356E-08
   12   -2.30769E-02   -1.00000E-02  -0.346061    131.252    1.00000    3.48356E-08
   12   -2.30769E-02   -8.00000E-03  -0.346061    131.252    1.00000    3.48356E-08
   12   -2.30769E-02   -6.00000E-03  -0.346061    131.252    1.00000    3.48356E-08
   12   -2.30769E-02   -4.00000E-03  -0.346061    131.252    1.00000    3.48356E-08
   12   -2.30769E-02   -2.00000E-03  -0.346061    131.252    1.00000    3.48356E-08
   12   -2.30769E-02  0.  -0.346061    131.252    1.00000    3.48356E-08
   12   -2.30769E-02    2.00000E-03  -0.346061    131.252    1.00000    3.48356E-08
   12   -2.30769E-02    4.00000E-03  -0.346061    131.252    1.00000    3.48356E-08
   12   -2.30769E-02    6.00000E-03  -0.346061    131.252    1.00000    3.48356E-08
   12   -2.30769E-02    8.00000E-03  -0.346061    131.252    1.00000    3.48356E-08
   12   -2.30769E-02    1.00000E-02  -0.346061    131.252    1.00000    3.48356E-08
   12   -2.30769E-02    1.20000E-02  -0.346061    131.252    1.00000    3.48356E-08
   12   -2.30769E-02    1.40000E-02  -0.346061    131.252    1.00000    3.48356E-08
   12   -2.30769E-02    1.60000E-02  -0.346061    131.252    1.00000    3.48356E-08
   12   -2.30769E-02    1.80000E-02  -0.346061    131.252    1.00000    3.48356E-08
   12   -2.30769E-02    2.00000E-02  -0.346061    131.252    1.00000    3.48356E-08
   12   -2.30769E-02    2.20000E-02  -0.346061    131.252    1.00000    3.48356E-08
   12   -2.30769E-02    2.40000E-02  -0.346061    131.252    1.00000    3.48356E-08
   12   -2.30769E-02    2.60000E-02  -0.346120    131.275    1.00000    3.48356E-08
   12   -2.30769E-02    2.80000E-02  -0.346072    131.298    1.00000    3.48138E-08
   12   -2.30769E-02    3.00000E-02  -0.346246    131.343    1.00000    3.48247E-08
   12   -2.30769E-02    3.20000E-02  -0.346360    131.366    1.00000    3.48356E-08
   12   -2.30769E-02    3.40000E-02  -0.346534    131.411    1.00000    3.48464E-08
   12   -2.30769E-02    3.60000E-02  -0.346513    131.434    1.00000    3.48301E-08
   12   -2.30769E-02    3.80000E-02  -0.346813    131.548    1.00000    3.48301E-08
   12   -2.30769E-02    4.00000E-02  -0.347161    131.685    1.00000    3.48274E-08
   12   -2.30769E-02    4.20000E-02  -0.347593    131.845    1.00000    3.48294E-08
   12   -2.30769E-02    4.40000E-02  -0.347973    131.983    1.00000    3.48328E-08
   12   -2.30769E-02    4.60000E-02  -0.348370    132.144    1.00000    3.48274E-08
   12   -2.30769E-02    4.80000E-02  -0.348749    132.282    1.00000    3.48301E-08
   12   -2.30769E-02    5.00000E-02  -0.349141    132.420    1.00000    3.48356E-08
   12   -1.92308E-02   -4.80000E-02   -18.1943    8.20532E-03    1.00000    2.56448E-11
   12   -1.92308E-02   -4.60000E-02   -12.3777    36.0385    1.00000    1.08065E-04
   12   -1.92308E-02   -4.40000E-02   -4.26523E-02    90.3197    1.00000    5.15930E-09
   12   -1.92308E-02   -4.20000E-02   -4.26741E-02    90.3660    1.00000    5.15930E-09
   12   -1.92308E-02   -4.00000E-02   -4.26249E-02    90.4085    1.00000    5.14259E-09
   12   -1.92308E-02   -3.80000E-02   -4.26249E-02    90.4085    1.00000    5.14259E-09
   12   -1.92308E-02   -3.60000E-02   -4.26249E-02    90.4085    1.00000    5.14259E-09
   12   -1.92308E-02   -3.40000E-02   -4.26249E-02    90.4085    1.00000    5.14259E-09
   12   -1.92308E-02   -3.20000E-02   -4.26249E-02    90.4085    1.00000    5.14259E-09
   12   -1.92308E-02   -3.00000E-02   -4.26249E-02    90.4085    1.00000    5.14259E-09
   12   -1.92308E-02   -2.80000E-02   -4.26249E-02    90.4085    1.00000    5.14259E-09
   12   -1.92308E-02   -2.60000E-02   -4.26249E-02    90.4085    1.00000    5.14259E-09
   12   -1.92308E-02   -2.40000E-02   -4.26249E-02    90.4085    1.00000    5.14259E-09
   12   -1.92308E-02   -2.20000E-02   -4.26249E-02    90.4085    1.00000    5.14259E-09
   12   -1.92308E-02   -2.00000E-02   -4.26249E-02    90.4085    1.00000    5.14259E-09
   12   -1.92308E-02   -1.80000E-02   -4.26249E-02    90.4085    1.00000    5.14259E-09
   12   -1.92308E-02   -1.60000E-02   -4.26249E-02    90.4085    1.00000    5.14259E-09
   12   -1.92308E-02   -1.40000E-02   -4.26249E-02    90.4085    1.00000    5.14259E-09
   12   -1.92308E-02   -1.20000E-02   -4.26249E-02    90.4085    1.00000    5.14259E-09
   12   -1.92308E-02   -1.00000E-02   -4.26249E-02    90.4085    1.00000    5.14259E-09
   12   -1.92308E-02   -8.00000E-03   -4.26249E-02    90.4085    1.00000    5.14259E-09
   12   -1.92308E-02   -6.00000E-03   -4.26249E-02    90.4085    1.00000    5.14259E-09
   12   -1.92308E-02   -4.00000E-03   -4.26249E-02    90.4085    1.00000    5.14259E-09
   12   -1.92308E-02   -2.00000E-03   -4.26249E-02    90.4085    1.00000    5.14259E-09
   12   -1.92308E-02  0.   -4.26249E-02    90.4085    1.00000    5.14259E-09
   12   -1.92308E-02    2.00000E-03   -4.26249E-02    90.4085    1.00000    5.14259E-09
   12   -1.92308E-02    4.00000E-03   -4.26249E-02    90.4085    1.00000    5.14259E-09
   12   -1.92308E-02    6.00000E-03   -4.26249E-02    90.4085    1.00000    5.14259E-09
   12   -1.92308E-02    8.00000E-03   -4.26249E-02    90.4085    1.00000    5.14259E-09
   12   -1.92308E-02    1.00000E-02   -4.26249E-02    90.4085    1.00000    5.14259E-09
   12   -1.92308E-02    1.20000E-02   -4.26249E-02    90.4085    1.00000    5.14259E-09
   12   -1.92308E-02    1.40000E-02   -4.26249E-02    90.4085    1.00000    5.14259E-09
   12   -1.92308E-02    1.60000E-02   -4.26249E-02    90.4085    1.00000    5.14259E-09
   12   -1.92308E-02    1.80000E-02   -4.26249E-02    90.4085    1.00000    5.14259E-09
   12   -1.92308E-02    2.00000E-02   -4.26249E-02    90.4085    1.00000    5.14259E-09
   12   -1.92308E-02    2.20000E-02   -4.26249E-02    90.4085    1.00000    5.14259E-09
   12   -1.92308E-02    2.40000E-02   -4.26249E-02    90.4085    1.00000    5.14259E-09
   12   -1.92308E-02    2.60000E-02   -4.25914E-02    90.4105    1.00000    5.13424E-09
   12   -1.92308E-02    2.80000E-02   -4.26268E-02    90.4124    1.00000    5.14259E-09
   12   -1.92308E-02    3.00000E-02   -4.26632E-02    90.4162    1.00000    5.15094E-09
   12   -1.92308E-02    3.20000E-02   -4.26296E-02    90.4182    1.00000    5.14259E-09
   12   -1.92308E-02    3.40000E-02   -4.26659E-02    90.4220    1.00000    5.15094E-09
   12   -1.92308E-02    3.60000E-02   -4.25977E-02    90.4240    1.00000    5.13424E-09
   12   -1.92308E-02    3.80000E-02   -4.26359E-02    90.4317    1.00000    5.14259E-09
   12   -1.92308E-02    4.00000E-02   -4.26596E-02    90.4452    1.00000    5.14676E-09
   12   -1.92308E-02    4.20000E-02   -4.26832E-02    90.4586    1.00000    5.15094E-09
   12   -1.92308E-02    4.40000E-02   -4.26627E-02    90.4702    1.00000    5.14467E-09
   12   -1.92308E-02    4.60000E-02   -4.26769E-02    90.4818    1.00000    5.14676E-09
   12   -1.92308E-02    4.80000E-02   -4.26854E-02    90.4953    1.00000    5.14728E-09
   12   -1.92308E-02    5.00000E-02   -1.67738    91.9862    1.00000    6.35560E-06
   12   -1.53846E-02   -4.80000E-02   -18.1705   0.144834    1.00000    1.15959E-08
   12   -1.53846E-02   -4.60000E-02   -16.8097    8.59415    1.00000    1.46325E-04
   12   -1.53846E-02   -4.40000E-02   -8.08548    45.2905    1.00000    4.15283E-04
   12   -1.53846E-02   -4.20000E-02   -6.60295E-02    68.7475    1.00000    6.32307E-08
   12   -1.53846E-02   -4.00000E-02   -6.60754E-02    68.7952    1.00000    6.32307E-08
   12   -1.53846E-02   -3.80000E-02   -6.60754E-02    68.7952    1.00000    6.32307E-08
   12   -1.53846E-02   -3.60000E-02   -6.60754E-02    68.7952    1.00000    6.32307E-08
   12   -1.53846E-02   -3.40000E-02   -6.60754E-02    68.7952    1.00000    6.32307E-08
   12   -1.53846E-02   -3.20000E-02   -6.60754E-02    68.7952    1.00000    6.32307E-08
   12   -1.53846E-02   -3.00000E-02   -6.60754E-02    68.7952    1.00000    6.32307E-08
   12   -1.53846E-02   -2.80000E-02   -6.60754E-02    68.7952    1.00000    6.32307E-08
   12   -1.53846E-02   -2.60000E-02   -6.60754E-02    68.7952    1.00000    6.32307E-08
   12   -1.53846E-02   -2.40000E-02   -6.60754E-02    68.7952    1.00000    6.32307E-08
   12   -1.53846E-02   -2.20000E-02   -6.60754E-02    68.7952    1.00000    6.32307E-08
   12   -1.53846E-02   -2.00000E-02   -6.60754E-02    68.7952    1.00000    6.32307E-08
   12   -1.53846E-02   -1.80000E-02   -6.60754E-02    68.7952    1.00000    6.32307E-08
   12   -1.53846E-02   -1.60000E-02   -6.60754E-02    68.7952    1.00000    6.32307E-08
   12   -1.53846E-02   -1.40000E-02   -6.60754E-02    68.7952    1.00000    6.32307E-08
   12   -1.53846E-02   -1.20000E-02   -6.60754E-02    68.7952    1.00000    6.32307E-08
   12   -1.53846E-02   -1.00000E-02   -6.60754E-02    68.7952    1.00000    6.32307E-08
   12   -1.53846E-02   -8.00000E-03   -6.60754E-02    68.7952    1.00000    6.32307E-08
   12   -1.53846E-02   -6.00000E-03   -6.60754E-02    68.7952    1.00000    6.32307E-08
   12   -1.53846E-02   -4.00000E-03   -6.60754E-02    68.7952    1.00000    6.32307E-08
   12   -1.53846E-02   -2.00000E-03   -6.60754E-02    68.7952    1.00000    6.32307E-08
   12   -1.53846E-02  0.   -6.60754E-02    68.7952    1.00000    6.32307E-08
   12   -1.53846E-02    2.00000E-03   -6.60754E-02    68.7952    1.00000    6.32307E-08
   12   -1.53846E-02    4.00000E-03   -6.60754E-02    68.7952    1.00000    6.32307E-08
   12   -1.53846E-02    6.00000E-03   -6.60754E-02    68.7952    1.00000    6.32307E-08
   12   -1.53846E-02    8.00000E-03   -6.60754E-02    68.7952    1.00000    6.32307E-08
   12   -1.53846E-02    1.00000E-02   -6.60754E-02    68.7952    1.00000    6.32307E-08
   12   -1.53846E-02    1.20000E-02   -6.60754E-02    68.7952    1.00000    6.32307E-08
   12   -1.53846E-02    1.40000E-02   -6.60754E-02    68.7952    1.00000    6.32307E-08
   12   -1.53846E-02    1.60000E-02   -6.60754E-02    68.7952    1.00000    6.32307E-08
   12   -1.53846E-02    1.80000E-02   -6.60754E-02    68.7952    1.00000    6.32307E-08
   12   -1.53846E-02    2.00000E-02   -6.60754E-02    68.7952    1.00000    6.32307E-08
   12   -1.53846E-02    2.20000E-02   -6.60754E-02    68.7952    1.00000    6.32307E-08
   12   -1.53846E-02    2.40000E-02   -6.60754E-02    68.7952    1.00000    6.32307E-08
   12   -1.53846E-02    2.60000E-02   -6.61081E-02    68.7974    1.00000    6.32892E-08
   12   -1.53846E-02    2.80000E-02   -6.60797E-02    68.7998    1.00000    6.32307E-08
   12   -1.53846E-02    3.00000E-02   -6.60535E-02    68.8044    1.00000    6.31721E-08
   12   -1.53846E-02    3.20000E-02   -6.60558E-02    68.8066    1.00000    6.31721E-08
   12   -1.53846E-02    3.40000E-02   -6.60885E-02    68.8089    1.00000    6.32307E-08
   12   -1.53846E-02    3.60000E-02   -6.60623E-02    68.8135    1.00000    6.31721E-08
   12   -1.53846E-02    3.80000E-02   -6.60863E-02    68.8225    1.00000    6.32014E-08
   12   -1.53846E-02    4.00000E-02   -6.61016E-02    68.8385    1.00000    6.32014E-08
   12   -1.53846E-02    4.20000E-02   -6.61147E-02    68.8521    1.00000    6.32014E-08
   12   -1.53846E-02    4.40000E-02   -6.61453E-02    68.8680    1.00000    6.32307E-08
   12   -1.53846E-02    4.60000E-02   -4.85433    68.4806    1.00000    1.69203E-04
   12   -1.53846E-02    4.80000E-02   -11.4282    70.9107    1.00000    3.91581E-04
   12   -1.53846E-02    5.00000E-02   -22.2694    78.3579    1.00000    4.32999E-04
   12   -1.15385E-02   -5.00000E-02   -18.1691    1.27812    1.00000    2.57160E-10
   12   -1.15385E-02   -4.80000E-02   -18.2066   -9.89288E-02    1.00000    6.65973E-09
   12   -1.15385E-02   -4.60000E-02   -18.0110   0.991190    1.00000    7.57382E-06
   12   -1.15385E-02   -4.40000E-02  -10.33453    29.8562    1.00000    7.09926E-04
   12   -1.15385E-02   -4.20000E-02   -3.57574    48.5979    1.00000    4.18592E-04
   12   -1.15385E-02   -4.00000E-02   -8.96246E-02    55.4333    1.00000    4.19560E-07
   12   -1.15385E-02   -3.80000E-02   -8.96246E-02    55.4333    1.00000    4.19560E-07
   12   -1.15385E-02   -3.60000E-02   -8.96246E-02    55.4333    1.00000    4.19560E-07
   12   -1.15385E-02   -3.40000E-02   -8.96246E-02    55.4333    1.00000    4.19560E-07
   12   -1.15385E-02   -3.20000E-02   -8.96246E-02    55.4333    1.00000    4.19560E-07
   12   -1.15385E-02   -3.00000E-02   -8.96246E-02    55.4333    1.00000    4.19560E-07
   12   -1.15385E-02   -2.80000E-02   -8.96246E-02    55.4333    1.00000    4.19560E-07
   12   -1.15385E-02   -2.60000E-02   -8.96246E-02    55.4333    1.00000    4.19560E-07
   12   -1.15385E-02   -2.40000E-02   -8.96246E-02    55.4333    1.00000    4.19560E-07
   12   -1.15385E-02   -2.20000E-02   -8.96246E-02    55.4333    1.00000    4.19560E-07
   12   -1.15385E-02   -2.00000E-02   -8.96246E-02    55.4333    1.00000    4.19560E-07
   12   -1.15385E-02   -1.80000E-02   -8.96246E-02    55.4333    1.00000    4.19560E-07
   12   -1.15385E-02   -1.60000E-02   -8.96246E-02    55.4333    1.00000    4.19560E-07
   12   -1.15385E-02   -1.40000E-02   -8.96246E-02    55.4333    1.00000    4.19560E-07
   12   -1.15385E-02   -1.20000E-02   -8.96246E-02    55.4333    1.00000    4.19560E-07
   12   -1.15385E-02   -1.00000E-02   -8.96246E-02    55.4333    1.00000    4.19560E-07
   12   -1.15385E-02   -8.00000E-03   -8.96246E-02    55.4333    1.00000    4.19560E-07
   12   -1.15385E-02   -6.00000E-03   -8.96246E-02    55.4333    1.00000    4.19560E-07
   12   -1.15385E-02   -4.00000E-03   -8.96246E-02    55.4333    1.00000    4.19560E-07
   12   -1.15385E-02   -2.00000E-03   -8.96246E-02    55.4333    1.00000    4.19560E-07
   12   -1.15385E-02  0.   -8.96246E-02    55.4333    1.00000    4.19560E-07
   12   -1.15385E-02    2.00000E-03   -8.96246E-02    55.4333    1.00000    4.19560E-07
   12   -1.15385E-02    4.00000E-03   -8.96246E-02    55.4333    1.00000    4.19560E-07
   12   -1.15385E-02    6.00000E-03   -8.96246E-02    55.4333    1.00000    4.19560E-07
   12   -1.15385E-02    8.00000E-03   -8.96246E-02    55.4333    1.00000    4.19560E-07
   12   -1.15385E-02    1.00000E-02   -8.96246E-02    55.4333    1.00000    4.19560E-07
   12   -1.15385E-02    1.20000E-02   -8.96246E-02    55.4333    1.00000    4.19560E-07
   12   -1.15385E-02    1.40000E-02   -8.96246E-02    55.4333    1.00000    4.19560E-07
   12   -1.15385E-02    1.60000E-02   -8.96246E-02    55.4333    1.00000    4.19560E-07
   12   -1.15385E-02    1.80000E-02   -8.96246E-02    55.4333    1.00000    4.19560E-07
   12   -1.15385E-02    2.00000E-02   -8.96246E-02    55.4333    1.00000    4.19560E-07
   12   -1.15385E-02    2.20000E-02   -8.96246E-02    55.4333    1.00000    4.19560E-07
   12   -1.15385E-02    2.40000E-02   -8.96246E-02    55.4333    1.00000    4.19560E-07
   12   -1.15385E-02    2.60000E-02   -8.96286E-02    55.4358    1.00000    4.19560E-07
   12   -1.15385E-02    2.80000E-02   -8.96488E-02    55.4383    1.00000    4.19711E-07
   12   -1.15385E-02    3.00000E-02   -8.96247E-02    55.4433    1.00000    4.19410E-07
   12   -1.15385E-02    3.20000E-02   -8.96608E-02    55.4457    1.00000    4.19711E-07
   12   -1.15385E-02    3.40000E-02   -8.96810E-02    55.4482    1.00000    4.19862E-07
   12   -1.15385E-02    3.60000E-02   -8.96407E-02    55.4533    1.00000    4.19410E-07
   12   -1.15385E-02    3.80000E-02   -8.96568E-02    55.4632    1.00000    4.19410E-07
   12   -1.15385E-02    4.00000E-02  -0.908767    54.7647    1.00000    3.76179E-05
   12   -1.15385E-02    4.20000E-02   -5.07759    52.0466    1.00000    5.88950E-04
   12   -1.15385E-02    4.40000E-02   -9.50379    51.0374    1.00000    9.94522E-04
   12   -1.15385E-02    4.60000E-02   -14.9613    51.5332    1.00000    9.92984E-04
   12   -1.15385E-02    4.80000E-02   -19.4044    55.5636    1.00000    6.48923E-04
   12   -1.15385E-02    5.00000E-02   -77.2208    65.4690    1.00000    6.39120E-04
   12   -7.69231E-03   -5.00000E-02   -18.1695    1.20815    1.00000    6.89914E-10
   12   -7.69231E-03   -4.80000E-02   -18.2064   -4.96944E-02    1.00000    1.95699E-09
   12   -7.69231E-03   -4.60000E-02   -18.1952    2.05074E-02    1.00000    4.12951E-09
   12   -7.69231E-03   -4.40000E-02   -15.7334   10.01733    1.00000    9.05933E-04
   12   -7.69231E-03   -4.20000E-02   -7.62597    32.9120    1.00000    2.14028E-03
   12   -7.69231E-03   -4.00000E-02   -2.27321    43.4217    1.00000    5.26515E-04
   12   -7.69231E-03   -3.80000E-02   -2.27321    43.4217    1.00000    5.26515E-04
   12   -7.69231E-03   -3.60000E-02   -2.27321    43.4217    1.00000    5.26515E-04
   12   -7.69231E-03   -3.40000E-02   -2.32887    43.3446    1.00000    5.47133E-04
   12   -7.69231E-03   -3.20000E-02   -2.32887    43.3446    1.00000    5.47133E-04
   12   -7.69231E-03   -3.00000E-02   -2.32887    43.3446    1.00000    5.47133E-04
   12   -7.69231E-03   -2.80000E-02   -2.32887    43.3446    1.00000    5.47133E-04
   12   -7.69231E-03   -2.60000E-02   -2.32887    43.3446    1.00000    5.47133E-04
   12   -7.69231E-03   -2.40000E-02   -2.32887    43.3446    1.00000    5.47133E-04
   12   -7.69231E-03   -2.20000E-02   -2.32887    43.3446    1.00000    5.47133E-04
   12   -7.69231E-03   -2.00000E-02   -2.38467    43.2674    1.00000    5.67968E-04
   12   -7.69231E-03   -1.80000E-02   -2.38467    43.2674    1.00000    5.67968E-04
   12   -7.69231E-03   -1.60000E-02   -2.38467    43.2674    1.00000    5.67968E-04
   12   -7.69231E-03   -1.40000E-02   -2.38467    43.2674    1.00000    5.67968E-04
   12   -7.69231E-03   -1.20000E-02   -2.38467    43.2674    1.00000    5.67968E-04
   12   -7.69231E-03   -1.00000E-02   -2.38467    43.2674    1.00000    5.67968E-04
   12   -7.69231E-03   -8.00000E-03   -2.44054    43.1901    1.00000    5.88967E-04
   12   -7.69231E-03   -6.00000E-03   -2.44054    43.1901    1.00000    5.88967E-04
   12   -7.69231E-03   -4.00000E-03   -2.44054    43.1901    1.00000    5.88967E-04
   12   -7.69231E-03   -2.00000E-03   -2.44054    43.1901    1.00000    5.88967E-04
   12   -7.69231E-03  0.   -2.44054    43.1901    1.00000    5.88967E-04
   12   -7.69231E-03    2.00000E-03   -2.49649    43.1127    1.00000    6.10128E-04
   12   -7.69231E-03    4.00000E-03   -2.49649    43.1127    1.00000    6.10128E-04
   12   -7.69231E-03    6.00000E-03   -2.49649    43.1127    1.00000    6.10128E-04
   12   -7.69231E-03    8.00000E-03   -2.49649    43.1127    1.00000    6.10128E-04
   12   -7.69231E-03    1.00000E-02   -2.49649    43.1127    1.00000    6.10128E-04
   12   -7.69231E-03    1.20000E-02   -2.49649    43.1127    1.00000    6.10128E-04
   12   -7.69231E-03    1.40000E-02   -2.55258    43.0351    1.00000    6.31464E-04
   12   -7.69231E-03    1.60000E-02   -2.55258    43.0351    1.00000    6.31464E-04
   12   -7.69231E-03    1.80000E-02   -2.55258    43.0351    1.00000    6.31464E-04
   12   -7.69231E-03    2.00000E-02   -2.55258    43.0351    1.00000    6.31464E-04
   12   -7.69231E-03    2.20000E-02   -2.55258    43.0351    1.00000    6.31464E-04
   12   -7.69231E-03    2.40000E-02   -2.60875    42.9575    1.00000    6.52940E-04
   12   -7.69231E-03    2.60000E-02   -2.44349    43.2429    1.00000    5.88955E-04
   12   -7.69231E-03    2.80000E-02   -2.27840    43.5206    1.00000    5.26515E-04
   12   -7.69231E-03    3.00000E-02   -2.78946    42.9028    1.00000    7.18126E-04
   12   -7.69231E-03    3.20000E-02   -3.14315    42.5866    1.00000    8.51063E-04
   12   -7.69231E-03    3.40000E-02   -3.85426    41.7840    1.00000    1.11959E-03
   12   -7.69231E-03    3.60000E-02   -4.23100    41.5195    1.00000    1.25123E-03
   12   -7.69231E-03    3.80000E-02   -4.08263    42.0738    1.00000    1.18581E-03
   12   -7.69231E-03    4.00000E-02   -7.32865    39.8263    1.00000    2.00681E-03
   12   -7.69231E-03    4.20000E-02   -11.0021    38.3863    1.00000    2.04218E-03
   12   -7.69231E-03    4.40000E-02   -13.7243    39.4298    1.00000    1.45540E-03
   12   -7.69231E-03    4.60000E-02   -23.4127    38.7562    1.00000    1.24591E-03
   12   -7.69231E-03    4.80000E-02   -58.8956    34.3948    1.00000    8.53874E-04
   12   -7.69231E-03    5.00000E-02   -133.421    55.6161    1.00000    4.37065E-04
   12   -3.84615E-03   -5.00000E-02   -18.2058  -0.155026    1.00000    3.40509E-11
   12   -3.84615E-03   -4.80000E-02   -18.1827    3.01205E-02    1.00000    8.53823E-10
   12   -3.84615E-03   -4.60000E-02   -18.1952    2.05074E-02    1.00000    4.12951E-09
   12   -3.84615E-03   -4.40000E-02   -16.4730    6.70547    1.00000    7.62569E-04
   12   -3.84615E-03   -4.20000E-02  -10.52810    22.7661    1.00000    3.64658E-03
   12   -3.84615E-03   -4.00000E-02   -6.08150    31.8208    1.00000    3.72117E-03
   12   -3.84615E-03   -3.80000E-02   -6.08150    31.8208    1.00000    3.72117E-03
   12   -3.84615E-03   -3.60000E-02   -6.08150    31.8208    1.00000    3.72117E-03
   12   -3.84615E-03   -3.40000E-02   -6.08150    31.8208    1.00000    3.72117E-03
   12   -3.84615E-03   -3.20000E-02   -6.08150    31.8208    1.00000    3.72117E-03
   12   -3.84615E-03   -3.00000E-02   -6.08150    31.8208    1.00000    3.72117E-03
   12   -3.84615E-03   -2.80000E-02   -6.08150    31.8208    1.00000    3.72117E-03
   12   -3.84615E-03   -2.60000E-02   -6.08150    31.8208    1.00000    3.72117E-03
   12   -3.84615E-03   -2.40000E-02   -6.08150    31.8208    1.00000    3.72117E-03
   12   -3.84615E-03   -2.20000E-02   -6.08150    31.8208    1.00000    3.72117E-03
   12   -3.84615E-03   -2.00000E-02   -6.08150    31.8208    1.00000    3.72117E-03
   12   -3.84615E-03   -1.80000E-02   -6.08150    31.8208    1.00000    3.72117E-03
   12   -3.84615E-03   -1.60000E-02   -6.08150    31.8208    1.00000    3.72117E-03
   12   -3.84615E-03   -1.40000E-02   -6.08150    31.8208    1.00000    3.72117E-03
   12   -3.84615E-03   -1.20000E-02   -6.08150    31.8208    1.00000    3.72117E-03
   12   -3.84615E-03   -1.00000E-02   -6.08150    31.8208    1.00000    3.72117E-03
   12   -3.84615E-03   -8.00000E-03   -6.08150    31.8208    1.00000    3.72117E-03
   12   -3.84615E-03   -6.00000E-03   -6.08150    31.8208    1.00000    3.72117E-03
   12   -3.84615E-03   -4.00000E-03   -6.08150    31.8208    1.00000    3.72117E-03
   12   -3.84615E-03   -2.00000E-03   -6.08150    31.8208    1.00000    3.72117E-03
   12   -3.84615E-03  0.   -6.08150    31.8208    1.00000    3.72117E-03
   12   -3.84615E-03    2.00000E-03   -6.08150    31.8208    1.00000    3.72117E-03
   12   -3.84615E-03    4.00000E-03   -6.08150    31.8208    1.00000    3.72117E-03
   12   -3.84615E-03    6.00000E-03   -6.08150    31.8208    1.00000    3.72117E-03
   12   -3.84615E-03    8.00000E-03   -6.08150    31.8208    1.00000    3.72117E-03
   12   -3.84615E-03    1.00000E-02   -6.08150    31.8208    1.00000    3.72117E-03
   12   -3.84615E-03    1.20000E-02   -6.08150    31.8208    1.00000    3.72117E-03
   12   -3.84615E-03    1.40000E-02   -6.08150    31.8208    1.00000    3.72117E-03
   12   -3.84615E-03    1.60000E-02   -6.08150    31.8208    1.00000    3.72117E-03
   12   -3.84615E-03    1.80000E-02   -6.08150    31.8208    1.00000    3.72117E-03
   12   -3.84615E-03    2.00000E-02   -6.08150    31.8208    1.00000    3.72117E-03
   12   -3.84615E-03    2.20000E-02   -6.08150    31.8208    1.00000    3.72117E-03
   12   -3.84615E-03    2.40000E-02   -6.08150    31.8208    1.00000    3.72117E-03
   12   -3.84615E-03    2.60000E-02   -5.87513    32.2063    1.00000    3.64481E-03
   12   -3.84615E-03    2.80000E-02   -6.16397    31.9586    1.00000    3.73502E-03
   12   -3.84615E-03    3.00000E-02   -6.72675    31.3909    1.00000    3.86102E-03
   12   -3.84615E-03    3.20000E-02   -7.04540    31.2845    1.00000    3.89582E-03
   12   -3.84615E-03    3.40000E-02   -7.61251    30.7847    1.00000    3.90792E-03
   12   -3.84615E-03    3.60000E-02   -7.94050    30.7351    1.00000    3.88505E-03
   12   -3.84615E-03    3.80000E-02   -8.16034    31.1424    1.00000    3.87319E-03
   12   -3.84615E-03    4.00000E-02  -10.46851    30.4789    1.00000    2.88802E-03
   12   -3.84615E-03    4.20000E-02   -11.1658    32.7075    1.00000    1.47982E-03
   12   -3.84615E-03    4.40000E-02   -29.7913    20.5799    1.00000    1.85660E-03
   12   -3.84615E-03    4.60000E-02   -46.4288    19.1605    1.00000    9.64070E-04
   12   -3.84615E-03    4.80000E-02   -72.2203    28.3741    1.00000    5.95028E-04
   12   -3.84615E-03    5.00000E-02   -132.030    61.9043    1.00000    4.61733E-04
   12  0.   -5.00000E-02   -18.2058  -0.155026    1.00000    3.40509E-11
   12  0.   -4.80000E-02   -18.1827    3.01205E-02    1.00000    8.53823E-10
   12  0.   -4.60000E-02   -18.1952    2.05074E-02    1.00000    4.12951E-09
   12  0.   -4.40000E-02   -16.8556    5.15772    1.00000    5.80219E-04
   12  0.   -4.20000E-02   -12.5987    16.3628    1.00000    4.23324E-03
   12  0.   -4.00000E-02   -9.09193    23.6661    1.00000    7.44023E-03
   12  0.   -3.80000E-02   -9.09193    23.6661    1.00000    7.44023E-03
   12  0.   -3.60000E-02   -9.09193    23.6661    1.00000    7.44023E-03
   12  0.   -3.40000E-02   -9.09193    23.6661    1.00000    7.44023E-03
   12  0.   -3.20000E-02   -9.09193    23.6661    1.00000    7.44023E-03
   12  0.   -3.00000E-02   -9.09193    23.6661    1.00000    7.44023E-03
   12  0.   -2.80000E-02   -9.09193    23.6661    1.00000    7.44023E-03
   12  0.   -2.60000E-02   -9.09193    23.6661    1.00000    7.44023E-03
   12  0.   -2.40000E-02   -9.09193    23.6661    1.00000    7.44023E-03
   12  0.   -2.20000E-02   -9.09193    23.6661    1.00000    7.44023E-03
   12  0.   -2.00000E-02   -9.09193    23.6661    1.00000    7.44023E-03
   12  0.   -1.80000E-02   -9.09193    23.6661    1.00000    7.44023E-03
   12  0.   -1.60000E-02   -9.09193    23.6661    1.00000    7.44023E-03
   12  0.   -1.40000E-02   -9.09193    23.6661    1.00000    7.44023E-03
   12  0.   -1.20000E-02   -9.09193    23.6661    1.00000    7.44023E-03
   12  0.   -1.00000E-02   -9.09193    23.6661    1.00000    7.44023E-03
   12  0.   -8.00000E-03   -9.09193    23.6661    1.00000    7.44023E-03
   12  0.   -6.00000E-03   -9.09193    23.6661    1.00000    7.44023E-03
   12  0.   -4.00000E-03   -9.09193    23.6661    1.00000    7.44023E-03
   12  0.   -2.00000E-03   -9.09193    23.6661    1.00000    7.44023E-03
   12  0.  0.   -9.09193    23.6661    1.00000    7.44023E-03
   12  0.    2.00000E-03   -8.96721    23.9498    1.00000    7.28341E-03
   12  0.    4.00000E-03   -8.77748    24.3810    1.00000    7.04313E-03
   12  0.    6.00000E-03   -8.71355    24.5262    1.00000    6.96176E-03
   12  0.    8.00000E-03   -8.60845    24.8026    1.00000    6.83183E-03
   12  0.    1.00000E-02   -8.47857    25.0975    1.00000    6.66554E-03
   12  0.    1.20000E-02   -8.34723    25.3955    1.00000    6.49706E-03
   12  0.    1.40000E-02   -8.21442    25.6968    1.00000    6.32659E-03
   12  0.    1.60000E-02   -8.08014    26.0011    1.00000    6.15425E-03
   12  0.    1.80000E-02   -7.94433    26.3087    1.00000    5.98019E-03
   12  0.    2.00000E-02   -7.87586    26.4638    1.00000    5.89254E-03
   12  0.    2.20000E-02   -7.73780    26.7762    1.00000    5.71633E-03
   12  0.    2.40000E-02   -7.59824    27.0919    1.00000    5.53884E-03
   12  0.    2.60000E-02   -7.33662    27.6086    1.00000    5.44460E-03
   12  0.    2.80000E-02   -7.66175    27.5270    1.00000    5.26827E-03
   12  0.    3.00000E-02   -8.13822    27.2191    1.00000    5.11328E-03
   12  0.    3.20000E-02   -8.34763    27.4615    1.00000    4.87813E-03
   12  0.    3.40000E-02   -8.78604    27.2606    1.00000    4.66278E-03
   12  0.    3.60000E-02   -9.08862    27.3806    1.00000    4.53746E-03
   12  0.    3.80000E-02   -9.47039    27.8055    1.00000    4.33017E-03
   12  0.    4.00000E-02   -10.9210    28.4341    1.00000    2.48602E-03
   12  0.    4.20000E-02   -24.7701    16.5513    1.00000    2.15922E-03
   12  0.    4.40000E-02   -33.3281    17.0319    1.00000    1.61908E-03
   12  0.    4.60000E-02   -49.5421    18.2036    1.00000    8.20602E-04
   12  0.    4.80000E-02   -71.2245    32.5674    1.00000    6.46190E-04
   12  0.    5.00000E-02   -130.033    68.3885    1.00000    4.81015E-04
   12    3.84615E-03   -5.00000E-02   -18.2058  -0.155026    1.00000    3.40509E-11
   12    3.84615E-03   -4.80000E-02   -18.1827    3.01205E-02    1.00000    8.53823E-10
   12    3.84615E-03   -4.60000E-02   -18.1952    2.05074E-02    1.00000    4.12951E-09
   12    3.84615E-03   -4.40000E-02   -17.2466    3.62319    1.00000    3.64189E-04
   12    3.84615E-03   -4.20000E-02   -14.4567    11.4125    1.00000    3.84224E-03
   12    3.84615E-03   -4.00000E-02   -10.8104    19.1573    1.00000    9.23564E-03
   12    3.84615E-03   -3.80000E-02   -10.8104    19.1573    1.00000    9.23564E-03
   12    3.84615E-03   -3.60000E-02   -10.8104    19.1573    1.00000    9.23564E-03
   12    3.84615E-03   -3.40000E-02   -10.8104    19.1573    1.00000    9.23564E-03
   12    3.84615E-03   -3.20000E-02   -10.8104    19.1573    1.00000    9.23564E-03
   12    3.84615E-03   -3.00000E-02   -10.8104    19.1573    1.00000    9.23564E-03
   12    3.84615E-03   -2.80000E-02   -10.8104    19.1573    1.00000    9.23564E-03
   12    3.84615E-03   -2.60000E-02   -10.8651    19.0337    1.00000    9.28641E-03
   12    3.84615E-03   -2.40000E-02   -10.8104    19.1573    1.00000    9.23564E-03
   12    3.84615E-03   -2.20000E-02   -10.6447    19.5318    1.00000    9.07666E-03
   12    3.84615E-03   -2.00000E-02  -10.53267    19.7846    1.00000    8.96521E-03
   12    3.84615E-03   -1.80000E-02  -10.41941    20.0400    1.00000    8.84958E-03
   12    3.84615E-03   -1.60000E-02  -10.24721    20.4281    1.00000    8.66833E-03
   12    3.84615E-03   -1.40000E-02  -10.13083    20.6901    1.00000    8.54249E-03
   12    3.84615E-03   -1.20000E-02  -10.01317    20.9549    1.00000    8.41263E-03
   12    3.84615E-03   -1.00000E-02   -9.89427    21.2222    1.00000    8.27905E-03
   12    3.84615E-03   -8.00000E-03   -9.71360    21.6282    1.00000    8.07194E-03
   12    3.84615E-03   -6.00000E-03   -9.59145    21.9024    1.00000    7.92937E-03
   12    3.84615E-03   -4.00000E-03   -9.46810    22.1793    1.00000    7.78351E-03
   12    3.84615E-03   -2.00000E-03   -9.34336    22.4590    1.00000    7.63436E-03
   12    3.84615E-03  0.   -9.21736    22.7415    1.00000    7.48214E-03
   12    3.84615E-03    2.00000E-03   -9.08998    23.0268    1.00000    7.32691E-03
   12    3.84615E-03    4.00000E-03   -8.96138    23.3148    1.00000    7.16905E-03
   12    3.84615E-03    6.00000E-03   -8.83138    23.6058    1.00000    7.00843E-03
   12    3.84615E-03    8.00000E-03   -8.69991    23.8999    1.00000    6.84508E-03
   12    3.84615E-03    1.00000E-02   -8.56721    24.1966    1.00000    6.67962E-03
   12    3.84615E-03    1.20000E-02   -8.43303    24.4965    1.00000    6.51174E-03
   12    3.84615E-03    1.40000E-02   -8.36543    24.6476    1.00000    6.42710E-03
   12    3.84615E-03    1.60000E-02   -8.26231    24.9183    1.00000    6.30412E-03
   12    3.84615E-03    1.80000E-02   -8.12513    25.2248    1.00000    6.13180E-03
   12    3.84615E-03    2.00000E-02   -7.98653    25.5344    1.00000    5.95785E-03
   12    3.84615E-03    2.20000E-02   -7.91671    25.6903    1.00000    5.87033E-03
   12    3.84615E-03    2.40000E-02   -7.81022    25.9691    1.00000    5.74227E-03
   12    3.84615E-03    2.60000E-02   -7.66330    26.4367    1.00000    5.70858E-03
   12    3.84615E-03    2.80000E-02   -8.13414    26.1316    1.00000    5.47129E-03
   12    3.84615E-03    3.00000E-02   -8.48830    26.0706    1.00000    5.11414E-03
   12    3.84615E-03    3.20000E-02   -8.76335    26.1792    1.00000    4.97093E-03
   12    3.84615E-03    3.40000E-02   -9.12772    26.0978    1.00000    4.57055E-03
   12    3.84615E-03    3.60000E-02   -9.38028    26.2786    1.00000    4.43594E-03
   12    3.84615E-03    3.80000E-02   -9.86418    26.7075    1.00000    3.93791E-03
   12    3.84615E-03    4.00000E-02   -10.9175    28.0430    1.00000    1.99859E-03
   12    3.84615E-03    4.20000E-02   -25.6046    16.1645    1.00000    2.30638E-03
   12    3.84615E-03    4.40000E-02   -36.3887    14.6562    1.00000    1.27847E-03
   12    3.84615E-03    4.60000E-02   -49.1850    21.2442    1.00000    9.02086E-04
   12    3.84615E-03    4.80000E-02   -71.2657    36.2116    1.00000    6.64539E-04
   12    3.84615E-03    5.00000E-02   -133.265    74.9065    1.00000    4.71702E-04
   12    7.69231E-03   -5.00000E-02   -18.1695    1.20815    1.00000    6.89914E-10
   12    7.69231E-03   -4.80000E-02   -18.2064   -4.96944E-02    1.00000    1.95699E-09
   12    7.69231E-03   -4.60000E-02   -18.1952    2.05074E-02    1.00000    4.12951E-09
   12    7.69231E-03   -4.40000E-02   -17.6344    2.13286    1.00000    1.58827E-04
   12    7.69231E-03   -4.20000E-02   -15.0471    9.34075    1.00000    3.30455E-03
   12    7.69231E-03   -4.00000E-02   -11.2711    17.4788    1.00000    9.33247E-03
   12    7.69231E-03   -3.80000E-02   -11.2711    17.4788    1.00000    9.33247E-03
   12    7.69231E-03   -3.60000E-02   -11.2711    17.4788    1.00000    9.33247E-03
   12    7.69231E-03   -3.40000E-02   -11.2711    17.4788    1.00000    9.33247E-03
   12    7.69231E-03   -3.20000E-02   -11.2711    17.4788    1.00000    9.33247E-03
   12    7.69231E-03   -3.00000E-02   -11.2164    17.6006    1.00000    9.29095E-03
   12    7.69231E-03   -2.80000E-02   -11.1062    17.8458    1.00000    9.20439E-03
   12    7.69231E-03   -2.60000E-02   -10.9388    18.2179    1.00000    9.06602E-03
   12    7.69231E-03   -2.40000E-02   -10.8569    18.4370    1.00000    9.01470E-03
   12    7.69231E-03   -2.20000E-02   -10.7433    18.6896    1.00000    8.91334E-03
   12    7.69231E-03   -2.00000E-02  -10.57060    19.0732    1.00000    8.75312E-03
   12    7.69231E-03   -1.80000E-02  -10.45403    19.3319    1.00000    8.64095E-03
   12    7.69231E-03   -1.60000E-02  -10.33632    19.5931    1.00000    8.52473E-03
   12    7.69231E-03   -1.40000E-02  -10.15759    19.9894    1.00000    8.34281E-03
   12    7.69231E-03   -1.20000E-02  -10.03695    20.2568    1.00000    8.21671E-03
   12    7.69231E-03   -1.00000E-02   -9.91510    20.5267    1.00000    8.08680E-03
   12    7.69231E-03   -8.00000E-03   -9.79207    20.7992    1.00000    7.95323E-03
   12    7.69231E-03   -6.00000E-03   -9.66778    21.0743    1.00000    7.81612E-03
   12    7.69231E-03   -4.00000E-03   -9.54234    21.3519    1.00000    7.67567E-03
   12    7.69231E-03   -2.00000E-03   -9.41567    21.6321    1.00000    7.53197E-03
   12    7.69231E-03  0.   -9.28772    21.9150    1.00000    7.38502E-03
   12    7.69231E-03    2.00000E-03   -9.15855    22.2005    1.00000    7.23513E-03
   12    7.69231E-03    4.00000E-03   -9.02808    22.4888    1.00000    7.08226E-03
   12    7.69231E-03    6.00000E-03   -8.89634    22.7798    1.00000    6.92669E-03
   12    7.69231E-03    8.00000E-03   -8.80217    23.0287    1.00000    6.82567E-03
   12    7.69231E-03    1.00000E-02   -8.66833    23.3244    1.00000    6.66543E-03
   12    7.69231E-03    1.20000E-02   -8.53314    23.6230    1.00000    6.50280E-03
   12    7.69231E-03    1.40000E-02   -8.39664    23.9244    1.00000    6.33796E-03
   12    7.69231E-03    1.60000E-02   -8.32792    24.0761    1.00000    6.25486E-03
   12    7.69231E-03    1.80000E-02   -8.18940    24.3818    1.00000    6.08711E-03
   12    7.69231E-03    2.00000E-02   -8.09038    24.6422    1.00000    5.97547E-03
   12    7.69231E-03    2.20000E-02   -8.03057    24.8581    1.00000    5.91870E-03
   12    7.69231E-03    2.40000E-02   -8.03922    24.9225    1.00000    5.94459E-03
   12    7.69231E-03    2.60000E-02   -8.06738    25.1834    1.00000    5.82599E-03
   12    7.69231E-03    2.80000E-02   -8.45644    25.0012    1.00000    5.48184E-03
   12    7.69231E-03    3.00000E-02   -8.75174    25.0389    1.00000    5.01473E-03
   12    7.69231E-03    3.20000E-02   -9.02811    25.1694    1.00000    4.78675E-03
   12    7.69231E-03    3.40000E-02   -9.34442    25.1693    1.00000    4.37640E-03
   12    7.69231E-03    3.60000E-02   -9.52308    25.4643    1.00000    4.11047E-03
   12    7.69231E-03    3.80000E-02   -9.97842    26.0591    1.00000    3.37797E-03
   12    7.69231E-03    4.00000E-02   -13.9004    24.4127    1.00000    2.63714E-03
   12    7.69231E-03    4.20000E-02   -27.4186    14.6276    1.00000    2.07425E-03
   12    7.69231E-03    4.40000E-02   -38.3124    14.2911    1.00000    1.10917E-03
   12    7.69231E-03    4.60000E-02   -48.9056    24.1818    1.00000    9.49494E-04
   12    7.69231E-03    4.80000E-02   -71.1164    40.1099    1.00000    6.75896E-04
   12    7.69231E-03    5.00000E-02   -129.995    81.8254    1.00000    4.81435E-04
   12    1.15385E-02   -5.00000E-02   -18.1691    1.27812    1.00000    2.57160E-10
   12    1.15385E-02   -4.80000E-02   -18.2066   -9.89288E-02    1.00000    6.65973E-09
   12    1.15385E-02   -4.60000E-02   -18.1833    6.96193E-03    1.00000    4.39102E-10
   12    1.15385E-02   -4.40000E-02   -18.0747   0.422197    1.00000    7.66380E-06
   12    1.15385E-02   -4.20000E-02   -15.5607    7.76087    1.00000    2.81660E-03
   12    1.15385E-02   -4.00000E-02   -11.6349    16.0427    1.00000    9.12530E-03
   12    1.15385E-02   -3.80000E-02   -11.6349    16.0427    1.00000    9.12530E-03
   12    1.15385E-02   -3.60000E-02   -11.5806    16.1620    1.00000    9.09544E-03
   12    1.15385E-02   -3.40000E-02   -11.4711    16.4022    1.00000    9.03204E-03
   12    1.15385E-02   -3.20000E-02   -11.3050    16.7664    1.00000    8.92803E-03
   12    1.15385E-02   -3.00000E-02   -11.1366    17.1356    1.00000    8.81348E-03
   12    1.15385E-02   -2.80000E-02   -11.0618    17.3383    1.00000    8.78761E-03
   12    1.15385E-02   -2.60000E-02   -10.9476    17.5885    1.00000    8.70192E-03
   12    1.15385E-02   -2.40000E-02   -10.7745    17.9681    1.00000    8.56502E-03
   12    1.15385E-02   -2.20000E-02   -10.6577    18.2238    1.00000    8.46841E-03
   12    1.15385E-02   -2.00000E-02  -10.48052    18.6118    1.00000    8.31544E-03
   12    1.15385E-02   -1.80000E-02  -10.36106    18.8733    1.00000    8.20827E-03
   12    1.15385E-02   -1.60000E-02  -10.24045    19.1372    1.00000    8.09702E-03
   12    1.15385E-02   -1.40000E-02  -10.11881    19.4034    1.00000    7.98195E-03
   12    1.15385E-02   -1.20000E-02   -9.99602    19.6719    1.00000    7.86296E-03
   12    1.15385E-02   -1.00000E-02   -9.80982    20.0791    1.00000    7.67763E-03
   12    1.15385E-02   -8.00000E-03   -9.68423    20.3536    1.00000    7.54952E-03
   12    1.15385E-02   -6.00000E-03   -9.55748    20.6306    1.00000    7.41803E-03
   12    1.15385E-02   -4.00000E-03   -9.47372    20.8549    1.00000    7.34797E-03
   12    1.15385E-02   -2.00000E-03   -9.34510    21.1361    1.00000    7.21035E-03
   12    1.15385E-02  0.   -9.21534    21.4197    1.00000    7.06965E-03
   12    1.15385E-02    2.00000E-03   -9.08435    21.7060    1.00000    6.92595E-03
   12    1.15385E-02    4.00000E-03   -8.95215    21.9948    1.00000    6.77939E-03
   12    1.15385E-02    6.00000E-03   -8.81875    22.2862    1.00000    6.63016E-03
   12    1.15385E-02    8.00000E-03   -8.75155    22.4330    1.00000    6.55443E-03
   12    1.15385E-02    1.00000E-02   -8.61630    22.7283    1.00000    6.40144E-03
   12    1.15385E-02    1.20000E-02   -8.47978    23.0264    1.00000    6.24599E-03
   12    1.15385E-02    1.40000E-02   -8.34208    23.3270    1.00000    6.08845E-03
   12    1.15385E-02    1.60000E-02   -8.25076    23.5692    1.00000    5.99561E-03
   12    1.15385E-02    1.80000E-02   -8.27512    23.6016    1.00000    6.04725E-03
   12    1.15385E-02    2.00000E-02   -8.22815    23.7897    1.00000    6.01506E-03
   12    1.15385E-02    2.20000E-02   -8.17945    23.9816    1.00000    5.97936E-03
   12    1.15385E-02    2.40000E-02   -8.19877    24.0242    1.00000    6.02279E-03
   12    1.15385E-02    2.60000E-02   -8.34969    24.1673    1.00000    5.70865E-03
   12    1.15385E-02    2.80000E-02   -8.67409    24.0966    1.00000    5.24423E-03
   12    1.15385E-02    3.00000E-02   -8.92279    24.2463    1.00000    4.97895E-03
   12    1.15385E-02    3.20000E-02   -9.10676    24.4699    1.00000    4.44813E-03
   12    1.15385E-02    3.40000E-02   -9.32878    24.6174    1.00000    3.96088E-03
   12    1.15385E-02    3.60000E-02   -9.44505    25.0017    1.00000    3.66139E-03
   12    1.15385E-02    3.80000E-02   -9.54155    26.2817    1.00000    2.47454E-03
   12    1.15385E-02    4.00000E-02   -21.7872    14.4766    1.00000    2.93264E-03
   12    1.15385E-02    4.20000E-02   -29.8496    12.4386    1.00000    1.61874E-03
   12    1.15385E-02    4.40000E-02   -37.8985    17.0318    1.00000    1.23690E-03
   12    1.15385E-02    4.60000E-02   -49.3517    26.8066    1.00000    9.43180E-04
   12    1.15385E-02    4.80000E-02   -70.8355    44.2143    1.00000    7.13777E-04
   12    1.15385E-02    5.00000E-02   -132.796    89.5821    1.00000    4.67464E-04
   12    1.53846E-02   -4.80000E-02   -18.1705   0.144834    1.00000    1.15959E-08
   12    1.53846E-02   -4.60000E-02   -18.2071   -3.84234E-02    1.00000    1.21284E-08
   12    1.53846E-02   -4.40000E-02   -18.2199   -6.96379E-02    1.00000    2.09744E-07
   12    1.53846E-02   -4.20000E-02   -15.9712    6.51857    1.00000    2.38000E-03
   12    1.53846E-02   -4.00000E-02   -11.6500    15.3504    1.00000    8.51218E-03
   12    1.53846E-02   -3.80000E-02   -11.5400    15.5889    1.00000    8.46507E-03
   12    1.53846E-02   -3.60000E-02   -11.4189    15.8911    1.00000    8.44769E-03
   12    1.53846E-02   -3.40000E-02   -11.2504    16.2561    1.00000    8.35915E-03
   12    1.53846E-02   -3.20000E-02   -11.1369    16.5018    1.00000    8.29448E-03
   12    1.53846E-02   -3.00000E-02   -10.9648    16.8744    1.00000    8.18888E-03
   12    1.53846E-02   -2.80000E-02   -10.8490    17.1252    1.00000    8.11304E-03
   12    1.53846E-02   -2.60000E-02   -10.7322    17.3781    1.00000    8.03287E-03
   12    1.53846E-02   -2.40000E-02  -10.55503    17.7615    1.00000    7.90451E-03
   12    1.53846E-02   -2.20000E-02  -10.43567    18.0198    1.00000    7.81365E-03
   12    1.53846E-02   -2.00000E-02  -10.31534    18.2801    1.00000    7.71886E-03
   12    1.53846E-02   -1.80000E-02  -10.18257    18.6090    1.00000    7.63912E-03
   12    1.53846E-02   -1.60000E-02  -10.06009    18.8741    1.00000    7.53500E-03
   12    1.53846E-02   -1.40000E-02   -9.93649    19.1415    1.00000    7.42694E-03
   12    1.53846E-02   -1.20000E-02   -9.81191    19.4111    1.00000    7.31540E-03
   12    1.53846E-02   -1.00000E-02   -9.68619    19.6831    1.00000    7.20000E-03
   12    1.53846E-02   -8.00000E-03   -9.55948    19.9572    1.00000    7.08128E-03
   12    1.53846E-02   -6.00000E-03   -9.43169    20.2336    1.00000    6.95908E-03
   12    1.53846E-02   -4.00000E-03   -9.30276    20.5125    1.00000    6.83364E-03
   12    1.53846E-02   -2.00000E-03   -9.17273    20.7936    1.00000    6.70502E-03
   12    1.53846E-02  0.   -9.09415    21.0065    1.00000    6.64693E-03
   12    1.53846E-02    2.00000E-03   -8.96229    21.2918    1.00000    6.51268E-03
   12    1.53846E-02    4.00000E-03   -8.82922    21.5797    1.00000    6.37546E-03
   12    1.53846E-02    6.00000E-03   -8.69509    21.8698    1.00000    6.23576E-03
   12    1.53846E-02    8.00000E-03   -8.55972    22.1626    1.00000    6.09336E-03
   12    1.53846E-02    1.00000E-02   -8.49158    22.3099    1.00000    6.02120E-03
   12    1.53846E-02    1.20000E-02   -8.35447    22.6064    1.00000    5.87536E-03
   12    1.53846E-02    1.40000E-02   -8.32471    22.7584    1.00000    5.87475E-03
   12    1.53846E-02    1.60000E-02   -8.29306    22.9145    1.00000    5.87054E-03
   12    1.53846E-02    1.80000E-02   -8.32872    22.9243    1.00000    5.93892E-03
   12    1.53846E-02    2.00000E-02   -8.29338    23.0880    1.00000    5.92823E-03
   12    1.53846E-02    2.20000E-02   -8.25614    23.2557    1.00000    5.91379E-03
   12    1.53846E-02    2.40000E-02   -8.28655    23.2760    1.00000    5.97432E-03
   12    1.53846E-02    2.60000E-02   -8.49315    23.4152    1.00000    5.36367E-03
   12    1.53846E-02    2.80000E-02   -8.73249    23.4873    1.00000    4.79548E-03
   12    1.53846E-02    3.00000E-02   -8.93148    23.7145    1.00000    4.48383E-03
   12    1.53846E-02    3.20000E-02   -9.00846    24.1067    1.00000    3.88975E-03
   12    1.53846E-02    3.40000E-02   -9.19063    24.3339    1.00000    3.40890E-03
   12    1.53846E-02    3.60000E-02   -9.98055    23.8371    1.00000    3.57626E-03
   12    1.53846E-02    3.80000E-02   -12.1764    22.6914    1.00000    3.02100E-03
   12    1.53846E-02    4.00000E-02   -22.8360    13.8502    1.00000    2.82570E-03
   12    1.53846E-02    4.20000E-02   -29.4599    14.9517    1.00000    1.77929E-03
   12    1.53846E-02    4.40000E-02   -38.0371    19.3529    1.00000    1.26388E-03
   12    1.53846E-02    4.60000E-02   -49.4954    29.5819    1.00000    9.41304E-04
   12    1.53846E-02    4.80000E-02   -71.4656    48.4372    1.00000    6.93734E-04
   12    1.53846E-02    5.00000E-02   -137.866    97.5214    1.00000    4.46165E-04
   12    1.92308E-02   -4.80000E-02   -18.1943    8.20532E-03    1.00000    2.56448E-11
   12    1.92308E-02   -4.60000E-02   -18.1832    5.54276E-02    1.00000    2.07712E-08
   12    1.92308E-02   -4.40000E-02   -18.1959    7.18673E-03    1.00000    2.08254E-09
   12    1.92308E-02   -4.20000E-02   -16.4466    5.08696    1.00000    1.75064E-03
   12    1.92308E-02   -4.00000E-02   -13.8741    10.9193    1.00000    7.67118E-03
   12    1.92308E-02   -3.80000E-02   -11.2376    15.5847    1.00000    7.62964E-03
   12    1.92308E-02   -3.60000E-02   -11.0678    15.9484    1.00000    7.55887E-03
   12    1.92308E-02   -3.40000E-02   -10.8962    16.3163    1.00000    7.47820E-03
   12    1.92308E-02   -3.20000E-02   -10.8365    16.4865    1.00000    7.49125E-03
   12    1.92308E-02   -3.00000E-02   -10.7204    16.7355    1.00000    7.42859E-03
   12    1.92308E-02   -2.80000E-02  -10.54446    17.1127    1.00000    7.32660E-03
   12    1.92308E-02   -2.60000E-02  -10.42607    17.3665    1.00000    7.25344E-03
   12    1.92308E-02   -2.40000E-02  -10.24666    17.7511    1.00000    7.13613E-03
   12    1.92308E-02   -2.20000E-02  -10.12579    18.0102    1.00000    7.05274E-03
   12    1.92308E-02   -2.00000E-02  -10.00404    18.2711    1.00000    6.96557E-03
   12    1.92308E-02   -1.80000E-02   -9.93936    18.4531    1.00000    6.95174E-03
   12    1.92308E-02   -1.60000E-02   -9.81596    18.7177    1.00000    6.85749E-03
   12    1.92308E-02   -1.40000E-02   -9.62908    19.1185    1.00000    6.70945E-03
   12    1.92308E-02   -1.20000E-02   -9.50321    19.3884    1.00000    6.60625E-03
   12    1.92308E-02   -1.00000E-02   -9.37626    19.6605    1.00000    6.49950E-03
   12    1.92308E-02   -8.00000E-03   -9.24833    19.9348    1.00000    6.38960E-03
   12    1.92308E-02   -6.00000E-03   -9.11935    20.2113    1.00000    6.27635E-03
   12    1.92308E-02   -4.00000E-03   -9.04932    20.4057    1.00000    6.23951E-03
   12    1.92308E-02   -2.00000E-03   -8.91858    20.6861    1.00000    6.12040E-03
   12    1.92308E-02  0.   -8.78679    20.9688    1.00000    5.99842E-03
   12    1.92308E-02    2.00000E-03   -8.72044    21.1110    1.00000    5.93634E-03
   12    1.92308E-02    4.00000E-03   -8.58699    21.3972    1.00000    5.81018E-03
   12    1.92308E-02    6.00000E-03   -8.45239    21.6859    1.00000    5.68139E-03
   12    1.92308E-02    8.00000E-03   -8.31670    21.9769    1.00000    5.55018E-03
   12    1.92308E-02    1.00000E-02   -8.24158    22.1830    1.00000    5.49630E-03
   12    1.92308E-02    1.20000E-02   -8.29484    22.1585    1.00000    5.58701E-03
   12    1.92308E-02    1.40000E-02   -8.27759    22.2850    1.00000    5.60697E-03
   12    1.92308E-02    1.60000E-02   -8.25833    22.4157    1.00000    5.62344E-03
   12    1.92308E-02    1.80000E-02   -8.23703    22.5506    1.00000    5.63627E-03
   12    1.92308E-02    2.00000E-02   -8.28277    22.5408    1.00000    5.71759E-03
   12    1.92308E-02    2.20000E-02   -8.25760    22.6836    1.00000    5.72418E-03
   12    1.92308E-02    2.40000E-02   -8.42948    22.5900    1.00000    5.52710E-03
   12    1.92308E-02    2.60000E-02   -8.48086    22.9729    1.00000    4.75202E-03
   12    1.92308E-02    2.80000E-02   -8.60417    23.2170    1.00000    4.16483E-03
   12    1.92308E-02    3.00000E-02   -8.73425    23.5462    1.00000    3.82128E-03
   12    1.92308E-02    3.20000E-02   -9.56798    22.9139    1.00000    3.84773E-03
   12    1.92308E-02    3.40000E-02  -10.34331    22.4217    1.00000    3.99654E-03
   12    1.92308E-02    3.60000E-02   -11.6367    21.2198    1.00000    4.19461E-03
   12    1.92308E-02    3.80000E-02   -19.1525    13.1113    1.00000    3.37140E-03
   12    1.92308E-02    4.00000E-02   -22.4911    16.3204    1.00000    2.80817E-03
   12    1.92308E-02    4.20000E-02   -28.3278    18.5813    1.00000    2.04209E-03
   12    1.92308E-02    4.40000E-02   -37.9225    21.8202    1.00000    1.28535E-03
   12    1.92308E-02    4.60000E-02   -50.1333    32.3578    1.00000    9.09149E-04
   12    1.92308E-02    4.80000E-02   -72.7759    52.6112    1.00000    6.63792E-04
   12    1.92308E-02    5.00000E-02   -140.215    106.555    1.00000    4.29369E-04
   12    2.30769E-02   -4.80000E-02   -18.2182  -0.159194    1.00000    6.40569E-09
   12    2.30769E-02   -4.60000E-02   -18.1950   -7.55608E-03    1.00000    3.17251E-10
   12    2.30769E-02   -4.40000E-02   -18.2197   -4.12230E-02    1.00000    6.04516E-08
   12    2.30769E-02   -4.20000E-02   -17.0655    3.35167    1.00000    9.00405E-04
   12    2.30769E-02   -4.00000E-02   -14.3454    9.58839    1.00000    6.69146E-03
   12    2.30769E-02   -3.80000E-02   -14.3105    9.70906    1.00000    6.63603E-03
   12    2.30769E-02   -3.60000E-02   -14.2888    9.78703    1.00000    6.59392E-03
   12    2.30769E-02   -3.40000E-02   -14.2328    9.96544    1.00000    6.60012E-03
   12    2.30769E-02   -3.20000E-02   -14.2134   10.03962    1.00000    6.54847E-03
   12    2.30769E-02   -3.00000E-02  -10.27574    16.9866    1.00000    6.49274E-03
   12    2.30769E-02   -2.80000E-02  -10.09872    17.3632    1.00000    6.40181E-03
   12    2.30769E-02   -2.60000E-02   -9.97955    17.6168    1.00000    6.33618E-03
   12    2.30769E-02   -2.40000E-02   -9.85953    17.8722    1.00000    6.26684E-03
   12    2.30769E-02   -2.20000E-02   -9.74428    18.1625    1.00000    6.23687E-03
   12    2.30769E-02   -2.00000E-02   -9.62220    18.4224    1.00000    6.15871E-03
   12    2.30769E-02   -1.80000E-02   -9.49918    18.6842    1.00000    6.07698E-03
   12    2.30769E-02   -1.60000E-02   -9.37517    18.9482    1.00000    5.99168E-03
   12    2.30769E-02   -1.40000E-02   -9.25021    19.2142    1.00000    5.90298E-03
   12    2.30769E-02   -1.20000E-02   -9.12437    19.4820    1.00000    5.81104E-03
   12    2.30769E-02   -1.00000E-02   -9.06497    19.6541    1.00000    5.79862E-03
   12    2.30769E-02   -8.00000E-03   -8.93732    19.9259    1.00000    5.70039E-03
   12    2.30769E-02   -6.00000E-03   -8.80869    20.1998    1.00000    5.59910E-03
   12    2.30769E-02   -4.00000E-03   -8.67904    20.4759    1.00000    5.49485E-03
   12    2.30769E-02   -2.00000E-03   -8.54835    20.7541    1.00000    5.38768E-03
   12    2.30769E-02  0.   -8.41659    21.0347    1.00000    5.27771E-03
   12    2.30769E-02    2.00000E-03   -8.35257    21.2172    1.00000    5.24872E-03
   12    2.30769E-02    4.00000E-03   -8.21902    21.5017    1.00000    5.13358E-03
   12    2.30769E-02    6.00000E-03   -8.15181    21.6448    1.00000    5.07509E-03
   12    2.30769E-02    8.00000E-03   -8.01660    21.9328    1.00000    4.95630E-03
   12    2.30769E-02    1.00000E-02   -8.08591    21.9239    1.00000    5.08398E-03
   12    2.30769E-02    1.20000E-02   -8.08412    22.0197    1.00000    5.12524E-03
   12    2.30769E-02    1.40000E-02   -8.14829    21.9744    1.00000    5.22655E-03
   12    2.30769E-02    1.60000E-02   -8.14224    22.0786    1.00000    5.26236E-03
   12    2.30769E-02    1.80000E-02   -8.13401    22.1873    1.00000    5.29467E-03
   12    2.30769E-02    2.00000E-02   -8.25475    22.0646    1.00000    5.47026E-03
   12    2.30769E-02    2.20000E-02   -8.24158    22.1830    1.00000    5.49630E-03
   12    2.30769E-02    2.40000E-02   -8.33998    22.2874    1.00000    4.86065E-03
   12    2.30769E-02    2.60000E-02   -8.34024    22.7712    1.00000    4.09928E-03
   12    2.30769E-02    2.80000E-02   -9.17873    22.0266    1.00000    4.10408E-03
   12    2.30769E-02    3.00000E-02   -9.98173    21.4161    1.00000    4.32802E-03
   12    2.30769E-02    3.20000E-02   -11.1883    20.3003    1.00000    4.49107E-03
   12    2.30769E-02    3.40000E-02   -11.0329    21.6624    1.00000    4.24573E-03
   12    2.30769E-02    3.60000E-02   -11.0681    22.9377    1.00000    3.85061E-03
   12    2.30769E-02    3.80000E-02   -13.4776    23.6568    1.00000    3.18209E-03
   12    2.30769E-02    4.00000E-02   -22.2410    18.6942    1.00000    2.68889E-03
   12    2.30769E-02    4.20000E-02   -28.2220    20.9324    1.00000    1.98643E-03
   12    2.30769E-02    4.40000E-02   -38.3053    24.0942    1.00000    1.24950E-03
   12    2.30769E-02    4.60000E-02   -49.7767    35.9467    1.00000    9.43128E-04
   12    2.30769E-02    4.80000E-02   -73.8752    56.9550    1.00000    6.30773E-04
   12    2.30769E-02    5.00000E-02   -150.996    117.984    1.00000    3.97012E-04
   12    2.69231E-02   -4.80000E-02   -18.2060   -2.96239E-02    1.00000    1.03762E-10
   12    2.69231E-02   -4.60000E-02   -18.2188   -8.93947E-02    1.00000    3.61404E-08
   12    2.69231E-02   -4.40000E-02   -18.1838    3.03279E-02    1.00000    2.86516E-08
   12    2.69231E-02   -4.20000E-02   -17.5170    2.01227    1.00000    3.79525E-04
   12    2.69231E-02   -4.00000E-02   -14.5987    8.87270    1.00000    6.43218E-03
   12    2.69231E-02   -3.80000E-02   -14.4857    9.16579    1.00000    6.55639E-03
   12    2.69231E-02   -3.60000E-02   -14.4610    9.24797    1.00000    6.53062E-03
   12    2.69231E-02   -3.40000E-02   -14.4376    9.32819    1.00000    6.50040E-03
   12    2.69231E-02   -3.20000E-02   -14.4045    9.44517    1.00000    6.44757E-03
   12    2.69231E-02   -3.00000E-02   -14.3839    9.52077    1.00000    6.40733E-03
   12    2.69231E-02   -2.80000E-02   -14.3555    9.63007    1.00000    6.33907E-03
   12    2.69231E-02   -2.60000E-02   -14.3382    9.70030    1.00000    6.28868E-03
   12    2.69231E-02   -2.40000E-02   -14.3224    9.76809    1.00000    6.23414E-03
   12    2.69231E-02   -2.20000E-02  -10.00818    17.3749    1.00000    6.17597E-03
   12    2.69231E-02   -2.00000E-02   -9.88939    17.6272    1.00000    6.11377E-03
   12    2.69231E-02   -1.80000E-02   -9.70957    18.0093    1.00000    6.01362E-03
   12    2.69231E-02   -1.60000E-02   -9.58846    18.2666    1.00000    5.94211E-03
   12    2.69231E-02   -1.40000E-02   -9.46646    18.5258    1.00000    5.86711E-03
   12    2.69231E-02   -1.20000E-02   -9.34358    18.7868    1.00000    5.78862E-03
   12    2.69231E-02   -1.00000E-02   -9.21964    19.0501    1.00000    5.70658E-03
   12    2.69231E-02   -8.00000E-03   -9.09479    19.3154    1.00000    5.62121E-03
   12    2.69231E-02   -6.00000E-03   -8.96907    19.5825    1.00000    5.53274E-03
   12    2.69231E-02   -4.00000E-03   -8.90577    19.7170    1.00000    5.48718E-03
   12    2.69231E-02   -2.00000E-03   -8.77846    19.9874    1.00000    5.39383E-03
   12    2.69231E-02  0.   -8.65011    20.2601    1.00000    5.29741E-03
   12    2.69231E-02    2.00000E-03   -8.52085    20.5347    1.00000    5.19824E-03
   12    2.69231E-02    4.00000E-03   -8.39055    20.8115    1.00000    5.09621E-03
   12    2.69231E-02    6.00000E-03   -8.25917    21.0906    1.00000    4.99144E-03
   12    2.69231E-02    8.00000E-03   -8.19303    21.2311    1.00000    4.93796E-03
   12    2.69231E-02    1.00000E-02   -8.06019    21.5134    1.00000    4.82947E-03
   12    2.69231E-02    1.20000E-02   -7.92616    21.7981    1.00000    4.71847E-03
   12    2.69231E-02    1.40000E-02   -7.93113    21.8346    1.00000    4.74614E-03
   12    2.69231E-02    1.60000E-02   -8.01015    21.8070    1.00000    4.88294E-03
   12    2.69231E-02    1.80000E-02   -8.01506    21.8897    1.00000    4.93266E-03
   12    2.69231E-02    2.00000E-02   -8.08547    21.8325    1.00000    5.03952E-03
   12    2.69231E-02    2.20000E-02   -8.08591    21.9239    1.00000    5.08398E-03
   12    2.69231E-02    2.40000E-02   -8.36055    21.9092    1.00000    4.27616E-03
   12    2.69231E-02    2.60000E-02   -9.57053    20.6437    1.00000    4.63573E-03
   12    2.69231E-02    2.80000E-02   -9.77148    21.2553    1.00000    4.53373E-03
   12    2.69231E-02    3.00000E-02   -9.53584    22.9772    1.00000    4.00034E-03
   12    2.69231E-02    3.20000E-02   -9.57996    24.1833    1.00000    3.63956E-03
   12    2.69231E-02    3.40000E-02   -9.01238    26.3753    1.00000    3.17836E-03
   12    2.69231E-02    3.60000E-02   -9.18451    27.3091    1.00000    2.90271E-03
   12    2.69231E-02    3.80000E-02   -13.0855    26.1458    1.00000    2.86460E-03
   12    2.69231E-02    4.00000E-02   -18.5281    25.5964    1.00000    2.56866E-03
   12    2.69231E-02    4.20000E-02   -28.1630    23.2640    1.00000    1.88680E-03
   12    2.69231E-02    4.40000E-02   -38.2905    26.7412    1.00000    1.28276E-03
   12    2.69231E-02    4.60000E-02   -50.6390    38.8794    1.00000    8.91394E-04
   12    2.69231E-02    4.80000E-02   -75.9961    61.4922    1.00000    5.93827E-04
   12    2.69231E-02    5.00000E-02   -153.969    128.966    1.00000    4.01871E-04
   12    3.07692E-02   -4.80000E-02   -18.2179  -0.338901    1.00000    5.81437E-09
   12    3.07692E-02   -4.60000E-02   -18.2068   -2.66152E-02    1.00000    2.25601E-09
   12    3.07692E-02   -4.40000E-02   -18.1716    7.43205E-02    1.00000    1.39125E-07
   12    3.07692E-02   -4.20000E-02   -18.0996   0.292684    1.00000    9.37415E-06
   12    3.07692E-02   -4.00000E-02   -14.9898    7.94118    1.00000    5.83065E-03
   12    3.07692E-02   -3.80000E-02   -14.6093    8.77594    1.00000    6.62041E-03
   12    3.07692E-02   -3.60000E-02   -14.5801    8.86525    1.00000    6.61360E-03
   12    3.07692E-02   -3.40000E-02   -14.5519    8.95313    1.00000    6.60262E-03
   12    3.07692E-02   -3.20000E-02   -14.5114    9.08197    1.00000    6.57805E-03
   12    3.07692E-02   -3.00000E-02   -14.4857    9.16579    1.00000    6.55639E-03
   12    3.07692E-02   -2.80000E-02   -14.4610    9.24797    1.00000    6.53062E-03
   12    3.07692E-02   -2.60000E-02   -14.4262    9.36772    1.00000    6.48389E-03
   12    3.07692E-02   -2.40000E-02   -14.4045    9.44517    1.00000    6.44757E-03
   12    3.07692E-02   -2.20000E-02   -14.3839    9.52077    1.00000    6.40733E-03
   12    3.07692E-02   -2.00000E-02   -14.3647    9.59416    1.00000    6.36282E-03
   12    3.07692E-02   -1.80000E-02   -14.3467    9.66544    1.00000    6.31433E-03
   12    3.07692E-02   -1.60000E-02   -14.3301    9.73448    1.00000    6.26190E-03
   12    3.07692E-02   -1.40000E-02  -10.06721    17.2494    1.00000    6.20550E-03
   12    3.07692E-02   -1.20000E-02   -9.94891    17.5008    1.00000    6.14534E-03
   12    3.07692E-02   -1.00000E-02   -9.82970    17.7541    1.00000    6.08133E-03
   12    3.07692E-02   -8.00000E-03   -9.70957    18.0093    1.00000    6.01362E-03
   12    3.07692E-02   -6.00000E-03   -9.58846    18.2666    1.00000    5.94211E-03
   12    3.07692E-02   -4.00000E-03   -9.46646    18.5258    1.00000    5.86711E-03
   12    3.07692E-02   -2.00000E-03   -9.34358    18.7868    1.00000    5.78862E-03
   12    3.07692E-02  0.   -9.21964    19.0501    1.00000    5.70658E-03
   12    3.07692E-02    2.00000E-03   -9.15731    19.1825    1.00000    5.66430E-03
   12    3.07692E-02    4.00000E-03   -9.03202    19.4487    1.00000    5.57738E-03
   12    3.07692E-02    6.00000E-03   -8.90577    19.7170    1.00000    5.48718E-03
   12    3.07692E-02    8.00000E-03   -8.77846    19.9874    1.00000    5.39383E-03
   12    3.07692E-02    1.00000E-02   -8.71446    20.1234    1.00000    5.34613E-03
   12    3.07692E-02    1.20000E-02   -8.58568    20.3970    1.00000    5.24832E-03
   12    3.07692E-02    1.40000E-02   -8.45580    20.6729    1.00000    5.14753E-03
   12    3.07692E-02    1.60000E-02   -8.39055    20.8115    1.00000    5.09621E-03
   12    3.07692E-02    1.80000E-02   -8.25917    21.0906    1.00000    4.99144E-03
   12    3.07692E-02    2.00000E-02   -8.19303    21.2311    1.00000    4.93796E-03
   12    3.07692E-02    2.20000E-02   -7.55499    22.9137    1.00000    4.13280E-03
   12    3.07692E-02    2.40000E-02   -8.01475    23.3460    1.00000    3.91404E-03
   12    3.07692E-02    2.60000E-02   -7.92219    24.8035    1.00000    3.45851E-03
   12    3.07692E-02    2.80000E-02   -7.08619    27.4666    1.00000    2.71713E-03
   12    3.07692E-02    3.00000E-02   -7.24750    28.3558    1.00000    2.52511E-03
   12    3.07692E-02    3.20000E-02   -6.81785    30.1684    1.00000    2.15812E-03
   12    3.07692E-02    3.40000E-02   -7.16385    30.7118    1.00000    2.11254E-03
   12    3.07692E-02    3.60000E-02   -7.45058    31.3441    1.00000    1.98633E-03
   12    3.07692E-02    3.80000E-02   -11.9832    29.6744    1.00000    2.45545E-03
   12    3.07692E-02    4.00000E-02   -18.3556    27.8766    1.00000    2.34185E-03
   12    3.07692E-02    4.20000E-02   -26.0261    27.9781    1.00000    1.87067E-03
   12    3.07692E-02    4.40000E-02   -38.7401    29.1153    1.00000    1.21506E-03
   12    3.07692E-02    4.60000E-02   -51.4627    42.0848    1.00000    8.38538E-04
   12    3.07692E-02    4.80000E-02   -77.3323    66.7174    1.00000    5.91265E-04
   12    3.07692E-02    5.00000E-02   -159.227    140.526    1.00000    3.78626E-04
