   10   -3.07692E-02   -4.80000E-02  0.    1010.23    1.00000  0.
   10   -3.07692E-02   -4.60000E-02   0.122935    1014.95    1.00000    5.29396E-17
   10   -3.07692E-02   -4.40000E-02   0.121814    1013.49    1.00000    5.29396E-17
   10   -3.07692E-02   -4.20000E-02    6.09368E-02    1011.06    1.00000    1.32349E-17
   10   -3.07692E-02   -4.00000E-02  0.    1010.23    1.00000  0.
   10   -3.07692E-02   -3.80000E-02   -3.51603E-04    1010.23    1.00000    4.40562E-22
   10   -3.07692E-02   -3.60000E-02   -3.51603E-04    1010.23    1.00000    4.40562E-22
   10   -3.07692E-02   -3.40000E-02   -3.51603E-04    1010.23    1.00000    4.40562E-22
   10   -3.07692E-02   -3.20000E-02   -3.51603E-04    1010.23    1.00000    4.40562E-22
   10   -3.07692E-02   -3.00000E-02   -3.51603E-04    1010.23    1.00000    4.40562E-22
   10   -3.07692E-02   -2.80000E-02   -3.51603E-04    1010.23    1.00000    4.40562E-22
   10   -3.07692E-02   -2.60000E-02   -3.51603E-04    1010.23    1.00000    4.40562E-22
   10   -3.07692E-02   -2.40000E-02   -3.51603E-04    1010.23    1.00000    4.40562E-22
   10   -3.07692E-02   -2.20000E-02   -3.51603E-04    1010.23    1.00000    4.40562E-22
   10   -3.07692E-02   -2.00000E-02   -3.51603E-04    1010.23    1.00000    4.40562E-22
   10   -3.07692E-02   -1.80000E-02   -3.51603E-04    1010.23    1.00000    4.40562E-22
   10   -3.07692E-02   -1.60000E-02   -3.51603E-04    1010.23    1.00000    4.40562E-22
   10   -3.07692E-02   -1.40000E-02   -3.51603E-04    1010.23    1.00000    4.40562E-22
   10   -3.07692E-02   -1.20000E-02   -3.51603E-04    1010.23    1.00000    4.40562E-22
   10   -3.07692E-02   -1.00000E-02   -3.51603E-04    1010.23    1.00000    4.40562E-22
   10   -3.07692E-02   -8.00000E-03   -3.51603E-04    1010.23    1.00000    4.40562E-22
   10   -3.07692E-02   -6.00000E-03   -3.51603E-04    1010.23    1.00000    4.40562E-22
   10   -3.07692E-02   -4.00000E-03   -3.51603E-04    1010.23    1.00000    4.40562E-22
   10   -3.07692E-02   -2.00000E-03   -3.51603E-04    1010.23    1.00000    4.40562E-22
   10   -3.07692E-02  0.   -3.51603E-04    1010.23    1.00000    4.40562E-22
   10   -3.07692E-02    2.00000E-03   -3.51603E-04    1010.23    1.00000    4.40562E-22
   10   -3.07692E-02    4.00000E-03   -3.51603E-04    1010.23    1.00000    4.40562E-22
   10   -3.07692E-02    6.00000E-03   -3.51603E-04    1010.23    1.00000    4.40562E-22
   10   -3.07692E-02    8.00000E-03   -3.51603E-04    1010.23    1.00000    4.40562E-22
   10   -3.07692E-02    1.00000E-02   -3.51603E-04    1010.23    1.00000    4.40562E-22
   10   -3.07692E-02    1.20000E-02   -3.51603E-04    1010.23    1.00000    4.40562E-22
   10   -3.07692E-02    1.40000E-02   -3.51603E-04    1010.23    1.00000    4.40562E-22
   10   -3.07692E-02    1.60000E-02   -3.51603E-04    1010.23    1.00000    4.40562E-22
   10   -3.07692E-02    1.80000E-02   -3.51603E-04    1010.23    1.00000    4.40562E-22
   10   -3.07692E-02    2.00000E-02   -3.51603E-04    1010.23    1.00000    4.40562E-22
   10   -3.07692E-02    2.20000E-02   -3.51603E-04    1010.23    1.00000    4.40562E-22
   10   -3.07692E-02    2.40000E-02   -3.51603E-04    1010.23    1.00000    4.40562E-22
   10   -3.07692E-02    2.60000E-02    1.90441E-03    1010.23    1.00000    1.29247E-20
   10   -3.07692E-02    2.80000E-02  0.    1010.23    1.00000  0.
   10   -3.07692E-02    3.00000E-02   -7.61749E-03    1010.25    1.00000    2.06795E-19
   10   -3.07692E-02    3.20000E-02   -1.52352E-02    1010.28    1.00000    8.27181E-19
   10   -3.07692E-02    3.40000E-02    1.52337E-02    1010.18    1.00000    8.27181E-19
   10   -3.07692E-02    3.60000E-02    1.52354E-02    1010.17    1.00000    8.27181E-19
   10   -3.07692E-02    3.80000E-02  0.    1010.23    1.00000  0.
   10   -3.07692E-02    4.00000E-02   -3.04673E-02    1010.54    1.00000    3.30872E-18
   10   -3.07692E-02    4.20000E-02   -6.09956E-02    1011.06    1.00000    1.32349E-17
   10   -3.07692E-02    4.40000E-02    6.10019E-02    1009.21    1.00000    1.32349E-17
   10   -3.07692E-02    4.60000E-02   -6.09003E-02    1011.43    1.00000    1.32349E-17
   10   -3.07692E-02    4.80000E-02  -0.121997    1013.07    1.00000    5.29396E-17
   10   -3.07692E-02    5.00000E-02   0.121506    1007.04    1.00000    5.29396E-17
   10   -2.69231E-02   -4.80000E-02  0.    242.475    1.00000  0.
   10   -2.69231E-02   -4.60000E-02   -6.63066E-03    242.417    1.00000    8.47033E-16
   10   -2.69231E-02   -4.40000E-02    6.63409E-03    242.516    1.00000    8.47033E-16
   10   -2.69231E-02   -4.20000E-02    3.31681E-03    242.486    1.00000    2.11758E-16
   10   -2.69231E-02   -4.00000E-02   -1.03650E-04    242.475    1.00000    2.06795E-19
   10   -2.69231E-02   -3.80000E-02   -1.06953E-04    242.475    1.00000    2.20188E-19
   10   -2.69231E-02   -3.60000E-02   -1.06953E-04    242.475    1.00000    2.20188E-19
   10   -2.69231E-02   -3.40000E-02   -1.06953E-04    242.475    1.00000    2.20188E-19
   10   -2.69231E-02   -3.20000E-02   -1.06953E-04    242.475    1.00000    2.20188E-19
   10   -2.69231E-02   -3.00000E-02   -1.06953E-04    242.475    1.00000    2.20188E-19
   10   -2.69231E-02   -2.80000E-02   -1.06953E-04    242.475    1.00000    2.20188E-19
   10   -2.69231E-02   -2.60000E-02   -1.06953E-04    242.475    1.00000    2.20188E-19
   10   -2.69231E-02   -2.40000E-02   -1.06953E-04    242.475    1.00000    2.20188E-19
   10   -2.69231E-02   -2.20000E-02   -1.06953E-04    242.475    1.00000    2.20188E-19
   10   -2.69231E-02   -2.00000E-02   -1.06953E-04    242.475    1.00000    2.20188E-19
   10   -2.69231E-02   -1.80000E-02   -1.06953E-04    242.475    1.00000    2.20188E-19
   10   -2.69231E-02   -1.60000E-02   -1.06953E-04    242.475    1.00000    2.20188E-19
   10   -2.69231E-02   -1.40000E-02   -1.06953E-04    242.475    1.00000    2.20188E-19
   10   -2.69231E-02   -1.20000E-02   -1.06953E-04    242.475    1.00000    2.20188E-19
   10   -2.69231E-02   -1.00000E-02   -1.06953E-04    242.475    1.00000    2.20188E-19
   10   -2.69231E-02   -8.00000E-03   -1.06953E-04    242.475    1.00000    2.20188E-19
   10   -2.69231E-02   -6.00000E-03   -1.06953E-04    242.475    1.00000    2.20188E-19
   10   -2.69231E-02   -4.00000E-03   -1.06953E-04    242.475    1.00000    2.20188E-19
   10   -2.69231E-02   -2.00000E-03   -1.06953E-04    242.475    1.00000    2.20188E-19
   10   -2.69231E-02  0.   -1.06953E-04    242.475    1.00000    2.20188E-19
   10   -2.69231E-02    2.00000E-03   -1.06953E-04    242.475    1.00000    2.20188E-19
   10   -2.69231E-02    4.00000E-03   -1.06953E-04    242.475    1.00000    2.20188E-19
   10   -2.69231E-02    6.00000E-03   -1.06953E-04    242.475    1.00000    2.20188E-19
   10   -2.69231E-02    8.00000E-03   -1.06953E-04    242.475    1.00000    2.20188E-19
   10   -2.69231E-02    1.00000E-02   -1.06953E-04    242.475    1.00000    2.20188E-19
   10   -2.69231E-02    1.20000E-02   -1.06953E-04    242.475    1.00000    2.20188E-19
   10   -2.69231E-02    1.40000E-02   -1.06953E-04    242.475    1.00000    2.20188E-19
   10   -2.69231E-02    1.60000E-02   -1.06953E-04    242.475    1.00000    2.20188E-19
   10   -2.69231E-02    1.80000E-02   -1.06953E-04    242.475    1.00000    2.20188E-19
   10   -2.69231E-02    2.00000E-02   -1.06953E-04    242.475    1.00000    2.20188E-19
   10   -2.69231E-02    2.20000E-02   -1.06953E-04    242.475    1.00000    2.20188E-19
   10   -2.69231E-02    2.40000E-02   -1.06953E-04    242.475    1.00000    2.20188E-19
   10   -2.69231E-02    2.60000E-02  0.    242.475    1.00000  0.
   10   -2.69231E-02    2.80000E-02    8.29197E-04    242.475    1.00000    1.32349E-17
   10   -2.69231E-02    3.00000E-02    4.14599E-04    242.475    1.00000    3.30872E-18
   10   -2.69231E-02    3.20000E-02  0.    242.475    1.00000  0.
   10   -2.69231E-02    3.40000E-02  0.    242.475    1.00000  0.
   10   -2.69231E-02    3.60000E-02  0.    242.475    1.00000  0.
   10   -2.69231E-02    3.80000E-02    1.65839E-03    242.473    1.00000    5.29396E-17
   10   -2.69231E-02    4.00000E-02    3.31675E-03    242.467    1.00000    2.11758E-16
   10   -2.69231E-02    4.20000E-02    3.31653E-03    242.465    1.00000    2.11758E-16
   10   -2.69231E-02    4.40000E-02   -3.31667E-03    242.489    1.00000    2.11758E-16
   10   -2.69231E-02    4.60000E-02    3.31628E-03    242.460    1.00000    2.11758E-16
   10   -2.69231E-02    4.80000E-02  0.    242.475    1.00000  0.
   10   -2.69231E-02    5.00000E-02    6.63402E-03    242.434    1.00000    8.47033E-16
   10   -2.30769E-02   -4.80000E-02   -4.28871E-03    131.749    1.00000    1.35525E-14
   10   -2.30769E-02   -4.60000E-02  0.    131.775    1.00000  0.
   10   -2.30769E-02   -4.40000E-02  0.    131.775    1.00000  0.
   10   -2.30769E-02   -4.20000E-02   -1.07259E-03    131.774    1.00000    8.47033E-16
   10   -2.30769E-02   -4.00000E-02   -1.82881E-06    131.775    1.00000    2.46249E-21
   10   -2.30769E-02   -3.80000E-02   -1.82881E-06    131.775    1.00000    2.46249E-21
   10   -2.30769E-02   -3.60000E-02   -1.82881E-06    131.775    1.00000    2.46249E-21
   10   -2.30769E-02   -3.40000E-02   -1.82881E-06    131.775    1.00000    2.46249E-21
   10   -2.30769E-02   -3.20000E-02   -1.82881E-06    131.775    1.00000    2.46249E-21
   10   -2.30769E-02   -3.00000E-02   -1.82881E-06    131.775    1.00000    2.46249E-21
   10   -2.30769E-02   -2.80000E-02   -1.82881E-06    131.775    1.00000    2.46249E-21
   10   -2.30769E-02   -2.60000E-02   -1.82881E-06    131.775    1.00000    2.46249E-21
   10   -2.30769E-02   -2.40000E-02   -1.82881E-06    131.775    1.00000    2.46249E-21
   10   -2.30769E-02   -2.20000E-02   -1.82881E-06    131.775    1.00000    2.46249E-21
   10   -2.30769E-02   -2.00000E-02   -1.82881E-06    131.775    1.00000    2.46249E-21
   10   -2.30769E-02   -1.80000E-02   -1.82881E-06    131.775    1.00000    2.46249E-21
   10   -2.30769E-02   -1.60000E-02   -1.82881E-06    131.775    1.00000    2.46249E-21
   10   -2.30769E-02   -1.40000E-02   -1.82881E-06    131.775    1.00000    2.46249E-21
   10   -2.30769E-02   -1.20000E-02   -1.82881E-06    131.775    1.00000    2.46249E-21
   10   -2.30769E-02   -1.00000E-02   -1.82881E-06    131.775    1.00000    2.46249E-21
   10   -2.30769E-02   -8.00000E-03   -1.82881E-06    131.775    1.00000    2.46249E-21
   10   -2.30769E-02   -6.00000E-03   -1.82881E-06    131.775    1.00000    2.46249E-21
   10   -2.30769E-02   -4.00000E-03   -1.82881E-06    131.775    1.00000    2.46249E-21
   10   -2.30769E-02   -2.00000E-03   -1.82881E-06    131.775    1.00000    2.46249E-21
   10   -2.30769E-02  0.   -1.82881E-06    131.775    1.00000    2.46249E-21
   10   -2.30769E-02    2.00000E-03   -1.82881E-06    131.775    1.00000    2.46249E-21
   10   -2.30769E-02    4.00000E-03   -1.82881E-06    131.775    1.00000    2.46249E-21
   10   -2.30769E-02    6.00000E-03   -1.82881E-06    131.775    1.00000    2.46249E-21
   10   -2.30769E-02    8.00000E-03   -1.82881E-06    131.775    1.00000    2.46249E-21
   10   -2.30769E-02    1.00000E-02   -1.82881E-06    131.775    1.00000    2.46249E-21
   10   -2.30769E-02    1.20000E-02   -1.82881E-06    131.775    1.00000    2.46249E-21
   10   -2.30769E-02    1.40000E-02   -1.82881E-06    131.775    1.00000    2.46249E-21
   10   -2.30769E-02    1.60000E-02   -1.82881E-06    131.775    1.00000    2.46249E-21
   10   -2.30769E-02    1.80000E-02   -1.82881E-06    131.775    1.00000    2.46249E-21
   10   -2.30769E-02    2.00000E-02   -1.82881E-06    131.775    1.00000    2.46249E-21
   10   -2.30769E-02    2.20000E-02   -1.82881E-06    131.775    1.00000    2.46249E-21
   10   -2.30769E-02    2.40000E-02   -1.82881E-06    131.775    1.00000    2.46249E-21
   10   -2.30769E-02    2.60000E-02  0.    131.775    1.00000  0.
   10   -2.30769E-02    2.80000E-02  0.    131.775    1.00000  0.
   10   -2.30769E-02    3.00000E-02    1.34073E-04    131.775    1.00000    1.32349E-17
   10   -2.30769E-02    3.20000E-02  0.    131.775    1.00000  0.
   10   -2.30769E-02    3.40000E-02    2.68146E-04    131.775    1.00000    5.29396E-17
   10   -2.30769E-02    3.60000E-02    2.68146E-04    131.775    1.00000    5.29396E-17
   10   -2.30769E-02    3.80000E-02    5.36291E-04    131.775    1.00000    2.11758E-16
   10   -2.30769E-02    4.00000E-02    5.36293E-04    131.775    1.00000    2.11758E-16
   10   -2.30769E-02    4.20000E-02  0.    131.775    1.00000  0.
   10   -2.30769E-02    4.40000E-02  0.    131.775    1.00000  0.
   10   -2.30769E-02    4.60000E-02    1.07254E-03    131.773    1.00000    8.47033E-16
   10   -2.30769E-02    4.80000E-02  0.    131.775    1.00000  0.
   10   -2.30769E-02    5.00000E-02  0.    131.775    1.00000  0.
   10   -1.92308E-02   -4.80000E-02   -1.39238E-03    90.4657    1.00000    1.35525E-14
   10   -1.92308E-02   -4.60000E-02  0.    90.4714    1.00000  0.
   10   -1.92308E-02   -4.40000E-02  0.    90.4714    1.00000  0.
   10   -1.92308E-02   -4.20000E-02   -3.48062E-04    90.4710    1.00000    8.47033E-16
   10   -1.92308E-02   -4.00000E-02   -2.07855E-05    90.4714    1.00000    3.02074E-18
   10   -1.92308E-02   -3.80000E-02   -2.07855E-05    90.4714    1.00000    3.02074E-18
   10   -1.92308E-02   -3.60000E-02   -2.07855E-05    90.4714    1.00000    3.02074E-18
   10   -1.92308E-02   -3.40000E-02   -2.07855E-05    90.4714    1.00000    3.02074E-18
   10   -1.92308E-02   -3.20000E-02   -2.07855E-05    90.4714    1.00000    3.02074E-18
   10   -1.92308E-02   -3.00000E-02   -2.07855E-05    90.4714    1.00000    3.02074E-18
   10   -1.92308E-02   -2.80000E-02   -2.07855E-05    90.4714    1.00000    3.02074E-18
   10   -1.92308E-02   -2.60000E-02   -2.07855E-05    90.4714    1.00000    3.02074E-18
   10   -1.92308E-02   -2.40000E-02   -2.07855E-05    90.4714    1.00000    3.02074E-18
   10   -1.92308E-02   -2.20000E-02   -2.07855E-05    90.4714    1.00000    3.02074E-18
   10   -1.92308E-02   -2.00000E-02   -2.07855E-05    90.4714    1.00000    3.02074E-18
   10   -1.92308E-02   -1.80000E-02   -2.07855E-05    90.4714    1.00000    3.02074E-18
   10   -1.92308E-02   -1.60000E-02   -2.07855E-05    90.4714    1.00000    3.02074E-18
   10   -1.92308E-02   -1.40000E-02   -2.07855E-05    90.4714    1.00000    3.02074E-18
   10   -1.92308E-02   -1.20000E-02   -2.07855E-05    90.4714    1.00000    3.02074E-18
   10   -1.92308E-02   -1.00000E-02   -2.07855E-05    90.4714    1.00000    3.02074E-18
   10   -1.92308E-02   -8.00000E-03   -2.07855E-05    90.4714    1.00000    3.02074E-18
   10   -1.92308E-02   -6.00000E-03   -2.07855E-05    90.4714    1.00000    3.02074E-18
   10   -1.92308E-02   -4.00000E-03   -2.07855E-05    90.4714    1.00000    3.02074E-18
   10   -1.92308E-02   -2.00000E-03   -2.07855E-05    90.4714    1.00000    3.02074E-18
   10   -1.92308E-02  0.   -2.07855E-05    90.4714    1.00000    3.02074E-18
   10   -1.92308E-02    2.00000E-03   -2.07855E-05    90.4714    1.00000    3.02074E-18
   10   -1.92308E-02    4.00000E-03   -2.07855E-05    90.4714    1.00000    3.02074E-18
   10   -1.92308E-02    6.00000E-03   -2.07855E-05    90.4714    1.00000    3.02074E-18
   10   -1.92308E-02    8.00000E-03   -2.07855E-05    90.4714    1.00000    3.02074E-18
   10   -1.92308E-02    1.00000E-02   -2.07855E-05    90.4714    1.00000    3.02074E-18
   10   -1.92308E-02    1.20000E-02   -2.07855E-05    90.4714    1.00000    3.02074E-18
   10   -1.92308E-02    1.40000E-02   -2.07855E-05    90.4714    1.00000    3.02074E-18
   10   -1.92308E-02    1.60000E-02   -2.07855E-05    90.4714    1.00000    3.02074E-18
   10   -1.92308E-02    1.80000E-02   -2.07855E-05    90.4714    1.00000    3.02074E-18
   10   -1.92308E-02    2.00000E-02   -2.07855E-05    90.4714    1.00000    3.02074E-18
   10   -1.92308E-02    2.20000E-02   -2.07855E-05    90.4714    1.00000    3.02074E-18
   10   -1.92308E-02    2.40000E-02   -2.07855E-05    90.4714    1.00000    3.02074E-18
   10   -1.92308E-02    2.60000E-02  0.    90.4714    1.00000  0.
   10   -1.92308E-02    2.80000E-02   -4.35076E-05    90.4714    1.00000    1.32349E-17
   10   -1.92308E-02    3.00000E-02  0.    90.4714    1.00000  0.
   10   -1.92308E-02    3.20000E-02   -8.70151E-05    90.4714    1.00000    5.29396E-17
   10   -1.92308E-02    3.40000E-02  0.    90.4714    1.00000  0.
   10   -1.92308E-02    3.60000E-02  0.    90.4714    1.00000  0.
   10   -1.92308E-02    3.80000E-02   -1.74030E-04    90.4715    1.00000    2.11758E-16
   10   -1.92308E-02    4.00000E-02  0.    90.4714    1.00000  0.
   10   -1.92308E-02    4.20000E-02  0.    90.4714    1.00000  0.
   10   -1.92308E-02    4.40000E-02   -6.96123E-04    90.4724    1.00000    3.38813E-15
   10   -1.92308E-02    4.60000E-02   -6.96125E-04    90.4726    1.00000    3.38813E-15
   10   -1.92308E-02    4.80000E-02  0.    90.4714    1.00000  0.
   10   -1.92308E-02    5.00000E-02  0.    90.4714    1.00000  0.
   10   -1.53846E-02   -4.80000E-02    16.4195    120.327    1.00000    2.95372E-06
   10   -1.53846E-02   -4.60000E-02    6.05696E-04    68.7295    1.00000    1.35525E-14
   10   -1.53846E-02   -4.40000E-02  0.    68.7281    1.00000  0.
   10   -1.53846E-02   -4.20000E-02   -1.51423E-04    68.7280    1.00000    8.47033E-16
   10   -1.53846E-02   -4.00000E-02   -1.51153E-05    68.7281    1.00000    8.44017E-18
   10   -1.53846E-02   -3.80000E-02   -1.51153E-05    68.7281    1.00000    8.44017E-18
   10   -1.53846E-02   -3.60000E-02   -1.51153E-05    68.7281    1.00000    8.44017E-18
   10   -1.53846E-02   -3.40000E-02   -1.51153E-05    68.7281    1.00000    8.44017E-18
   10   -1.53846E-02   -3.20000E-02   -1.51153E-05    68.7281    1.00000    8.44017E-18
   10   -1.53846E-02   -3.00000E-02   -1.51153E-05    68.7281    1.00000    8.44017E-18
   10   -1.53846E-02   -2.80000E-02   -1.51153E-05    68.7281    1.00000    8.44017E-18
   10   -1.53846E-02   -2.60000E-02   -1.51153E-05    68.7281    1.00000    8.44017E-18
   10   -1.53846E-02   -2.40000E-02   -1.51153E-05    68.7281    1.00000    8.44017E-18
   10   -1.53846E-02   -2.20000E-02   -1.51153E-05    68.7281    1.00000    8.44017E-18
   10   -1.53846E-02   -2.00000E-02   -1.51153E-05    68.7281    1.00000    8.44017E-18
   10   -1.53846E-02   -1.80000E-02   -1.51153E-05    68.7281    1.00000    8.44017E-18
   10   -1.53846E-02   -1.60000E-02   -1.51153E-05    68.7281    1.00000    8.44017E-18
   10   -1.53846E-02   -1.40000E-02   -1.51153E-05    68.7281    1.00000    8.44017E-18
   10   -1.53846E-02   -1.20000E-02   -1.51153E-05    68.7281    1.00000    8.44017E-18
   10   -1.53846E-02   -1.00000E-02   -1.51153E-05    68.7281    1.00000    8.44017E-18
   10   -1.53846E-02   -8.00000E-03   -1.51153E-05    68.7281    1.00000    8.44017E-18
   10   -1.53846E-02   -6.00000E-03   -1.51153E-05    68.7281    1.00000    8.44017E-18
   10   -1.53846E-02   -4.00000E-03   -1.51153E-05    68.7281    1.00000    8.44017E-18
   10   -1.53846E-02   -2.00000E-03   -1.51153E-05    68.7281    1.00000    8.44017E-18
   10   -1.53846E-02  0.   -1.51153E-05    68.7281    1.00000    8.44017E-18
   10   -1.53846E-02    2.00000E-03   -1.51153E-05    68.7281    1.00000    8.44017E-18
   10   -1.53846E-02    4.00000E-03   -1.51153E-05    68.7281    1.00000    8.44017E-18
   10   -1.53846E-02    6.00000E-03   -1.51153E-05    68.7281    1.00000    8.44017E-18
   10   -1.53846E-02    8.00000E-03   -1.51153E-05    68.7281    1.00000    8.44017E-18
   10   -1.53846E-02    1.00000E-02   -1.51153E-05    68.7281    1.00000    8.44017E-18
   10   -1.53846E-02    1.20000E-02   -1.51153E-05    68.7281    1.00000    8.44017E-18
   10   -1.53846E-02    1.40000E-02   -1.51153E-05    68.7281    1.00000    8.44017E-18
   10   -1.53846E-02    1.60000E-02   -1.51153E-05    68.7281    1.00000    8.44017E-18
   10   -1.53846E-02    1.80000E-02   -1.51153E-05    68.7281    1.00000    8.44017E-18
   10   -1.53846E-02    2.00000E-02   -1.51153E-05    68.7281    1.00000    8.44017E-18
   10   -1.53846E-02    2.20000E-02   -1.51153E-05    68.7281    1.00000    8.44017E-18
   10   -1.53846E-02    2.40000E-02   -1.51153E-05    68.7281    1.00000    8.44017E-18
   10   -1.53846E-02    2.60000E-02   -2.83917E-05    68.7281    1.00000    2.97785E-17
   10   -1.53846E-02    2.80000E-02   -3.78557E-05    68.7281    1.00000    5.29396E-17
   10   -1.53846E-02    3.00000E-02   -3.78557E-05    68.7281    1.00000    5.29396E-17
   10   -1.53846E-02    3.20000E-02   -7.57113E-05    68.7281    1.00000    2.11758E-16
   10   -1.53846E-02    3.40000E-02  0.    68.7281    1.00000  0.
   10   -1.53846E-02    3.60000E-02  0.    68.7281    1.00000  0.
   10   -1.53846E-02    3.80000E-02   -1.51423E-04    68.7282    1.00000    8.47033E-16
   10   -1.53846E-02    4.00000E-02  0.    68.7281    1.00000  0.
   10   -1.53846E-02    4.20000E-02   -3.02847E-04    68.7284    1.00000    3.38813E-15
   10   -1.53846E-02    4.40000E-02  0.    68.7281    1.00000  0.
   10   -1.53846E-02    4.60000E-02   -3.02849E-04    68.7285    1.00000    3.38813E-15
   10   -1.53846E-02    4.80000E-02  0.    68.7281    1.00000  0.
   10   -1.53846E-02    5.00000E-02   -6.05709E-04    68.7292    1.00000    1.35525E-14
   10   -1.15385E-02   -5.00000E-02   -19.1480   -9.54057    1.00000    1.20222E-06
   10   -1.15385E-02   -4.80000E-02    74.2340    243.653    1.00000    3.06526E-05
   10   -1.15385E-02   -4.60000E-02  0.    55.5104    1.00000  0.
   10   -1.15385E-02   -4.40000E-02   -6.39943E-04    55.5097    1.00000    5.42101E-14
   10   -1.15385E-02   -4.20000E-02  0.    55.5104    1.00000  0.
   10   -1.15385E-02   -4.00000E-02   -2.11727E-05    55.5104    1.00000    5.93403E-17
   10   -1.15385E-02   -3.80000E-02   -2.11727E-05    55.5104    1.00000    5.93403E-17
   10   -1.15385E-02   -3.60000E-02   -2.11727E-05    55.5104    1.00000    5.93403E-17
   10   -1.15385E-02   -3.40000E-02   -2.11727E-05    55.5104    1.00000    5.93403E-17
   10   -1.15385E-02   -3.20000E-02   -2.11727E-05    55.5104    1.00000    5.93403E-17
   10   -1.15385E-02   -3.00000E-02   -2.11727E-05    55.5104    1.00000    5.93403E-17
   10   -1.15385E-02   -2.80000E-02   -2.11727E-05    55.5104    1.00000    5.93403E-17
   10   -1.15385E-02   -2.60000E-02   -2.11727E-05    55.5104    1.00000    5.93403E-17
   10   -1.15385E-02   -2.40000E-02   -2.11727E-05    55.5104    1.00000    5.93403E-17
   10   -1.15385E-02   -2.20000E-02   -2.11727E-05    55.5104    1.00000    5.93403E-17
   10   -1.15385E-02   -2.00000E-02   -2.11727E-05    55.5104    1.00000    5.93403E-17
   10   -1.15385E-02   -1.80000E-02   -2.11727E-05    55.5104    1.00000    5.93403E-17
   10   -1.15385E-02   -1.60000E-02   -2.11727E-05    55.5104    1.00000    5.93403E-17
   10   -1.15385E-02   -1.40000E-02   -2.11727E-05    55.5104    1.00000    5.93403E-17
   10   -1.15385E-02   -1.20000E-02   -2.11727E-05    55.5104    1.00000    5.93403E-17
   10   -1.15385E-02   -1.00000E-02   -2.11727E-05    55.5104    1.00000    5.93403E-17
   10   -1.15385E-02   -8.00000E-03   -2.11727E-05    55.5104    1.00000    5.93403E-17
   10   -1.15385E-02   -6.00000E-03   -2.11727E-05    55.5104    1.00000    5.93403E-17
   10   -1.15385E-02   -4.00000E-03   -2.11727E-05    55.5104    1.00000    5.93403E-17
   10   -1.15385E-02   -2.00000E-03   -2.11727E-05    55.5104    1.00000    5.93403E-17
   10   -1.15385E-02  0.   -2.11727E-05    55.5104    1.00000    5.93403E-17
   10   -1.15385E-02    2.00000E-03   -2.11727E-05    55.5104    1.00000    5.93403E-17
   10   -1.15385E-02    4.00000E-03   -2.11727E-05    55.5104    1.00000    5.93403E-17
   10   -1.15385E-02    6.00000E-03   -2.11727E-05    55.5104    1.00000    5.93403E-17
   10   -1.15385E-02    8.00000E-03   -2.11727E-05    55.5104    1.00000    5.93403E-17
   10   -1.15385E-02    1.00000E-02   -2.11727E-05    55.5104    1.00000    5.93403E-17
   10   -1.15385E-02    1.20000E-02   -2.11727E-05    55.5104    1.00000    5.93403E-17
   10   -1.15385E-02    1.40000E-02   -2.11727E-05    55.5104    1.00000    5.93403E-17
   10   -1.15385E-02    1.60000E-02   -2.11727E-05    55.5104    1.00000    5.93403E-17
   10   -1.15385E-02    1.80000E-02   -2.11727E-05    55.5104    1.00000    5.93403E-17
   10   -1.15385E-02    2.00000E-02   -2.11727E-05    55.5104    1.00000    5.93403E-17
   10   -1.15385E-02    2.20000E-02   -2.11727E-05    55.5104    1.00000    5.93403E-17
   10   -1.15385E-02    2.40000E-02   -2.11727E-05    55.5104    1.00000    5.93403E-17
   10   -1.15385E-02    2.60000E-02  0.    55.5104    1.00000  0.
   10   -1.15385E-02    2.80000E-02   -9.99913E-06    55.5104    1.00000    1.32349E-17
   10   -1.15385E-02    3.00000E-02  0.    55.5104    1.00000  0.
   10   -1.15385E-02    3.20000E-02  0.    55.5104    1.00000  0.
   10   -1.15385E-02    3.40000E-02  0.    55.5104    1.00000  0.
   10   -1.15385E-02    3.60000E-02    3.99965E-05    55.5104    1.00000    2.11758E-16
   10   -1.15385E-02    3.80000E-02  0.    55.5104    1.00000  0.
   10   -1.15385E-02    4.00000E-02  0.    55.5104    1.00000  0.
   10   -1.15385E-02    4.20000E-02  0.    55.5104    1.00000  0.
   10   -1.15385E-02    4.40000E-02    1.59986E-04    55.5103    1.00000    3.38813E-15
   10   -1.15385E-02    4.60000E-02  0.    55.5104    1.00000  0.
   10   -1.15385E-02    4.80000E-02    3.19970E-04    55.5100    1.00000    1.35525E-14
   10   -1.15385E-02    5.00000E-02    3.19974E-04    55.5100    1.00000    1.35525E-14
   10   -7.69231E-03   -5.00000E-02   -19.8012  -10.19771    1.00000    1.34377E-05
   10   -7.69231E-03   -4.80000E-02    1356.14    2964.45    1.00000    1.26048E-04
   10   -7.69231E-03   -4.60000E-02    3.78219E-04    46.5573    1.00000    5.42101E-14
   10   -7.69231E-03   -4.40000E-02    1.89108E-04    46.5569    1.00000    1.35525E-14
   10   -7.69231E-03   -4.20000E-02    9.45541E-05    46.5568    1.00000    3.38813E-15
   10   -7.69231E-03   -4.00000E-02   -1.54203E-05    46.5567    1.00000    9.01126E-17
   10   -7.69231E-03   -3.80000E-02   -1.54203E-05    46.5567    1.00000    9.01126E-17
   10   -7.69231E-03   -3.60000E-02   -1.54203E-05    46.5567    1.00000    9.01126E-17
   10   -7.69231E-03   -3.40000E-02   -1.54203E-05    46.5567    1.00000    9.01126E-17
   10   -7.69231E-03   -3.20000E-02   -1.54203E-05    46.5567    1.00000    9.01126E-17
   10   -7.69231E-03   -3.00000E-02   -1.54203E-05    46.5567    1.00000    9.01126E-17
   10   -7.69231E-03   -2.80000E-02   -1.54203E-05    46.5567    1.00000    9.01126E-17
   10   -7.69231E-03   -2.60000E-02   -1.54203E-05    46.5567    1.00000    9.01126E-17
   10   -7.69231E-03   -2.40000E-02   -1.54203E-05    46.5567    1.00000    9.01126E-17
   10   -7.69231E-03   -2.20000E-02   -1.54203E-05    46.5567    1.00000    9.01126E-17
   10   -7.69231E-03   -2.00000E-02   -1.54203E-05    46.5567    1.00000    9.01126E-17
   10   -7.69231E-03   -1.80000E-02   -1.54203E-05    46.5567    1.00000    9.01126E-17
   10   -7.69231E-03   -1.60000E-02   -1.54203E-05    46.5567    1.00000    9.01126E-17
   10   -7.69231E-03   -1.40000E-02   -1.54203E-05    46.5567    1.00000    9.01126E-17
   10   -7.69231E-03   -1.20000E-02   -1.54203E-05    46.5567    1.00000    9.01126E-17
   10   -7.69231E-03   -1.00000E-02   -1.54203E-05    46.5567    1.00000    9.01126E-17
   10   -7.69231E-03   -8.00000E-03   -1.54203E-05    46.5567    1.00000    9.01126E-17
   10   -7.69231E-03   -6.00000E-03   -1.54203E-05    46.5567    1.00000    9.01126E-17
   10   -7.69231E-03   -4.00000E-03   -1.54203E-05    46.5567    1.00000    9.01126E-17
   10   -7.69231E-03   -2.00000E-03   -1.54203E-05    46.5567    1.00000    9.01126E-17
   10   -7.69231E-03  0.   -1.54203E-05    46.5567    1.00000    9.01126E-17
   10   -7.69231E-03    2.00000E-03   -1.54203E-05    46.5567    1.00000    9.01126E-17
   10   -7.69231E-03    4.00000E-03   -1.54203E-05    46.5567    1.00000    9.01126E-17
   10   -7.69231E-03    6.00000E-03   -1.54203E-05    46.5567    1.00000    9.01126E-17
   10   -7.69231E-03    8.00000E-03   -1.54203E-05    46.5567    1.00000    9.01126E-17
   10   -7.69231E-03    1.00000E-02   -1.54203E-05    46.5567    1.00000    9.01126E-17
   10   -7.69231E-03    1.20000E-02   -1.54203E-05    46.5567    1.00000    9.01126E-17
   10   -7.69231E-03    1.40000E-02   -1.54203E-05    46.5567    1.00000    9.01126E-17
   10   -7.69231E-03    1.60000E-02   -1.54203E-05    46.5567    1.00000    9.01126E-17
   10   -7.69231E-03    1.80000E-02   -1.54203E-05    46.5567    1.00000    9.01126E-17
   10   -7.69231E-03    2.00000E-02   -1.54203E-05    46.5567    1.00000    9.01126E-17
   10   -7.69231E-03    2.20000E-02   -1.54203E-05    46.5567    1.00000    9.01126E-17
   10   -7.69231E-03    2.40000E-02   -1.54203E-05    46.5567    1.00000    9.01126E-17
   10   -7.69231E-03    2.60000E-02   -1.77288E-05    46.5567    1.00000    1.19114E-16
   10   -7.69231E-03    2.80000E-02   -2.36385E-05    46.5567    1.00000    2.11758E-16
   10   -7.69231E-03    3.00000E-02   -1.18192E-05    46.5567    1.00000    5.29396E-17
   10   -7.69231E-03    3.20000E-02   -4.72769E-05    46.5567    1.00000    8.47033E-16
   10   -7.69231E-03    3.40000E-02   -4.72769E-05    46.5567    1.00000    8.47033E-16
   10   -7.69231E-03    3.60000E-02   -9.45539E-05    46.5567    1.00000    3.38813E-15
   10   -7.69231E-03    3.80000E-02   -1.41831E-04    46.5568    1.00000    7.62330E-15
   10   -7.69231E-03    4.00000E-02   -9.45540E-05    46.5568    1.00000    3.38813E-15
   10   -7.69231E-03    4.20000E-02   -1.89108E-04    46.5568    1.00000    1.35525E-14
   10   -7.69231E-03    4.40000E-02   -1.89108E-04    46.5569    1.00000    1.35525E-14
   10   -7.69231E-03    4.60000E-02   -1.89108E-04    46.5569    1.00000    1.35525E-14
   10   -7.69231E-03    4.80000E-02   -3.78216E-04    46.5571    1.00000    5.42101E-14
   10   -7.69231E-03    5.00000E-02   -3.78217E-04    46.5572    1.00000    5.42101E-14
   10   -3.84615E-03   -5.00000E-02   -20.3101  -10.05408    1.00000    5.00955E-05
   10   -3.84615E-03   -4.80000E-02   -154.264   -249.259    1.00000    3.72869E-04
   10   -3.84615E-03   -4.60000E-02  0.    40.1439    1.00000  0.
   10   -3.84615E-03   -4.40000E-02   -1.21066E-04    40.1438    1.00000    1.35525E-14
   10   -3.84615E-03   -4.20000E-02    6.05325E-05    40.1439    1.00000    3.38813E-15
   10   -3.84615E-03   -4.00000E-02   -1.99713E-05    40.1439    1.00000    3.68804E-16
   10   -3.84615E-03   -3.80000E-02   -1.99713E-05    40.1439    1.00000    3.68804E-16
   10   -3.84615E-03   -3.60000E-02   -1.99713E-05    40.1439    1.00000    3.68804E-16
   10   -3.84615E-03   -3.40000E-02   -1.99713E-05    40.1439    1.00000    3.68804E-16
   10   -3.84615E-03   -3.20000E-02   -1.99713E-05    40.1439    1.00000    3.68804E-16
   10   -3.84615E-03   -3.00000E-02   -1.99713E-05    40.1439    1.00000    3.68804E-16
   10   -3.84615E-03   -2.80000E-02   -1.99713E-05    40.1439    1.00000    3.68804E-16
   10   -3.84615E-03   -2.60000E-02   -1.99713E-05    40.1439    1.00000    3.68804E-16
   10   -3.84615E-03   -2.40000E-02   -1.99713E-05    40.1439    1.00000    3.68804E-16
   10   -3.84615E-03   -2.20000E-02   -1.99713E-05    40.1439    1.00000    3.68804E-16
   10   -3.84615E-03   -2.00000E-02   -1.99713E-05    40.1439    1.00000    3.68804E-16
   10   -3.84615E-03   -1.80000E-02   -1.99713E-05    40.1439    1.00000    3.68804E-16
   10   -3.84615E-03   -1.60000E-02   -1.99713E-05    40.1439    1.00000    3.68804E-16
   10   -3.84615E-03   -1.40000E-02   -1.99713E-05    40.1439    1.00000    3.68804E-16
   10   -3.84615E-03   -1.20000E-02   -1.99713E-05    40.1439    1.00000    3.68804E-16
   10   -3.84615E-03   -1.00000E-02   -1.99713E-05    40.1439    1.00000    3.68804E-16
   10   -3.84615E-03   -8.00000E-03   -1.99713E-05    40.1439    1.00000    3.68804E-16
   10   -3.84615E-03   -6.00000E-03   -1.99713E-05    40.1439    1.00000    3.68804E-16
   10   -3.84615E-03   -4.00000E-03   -1.99713E-05    40.1439    1.00000    3.68804E-16
   10   -3.84615E-03   -2.00000E-03   -1.99713E-05    40.1439    1.00000    3.68804E-16
   10   -3.84615E-03  0.   -1.99713E-05    40.1439    1.00000    3.68804E-16
   10   -3.84615E-03    2.00000E-03   -1.99713E-05    40.1439    1.00000    3.68804E-16
   10   -3.84615E-03    4.00000E-03   -1.99713E-05    40.1439    1.00000    3.68804E-16
   10   -3.84615E-03    6.00000E-03   -1.99713E-05    40.1439    1.00000    3.68804E-16
   10   -3.84615E-03    8.00000E-03   -1.99713E-05    40.1439    1.00000    3.68804E-16
   10   -3.84615E-03    1.00000E-02   -1.99713E-05    40.1439    1.00000    3.68804E-16
   10   -3.84615E-03    1.20000E-02   -1.99713E-05    40.1439    1.00000    3.68804E-16
   10   -3.84615E-03    1.40000E-02   -1.99713E-05    40.1439    1.00000    3.68804E-16
   10   -3.84615E-03    1.60000E-02   -1.99713E-05    40.1439    1.00000    3.68804E-16
   10   -3.84615E-03    1.80000E-02   -1.99713E-05    40.1439    1.00000    3.68804E-16
   10   -3.84615E-03    2.00000E-02   -1.99713E-05    40.1439    1.00000    3.68804E-16
   10   -3.84615E-03    2.20000E-02   -1.99713E-05    40.1439    1.00000    3.68804E-16
   10   -3.84615E-03    2.40000E-02   -1.99713E-05    40.1439    1.00000    3.68804E-16
   10   -3.84615E-03    2.60000E-02   -2.26997E-05    40.1439    1.00000    4.76456E-16
   10   -3.84615E-03    2.80000E-02   -2.26997E-05    40.1439    1.00000    4.76456E-16
   10   -3.84615E-03    3.00000E-02   -2.26997E-05    40.1439    1.00000    4.76456E-16
   10   -3.84615E-03    3.20000E-02  0.    40.1439    1.00000  0.
   10   -3.84615E-03    3.40000E-02   -3.02662E-05    40.1439    1.00000    8.47033E-16
   10   -3.84615E-03    3.60000E-02   -3.02662E-05    40.1439    1.00000    8.47033E-16
   10   -3.84615E-03    3.80000E-02   -6.05325E-05    40.1439    1.00000    3.38813E-15
   10   -3.84615E-03    4.00000E-02   -6.05325E-05    40.1439    1.00000    3.38813E-15
   10   -3.84615E-03    4.20000E-02   -6.05325E-05    40.1439    1.00000    3.38813E-15
   10   -3.84615E-03    4.40000E-02    1.77231    39.2667    1.00000    2.94093E-06
   10   -3.84615E-03    4.60000E-02    2.68889    39.0272    1.00000    6.42653E-06
   10   -3.84615E-03    4.80000E-02    2.34032    39.8753    1.00000    4.26172E-06
   10   -3.84615E-03    5.00000E-02    1.95055    40.7392    1.00000    2.63055E-06
   10  0.   -5.00000E-02   -20.8074  -10.46606    1.00000    1.43826E-04
   10  0.   -4.80000E-02    190.128    376.388    1.00000    3.25356E-04
   10  0.   -4.60000E-02   -1.64038E-04    35.2422    1.00000    5.42101E-14
   10  0.   -4.40000E-02   -1.64040E-04    35.2422    1.00000    5.42101E-14
   10  0.   -4.20000E-02  0.    35.2424    1.00000  0.
   10  0.   -4.00000E-02   -1.17692E-05    35.2424    1.00000    2.79046E-16
   10  0.   -3.80000E-02   -1.17692E-05    35.2424    1.00000    2.79046E-16
   10  0.   -3.60000E-02   -1.17692E-05    35.2424    1.00000    2.79046E-16
   10  0.   -3.40000E-02   -1.17692E-05    35.2424    1.00000    2.79046E-16
   10  0.   -3.20000E-02   -1.17692E-05    35.2424    1.00000    2.79046E-16
   10  0.   -3.00000E-02   -1.17692E-05    35.2424    1.00000    2.79046E-16
   10  0.   -2.80000E-02   -1.17692E-05    35.2424    1.00000    2.79046E-16
   10  0.   -2.60000E-02   -1.17692E-05    35.2424    1.00000    2.79046E-16
   10  0.   -2.40000E-02   -1.17692E-05    35.2424    1.00000    2.79046E-16
   10  0.   -2.20000E-02   -1.17692E-05    35.2424    1.00000    2.79046E-16
   10  0.   -2.00000E-02   -1.17692E-05    35.2424    1.00000    2.79046E-16
   10  0.   -1.80000E-02   -1.17692E-05    35.2424    1.00000    2.79046E-16
   10  0.   -1.60000E-02   -1.17692E-05    35.2424    1.00000    2.79046E-16
   10  0.   -1.40000E-02   -1.17692E-05    35.2424    1.00000    2.79046E-16
   10  0.   -1.20000E-02   -1.17692E-05    35.2424    1.00000    2.79046E-16
   10  0.   -1.00000E-02   -1.17692E-05    35.2424    1.00000    2.79046E-16
   10  0.   -8.00000E-03   -1.17692E-05    35.2424    1.00000    2.79046E-16
   10  0.   -6.00000E-03   -1.17692E-05    35.2424    1.00000    2.79046E-16
   10  0.   -4.00000E-03   -1.17692E-05    35.2424    1.00000    2.79046E-16
   10  0.   -2.00000E-03   -1.17692E-05    35.2424    1.00000    2.79046E-16
   10  0.  0.   -1.17692E-05    35.2424    1.00000    2.79046E-16
   10  0.    2.00000E-03   -1.17692E-05    35.2424    1.00000    2.79046E-16
   10  0.    4.00000E-03   -1.17692E-05    35.2424    1.00000    2.79046E-16
   10  0.    6.00000E-03   -1.17692E-05    35.2424    1.00000    2.79046E-16
   10  0.    8.00000E-03   -1.17692E-05    35.2424    1.00000    2.79046E-16
   10  0.    1.00000E-02   -1.17692E-05    35.2424    1.00000    2.79046E-16
   10  0.    1.20000E-02   -1.17692E-05    35.2424    1.00000    2.79046E-16
   10  0.    1.40000E-02   -1.17692E-05    35.2424    1.00000    2.79046E-16
   10  0.    1.60000E-02  -0.347651    35.2833    1.00000    2.41236E-07
   10  0.    1.80000E-02  -0.696915    35.3244    1.00000    9.60465E-07
   10  0.    2.00000E-02   -1.05277    35.4493    1.00000    2.16120E-06
   10  0.    2.20000E-02   -1.76701    35.5753    1.00000    5.96166E-06
   10  0.    2.40000E-02   -1.42694    35.7423    1.00000    3.77118E-06
   10  0.    2.60000E-02   -1.43813    35.8950    1.00000    3.74482E-06
   10  0.    2.80000E-02   -1.44946    36.0492    1.00000    3.71852E-06
   10  0.    3.00000E-02   -1.46090    36.2049    1.00000    3.69219E-06
   10  0.    3.20000E-02   0.739747    36.3605    1.00000    8.99144E-07
   10  0.    3.40000E-02    1.86920    36.4877    1.00000    5.49881E-06
   10  0.    3.60000E-02    3.42831    36.6843    1.00000    1.75180E-05
   10  0.    3.80000E-02    5.04155    36.7084    1.00000    3.56685E-05
   10  0.    4.00000E-02    4.48599    37.4437    1.00000    2.40469E-05
   10  0.    4.20000E-02    3.84576    38.1718    1.00000    1.52484E-05
   10  0.    4.40000E-02    3.56298    38.7868    1.00000    1.14252E-05
   10  0.    4.60000E-02    2.79570    39.7531    1.00000    6.17003E-06
   10  0.    4.80000E-02    2.43537    40.6329    1.00000    4.08761E-06
   10  0.    5.00000E-02    2.03207    41.5313    1.00000    2.52255E-06
   10    3.84615E-03   -5.00000E-02   -21.3650   -11.9824    1.00000    1.36440E-04
   10    3.84615E-03   -4.80000E-02    69.1011    152.814    1.00000    3.30965E-04
   10    3.84615E-03   -4.60000E-02   -3.97699    27.8491    1.00000    7.39892E-05
   10    3.84615E-03   -4.40000E-02  0.    31.3429    1.00000  0.
   10    3.84615E-03   -4.20000E-02    2.88176E-05    31.3429    1.00000    3.38813E-15
   10    3.84615E-03   -4.00000E-02   -1.24908E-05    31.3429    1.00000    6.36535E-16
   10    3.84615E-03   -3.80000E-02   -1.24908E-05    31.3429    1.00000    6.36535E-16
   10    3.84615E-03   -3.60000E-02   -1.24908E-05    31.3429    1.00000    6.36535E-16
   10    3.84615E-03   -3.40000E-02   -1.24908E-05    31.3429    1.00000    6.36535E-16
   10    3.84615E-03   -3.20000E-02   -1.24908E-05    31.3429    1.00000    6.36535E-16
   10    3.84615E-03   -3.00000E-02   -1.24908E-05    31.3429    1.00000    6.36535E-16
   10    3.84615E-03   -2.80000E-02   -1.24908E-05    31.3429    1.00000    6.36535E-16
   10    3.84615E-03   -2.60000E-02   -1.24908E-05    31.3429    1.00000    6.36535E-16
   10    3.84615E-03   -2.40000E-02  -0.550963    31.4077    1.00000    1.21822E-06
   10    3.84615E-03   -2.20000E-02  -0.829887    31.4734    1.00000    2.73538E-06
   10    3.84615E-03   -2.00000E-02   -1.39180    31.5726    1.00000    7.55122E-06
   10    3.84615E-03   -1.80000E-02   -1.68772    31.7386    1.00000    1.07843E-05
   10    3.84615E-03   -1.60000E-02   -1.41826    31.8714    1.00000    7.41148E-06
   10    3.84615E-03   -1.40000E-02   -1.43634    32.0738    1.00000    7.31923E-06
   10    3.84615E-03   -1.20000E-02   -1.44861    32.2105    1.00000    7.28889E-06
   10    3.84615E-03   -1.00000E-02   -1.46409    32.3822    1.00000    7.18174E-06
   10    3.84615E-03   -8.00000E-03   -1.47671    32.5216    1.00000    7.15169E-06
   10    3.84615E-03   -6.00000E-03   -1.49264    32.6967    1.00000    7.04547E-06
   10    3.84615E-03   -4.00000E-03   -1.50563    32.8387    1.00000    7.01563E-06
   10    3.84615E-03   -2.00000E-03   -1.52204    33.0173    1.00000    6.91051E-06
   10    3.84615E-03  0.   -1.53205    33.1255    1.00000    6.86594E-06
   10    3.84615E-03    2.00000E-03   -1.23914    33.3072    1.00000    4.35632E-06
   10    3.84615E-03    4.00000E-03   -1.56264    33.4546    1.00000    6.73287E-06
   10    3.84615E-03    6.00000E-03   -1.26403    33.6400    1.00000    4.27152E-06
   10    3.84615E-03    8.00000E-03   -1.27250    33.7524    1.00000    4.24349E-06
   10    3.84615E-03    1.00000E-02   -1.60487    33.9038    1.00000    6.55739E-06
   10    3.84615E-03    1.20000E-02   -1.29545    34.0554    1.00000    4.15037E-06
   10    3.84615E-03    1.40000E-02   -1.30719    34.2096    1.00000    4.13204E-06
   10    3.84615E-03    1.60000E-02   -1.64884    34.3651    1.00000    6.38431E-06
   10    3.84615E-03    1.80000E-02   -1.66012    34.4824    1.00000    6.34140E-06
   10    3.84615E-03    2.00000E-02   -1.34024    34.6393    1.00000    4.01284E-06
   10    3.84615E-03    2.20000E-02   -1.35260    34.7988    1.00000    3.99482E-06
   10    3.84615E-03    2.40000E-02  -0.342845    35.0385    1.00000    2.44591E-07
   10    3.84615E-03    2.60000E-02    1.04475    35.3057    1.00000    2.14577E-06
   10    3.84615E-03    2.80000E-02    2.47905    35.5707    1.00000    1.14125E-05
   10    3.84615E-03    3.00000E-02    3.98503    35.9171    1.00000    2.77232E-05
   10    3.84615E-03    3.20000E-02    5.54964    36.1586    1.00000    5.08288E-05
   10    3.84615E-03    3.40000E-02    5.33470    36.6547    1.00000    4.28096E-05
   10    3.84615E-03    3.60000E-02    5.13046    37.2161    1.00000    3.54044E-05
   10    3.84615E-03    3.80000E-02    4.51316    37.8164    1.00000    2.42302E-05
   10    3.84615E-03    4.00000E-02    4.29278    38.4501    1.00000    1.88742E-05
   10    3.84615E-03    4.20000E-02    3.58952    39.1802    1.00000    1.15495E-05
   10    3.84615E-03    4.40000E-02    3.27359    39.8406    1.00000    8.35351E-06
   10    3.84615E-03    4.60000E-02    2.45342    40.9318    1.00000    4.08809E-06
   10    3.84615E-03    4.80000E-02    2.04634    41.8291    1.00000    2.52181E-06
   10    3.84615E-03    5.00000E-02    1.60119    42.8158    1.00000    1.36258E-06
   10    7.69231E-03   -5.00000E-02   -19.8454   -4.77891    1.00000    8.22881E-06
   10    7.69231E-03   -4.80000E-02    33.0390    88.2051    1.00000    2.82236E-04
   10    7.69231E-03   -4.60000E-02   -4.06478    26.5016    1.00000    1.02754E-04
   10    7.69231E-03   -4.40000E-02  -0.975291    29.2351    1.00000    5.40909E-06
   10    7.69231E-03   -4.20000E-02   -1.44767    29.1925    1.00000    1.23805E-05
   10    7.69231E-03   -4.00000E-02   -1.44528    29.3704    1.00000    1.26227E-05
   10    7.69231E-03   -3.80000E-02   -1.46223    29.5422    1.00000    1.24780E-05
   10    7.69231E-03   -3.60000E-02   -1.47950    29.7160    1.00000    1.23344E-05
   10    7.69231E-03   -3.40000E-02   -1.49407    29.8621    1.00000    1.21670E-05
   10    7.69231E-03   -3.20000E-02   -1.51190    30.0397    1.00000    1.20250E-05
   10    7.69231E-03   -3.00000E-02   -1.53004    30.2195    1.00000    1.18837E-05
   10    7.69231E-03   -2.80000E-02   -1.28785    30.3705    1.00000    8.18784E-06
   10    7.69231E-03   -2.60000E-02   -1.55787    30.4931    1.00000    1.16736E-05
   10    7.69231E-03   -2.40000E-02   -1.57686    30.6783    1.00000    1.15346E-05
   10    7.69231E-03   -2.20000E-02   -1.32745    30.8340    1.00000    7.94611E-06
   10    7.69231E-03   -2.00000E-02   -1.34104    30.9914    1.00000    7.83437E-06
   10    7.69231E-03   -1.80000E-02   -1.62585    31.1514    1.00000    1.11903E-05
   10    7.69231E-03   -1.60000E-02   -1.36892    31.3119    1.00000    7.70817E-06
   10    7.69231E-03   -1.40000E-02   -1.38314    31.4742    1.00000    7.59804E-06
   10    7.69231E-03   -1.20000E-02   -1.39473    31.6058    1.00000    7.56713E-06
   10    7.69231E-03   -1.00000E-02   -1.40936    31.7712    1.00000    7.45794E-06
   10    7.69231E-03   -8.00000E-03   -1.42128    31.9053    1.00000    7.42724E-06
   10    7.69231E-03   -6.00000E-03   -1.43634    32.0738    1.00000    7.31923E-06
   10    7.69231E-03   -4.00000E-03   -1.44550    32.1759    1.00000    7.27328E-06
   10    7.69231E-03   -2.00000E-03   -1.16878    32.3474    1.00000    4.61597E-06
   10    7.69231E-03  0.   -1.47352    32.4864    1.00000    7.13622E-06
   10    7.69231E-03    2.00000E-03   -1.48626    32.6266    1.00000    7.10619E-06
   10    7.69231E-03    4.00000E-03   -1.19928    32.7670    1.00000    4.49950E-06
   10    7.69231E-03    6.00000E-03   -1.51215    32.9097    1.00000    6.95538E-06
   10    7.69231E-03    8.00000E-03   -1.22296    33.0890    1.00000    4.41331E-06
   10    7.69231E-03    1.00000E-02   -1.23102    33.1978    1.00000    4.38483E-06
   10    7.69231E-03    1.20000E-02   -1.55233    33.3442    1.00000    6.77700E-06
   10    7.69231E-03    1.40000E-02  -0.629186    33.5639    1.00000    1.06312E-06
   10    7.69231E-03    1.60000E-02   0.640445    33.8636    1.00000    1.03974E-06
   10    7.69231E-03    1.80000E-02    1.62277    34.0929    1.00000    6.36859E-06
   10    7.69231E-03    2.00000E-02    2.65590    34.4832    1.00000    1.59028E-05
   10    7.69231E-03    2.20000E-02    3.72822    34.8445    1.00000    2.96594E-05
   10    7.69231E-03    2.40000E-02    4.85673    35.2562    1.00000    4.75004E-05
   10    7.69231E-03    2.60000E-02    6.04804    35.6549    1.00000    6.85989E-05
   10    7.69231E-03    2.80000E-02    5.86812    36.1485    1.00000    5.89422E-05
   10    7.69231E-03    3.00000E-02    5.68912    36.7094    1.00000    4.96204E-05
   10    7.69231E-03    3.20000E-02    5.09430    37.2318    1.00000    3.59323E-05
   10    7.69231E-03    3.40000E-02    5.24725    37.7295    1.00000    3.49683E-05
   10    7.69231E-03    3.60000E-02    5.01040    38.2883    1.00000    2.84709E-05
   10    7.69231E-03    3.80000E-02    4.75915    38.8044    1.00000    2.29574E-05
   10    7.69231E-03    4.00000E-02    4.07543    39.4876    1.00000    1.45399E-05
   10    7.69231E-03    4.20000E-02    3.31161    40.3023    1.00000    8.35384E-06
   10    7.69231E-03    4.40000E-02    2.95874    41.0186    1.00000    5.87070E-06
   10    7.69231E-03    4.60000E-02    2.55579    41.7352    1.00000    3.91760E-06
   10    7.69231E-03    4.80000E-02    2.12770    42.6123    1.00000    2.40777E-06
   10    7.69231E-03    5.00000E-02    1.65694    43.5216    1.00000    1.31543E-06
   10    1.15385E-02   -5.00000E-02   -18.4691    1.23116    1.00000    5.43674E-06
   10    1.15385E-02   -4.80000E-02    22.0570    67.6162    1.00000    2.59548E-04
   10    1.15385E-02   -4.60000E-02   -2.48943    27.2769    1.00000    4.07285E-05
   10    1.15385E-02   -4.40000E-02  -0.943517    28.7600    1.00000    5.61020E-06
   10    1.15385E-02   -4.20000E-02   -1.17200    28.8023    1.00000    8.88317E-06
   10    1.15385E-02   -4.00000E-02   -1.40145    28.9217    1.00000    1.29629E-05
   10    1.15385E-02   -3.80000E-02   -1.41764    29.0882    1.00000    1.28163E-05
   10    1.15385E-02   -3.60000E-02   -1.42862    29.2006    1.00000    1.27683E-05
   10    1.15385E-02   -3.40000E-02   -1.44528    29.3704    1.00000    1.26227E-05
   10    1.15385E-02   -3.20000E-02   -1.45935    29.5131    1.00000    1.24534E-05
   10    1.15385E-02   -3.00000E-02   -1.47657    29.6866    1.00000    1.23100E-05
   10    1.15385E-02   -2.80000E-02   -1.24262    29.8324    1.00000    8.48251E-06
   10    1.15385E-02   -2.60000E-02   -1.25743    30.0097    1.00000    8.38371E-06
   10    1.15385E-02   -2.40000E-02   -1.52094    30.1293    1.00000    1.19544E-05
   10    1.15385E-02   -2.20000E-02   -1.28014    30.2795    1.00000    8.23651E-06
   10    1.15385E-02   -2.00000E-02   -1.29300    30.4312    1.00000    8.12265E-06
   10    1.15385E-02   -1.80000E-02   -1.30347    30.5543    1.00000    8.09070E-06
   10    1.15385E-02   -1.60000E-02   -1.31939    30.7402    1.00000    7.99422E-06
   10    1.15385E-02   -1.40000E-02   -1.59618    30.8658    1.00000    1.13962E-05
   10    1.15385E-02   -1.20000E-02   -1.34381    31.0234    1.00000    7.85058E-06
   10    1.15385E-02   -1.00000E-02   -1.35763    31.1827    1.00000    7.73920E-06
   10    1.15385E-02   -8.00000E-03   -1.36892    31.3119    1.00000    7.70817E-06
   10    1.15385E-02   -6.00000E-03   -1.10423    31.4413    1.00000    4.88293E-06
   10    1.15385E-02   -4.00000E-03   -1.39180    31.5726    1.00000    7.55122E-06
   10    1.15385E-02   -2.00000E-03   -1.40350    31.7050    1.00000    7.52033E-06
   10    1.15385E-02  0.   -1.41826    31.8714    1.00000    7.41148E-06
   10    1.15385E-02    2.00000E-03   -1.42726    31.9723    1.00000    7.36532E-06
   10    1.15385E-02    4.00000E-03  -0.867290    32.1751    1.00000    2.61839E-06
   10    1.15385E-02    6.00000E-03   0.293417    32.4148    1.00000    2.84200E-07
   10    1.15385E-02    8.00000E-03    1.19393    32.6945    1.00000    4.42177E-06
   10    1.15385E-02    1.00000E-02    2.42963    32.9816    1.00000    1.73067E-05
   10    1.15385E-02    1.20000E-02    3.73382    33.3868    1.00000    3.83516E-05
   10    1.15385E-02    1.40000E-02    4.79373    33.8398    1.00000    5.87490E-05
   10    1.15385E-02    1.60000E-02    5.88403    34.2295    1.00000    8.36721E-05
   10    1.15385E-02    1.80000E-02    6.36842    34.6631    1.00000    9.11602E-05
   10    1.15385E-02    2.00000E-02    6.23096    35.2251    1.00000    7.94360E-05
   10    1.15385E-02    2.20000E-02    6.06638    35.7631    1.00000    6.85990E-05
   10    1.15385E-02    2.40000E-02    5.88850    36.3178    1.00000    5.88002E-05
   10    1.15385E-02    2.60000E-02    5.69403    36.8304    1.00000    5.01034E-05
   10    1.15385E-02    2.80000E-02    5.47217    37.3224    1.00000    4.21881E-05
   10    1.15385E-02    3.00000E-02    5.26164    37.8811    1.00000    3.48794E-05
   10    1.15385E-02    3.20000E-02    4.98485    38.3377    1.00000    2.89834E-05
   10    1.15385E-02    3.40000E-02    4.71720    38.9180    1.00000    2.34990E-05
   10    1.15385E-02    3.60000E-02    4.42128    39.4442    1.00000    1.87268E-05
   10    1.15385E-02    3.80000E-02    4.55717    39.8486    1.00000    1.79983E-05
   10    1.15385E-02    4.00000E-02    3.35388    40.7602    1.00000    8.37707E-06
   10    1.15385E-02    4.20000E-02    2.98956    41.4478    1.00000    5.87013E-06
   10    1.15385E-02    4.40000E-02    3.08249    41.8247    1.00000    5.62565E-06
   10    1.15385E-02    4.60000E-02    2.66471    42.5687    1.00000    3.75120E-06
   10    1.15385E-02    4.80000E-02    1.67972    43.9217    1.00000    1.30371E-06
   10    1.15385E-02    5.00000E-02    1.71526    44.2502    1.00000    1.26859E-06
   10    1.53846E-02   -4.80000E-02    18.7416    60.1457    1.00000    2.79108E-04
   10    1.53846E-02   -4.60000E-02  -0.910999    28.1188    1.00000    5.72884E-06
   10    1.53846E-02   -4.40000E-02  -0.915042    28.3254    1.00000    5.76121E-06
   10    1.53846E-02   -4.20000E-02   -1.13228    28.3074    1.00000    9.19043E-06
   10    1.53846E-02   -4.00000E-02   -1.35709    28.4602    1.00000    1.34332E-05
   10    1.53846E-02   -3.80000E-02   -1.36990    28.5942    1.00000    1.32586E-05
   10    1.53846E-02   -3.60000E-02   -1.38555    28.7570    1.00000    1.31105E-05
   10    1.53846E-02   -3.40000E-02   -1.16566    28.8938    1.00000    9.03634E-06
   10    1.53846E-02   -3.20000E-02   -1.41224    29.0328    1.00000    1.29145E-05
   10    1.53846E-02   -3.00000E-02   -1.42584    29.1722    1.00000    1.27435E-05
   10    1.53846E-02   -2.80000E-02   -1.19972    29.3130    1.00000    8.78238E-06
   10    1.53846E-02   -2.60000E-02   -1.21377    29.4841    1.00000    8.68184E-06
   10    1.53846E-02   -2.40000E-02   -1.46792    29.5996    1.00000    1.23815E-05
   10    1.53846E-02   -2.20000E-02   -1.23531    29.7446    1.00000    8.53212E-06
   10    1.53846E-02   -2.00000E-02   -1.24999    29.9208    1.00000    8.43303E-06
   10    1.53846E-02   -1.80000E-02   -1.25743    30.0097    1.00000    8.38371E-06
   10    1.53846E-02   -1.60000E-02   -1.27250    30.1890    1.00000    8.28541E-06
   10    1.53846E-02   -1.40000E-02   -1.28014    30.2795    1.00000    8.23651E-06
   10    1.53846E-02   -1.20000E-02   -1.29562    30.4621    1.00000    8.13916E-06
   10    1.53846E-02   -1.00000E-02   -1.30347    30.5543    1.00000    8.09070E-06
   10    1.53846E-02   -8.00000E-03   -1.31669    30.7088    1.00000    7.97786E-06
   10    1.53846E-02   -6.00000E-03   -1.32745    30.8340    1.00000    7.94611E-06
   10    1.53846E-02   -4.00000E-03  -0.539699    31.0853    1.00000    1.23825E-06
   10    1.53846E-02   -2.00000E-03   0.824654    31.3746    1.00000    2.71802E-06
   10    1.53846E-02  0.    1.95233    31.6050    1.00000    1.44628E-05
   10    1.53846E-02    2.00000E-03    3.14636    32.0094    1.00000    3.48248E-05
   10    1.53846E-02    4.00000E-03    4.40211    32.4272    1.00000    6.39458E-05
   10    1.53846E-02    6.00000E-03    5.71056    32.8220    1.00000    1.01084E-04
   10    1.53846E-02    8.00000E-03    6.78840    33.2623    1.00000    1.32932E-04
   10    1.53846E-02    1.00000E-02    6.37898    33.8143    1.00000    1.06323E-04
   10    1.53846E-02    1.20000E-02    6.59789    34.3903    1.00000    1.02843E-04
   10    1.53846E-02    1.40000E-02    6.45670    34.9027    1.00000    8.99300E-05
   10    1.53846E-02    1.60000E-02    6.30385    35.4307    1.00000    7.81636E-05
   10    1.53846E-02    1.80000E-02    5.77736    35.9732    1.00000    6.02029E-05
   10    1.53846E-02    2.00000E-02    5.57351    36.4902    1.00000    5.10689E-05
   10    1.53846E-02    2.20000E-02    5.73809    37.0254    1.00000    4.96204E-05
   10    1.53846E-02    2.40000E-02    5.50229    37.5278    1.00000    4.21883E-05
   10    1.53846E-02    2.60000E-02    5.26364    38.0390    1.00000    3.51412E-05
   10    1.53846E-02    2.80000E-02    5.41114    38.5148    1.00000    3.41002E-05
   10    1.53846E-02    3.00000E-02    5.15288    39.0215    1.00000    2.81105E-05
   10    1.53846E-02    3.20000E-02    4.41600    39.5538    1.00000    1.88742E-05
   10    1.53846E-02    3.40000E-02    4.54723    40.0847    1.00000    1.82875E-05
   10    1.53846E-02    3.60000E-02    4.20238    40.5524    1.00000    1.44232E-05
   10    1.53846E-02    3.80000E-02    4.33825    41.0095    1.00000    1.38474E-05
   10    1.53846E-02    4.00000E-02    3.51237    41.6807    1.00000    7.94510E-06
   10    1.53846E-02    4.20000E-02    3.11618    42.2808    1.00000    5.62593E-06
   10    1.53846E-02    4.40000E-02    2.17981    43.4025    1.00000    2.39334E-06
   10    1.53846E-02    4.60000E-02    2.24163    43.8362    1.00000    2.31015E-06
   10    1.53846E-02    4.80000E-02    1.73957    44.6676    1.00000    1.25734E-06
   10    1.53846E-02    5.00000E-02    1.20632    45.7579    1.00000    5.40122E-07
   10    1.92308E-02   -4.80000E-02    12.6062    49.4783    1.00000    2.19761E-04
   10    1.92308E-02   -4.60000E-02  -0.667967    27.9080    1.00000    3.32781E-06
   10    1.92308E-02   -4.40000E-02  -0.884673    27.8539    1.00000    5.95960E-06
   10    1.92308E-02   -4.20000E-02   -1.10059    27.9055    1.00000    9.44986E-06
   10    1.92308E-02   -4.00000E-02   -1.31235    27.9871    1.00000    1.38859E-05
   10    1.92308E-02   -3.80000E-02   -1.32702    28.1430    1.00000    1.37342E-05
   10    1.92308E-02   -3.60000E-02   -1.34193    28.3007    1.00000    1.35834E-05
   10    1.92308E-02   -3.40000E-02   -1.35452    28.4332    1.00000    1.34077E-05
   10    1.92308E-02   -3.20000E-02   -1.13943    28.5670    1.00000    9.24205E-06
   10    1.92308E-02   -3.00000E-02   -1.38032    28.7028    1.00000    1.32096E-05
   10    1.92308E-02   -2.80000E-02   -1.39346    28.8391    1.00000    1.30366E-05
   10    1.92308E-02   -2.60000E-02   -1.17235    28.9767    1.00000    8.98520E-06
   10    1.92308E-02   -2.40000E-02   -1.42039    29.1165    1.00000    1.28412E-05
   10    1.92308E-02   -2.20000E-02   -1.19279    29.2282    1.00000    8.83287E-06
   10    1.92308E-02   -2.00000E-02   -1.20672    29.3983    1.00000    8.73213E-06
   10    1.92308E-02   -1.80000E-02   -1.21377    29.4841    1.00000    8.68184E-06
   10    1.92308E-02   -1.60000E-02   -1.22807    29.6572    1.00000    8.58189E-06
   10    1.92308E-02   -1.40000E-02   -1.23531    29.7446    1.00000    8.53212E-06
   10    1.92308E-02   -1.20000E-02   -1.47825E-05    30.0673    1.00000    1.13388E-15
   10    1.92308E-02   -1.00000E-02    1.28252    30.3082    1.00000    8.05648E-06
   10    1.92308E-02   -8.00000E-03    2.61696    30.6168    1.00000    3.11363E-05
   10    1.92308E-02   -6.00000E-03    4.03975    31.0633    1.00000    6.90740E-05
   10    1.92308E-02   -4.00000E-03    5.24625    31.4581    1.00000    1.09483E-04
   10    1.92308E-02   -2.00000E-03    6.54055    31.9318    1.00000    1.57159E-04
   10    1.92308E-02  0.    7.03104    32.4130    1.00000    1.66526E-04
   10    1.92308E-02    2.00000E-03    6.69992    33.0445    1.00000    1.34664E-04
   10    1.92308E-02    4.00000E-03    6.59487    33.5548    1.00000    1.19296E-04
   10    1.92308E-02    6.00000E-03    6.50899    34.1576    1.00000    1.04228E-04
   10    1.92308E-02    8.00000E-03    6.36842    34.6631    1.00000    9.11602E-05
   10    1.92308E-02    1.00000E-02    6.23096    35.2251    1.00000    7.94360E-05
   10    1.92308E-02    1.20000E-02    6.06638    35.7631    1.00000    6.85990E-05
   10    1.92308E-02    1.40000E-02    5.88850    36.3178    1.00000    5.88002E-05
   10    1.92308E-02    1.60000E-02    5.66877    36.8010    1.00000    5.04654E-05
   10    1.92308E-02    1.80000E-02    5.82311    37.2989    1.00000    4.89038E-05
   10    1.92308E-02    2.00000E-02    5.58494    37.8088    1.00000    4.15716E-05
   10    1.92308E-02    2.20000E-02    5.31760    38.2840    1.00000    3.48795E-05
   10    1.92308E-02    2.40000E-02    5.04774    38.8215    1.00000    2.89832E-05
   10    1.92308E-02    2.60000E-02    5.19302    39.3254    1.00000    2.81106E-05
   10    1.92308E-02    2.80000E-02    4.87520    39.7503    1.00000    2.29578E-05
   10    1.92308E-02    3.00000E-02    4.56800    40.2678    1.00000    1.82875E-05
   10    1.92308E-02    3.20000E-02    4.22904    40.8097    1.00000    1.44232E-05
   10    1.92308E-02    3.40000E-02    4.33806    41.2364    1.00000    1.39225E-05
   10    1.92308E-02    3.60000E-02    4.43645    41.6471    1.00000    1.35821E-05
   10    1.92308E-02    3.80000E-02    4.07455    42.1876    1.00000    1.03487E-05
   10    1.92308E-02    4.00000E-02    3.17228    42.8553    1.00000    5.57744E-06
   10    1.92308E-02    4.20000E-02    3.27333    43.2527    1.00000    5.33919E-06
   10    1.92308E-02    4.40000E-02    2.27673    44.3193    1.00000    2.28967E-06
   10    1.92308E-02    4.60000E-02    1.76604    45.1350    1.00000    1.24614E-06
   10    1.92308E-02    4.80000E-02    1.22201    46.1276    1.00000    5.35341E-07
   10    1.92308E-02    5.00000E-02    1.25121    46.5744    1.00000    5.20287E-07
   10    2.30769E-02   -4.80000E-02   10.32326    45.0042    1.00000    2.04690E-04
   10    2.30769E-02   -4.60000E-02  -0.645735    27.4458    1.00000    3.43829E-06
   10    2.30769E-02   -4.40000E-02  -0.856912    27.4108    1.00000    6.17176E-06
   10    2.30769E-02   -4.20000E-02   -1.06579    27.4514    1.00000    9.78415E-06
   10    2.30769E-02   -4.00000E-02   -1.27439    27.5793    1.00000    1.42428E-05
   10    2.30769E-02   -3.80000E-02   -1.28374    27.6803    1.00000    1.41919E-05
   10    2.30769E-02   -3.60000E-02   -1.29794    27.8329    1.00000    1.40387E-05
   10    2.30769E-02   -3.40000E-02   -1.31235    27.9871    1.00000    1.38859E-05
   10    2.30769E-02   -3.20000E-02   -1.10174    28.0903    1.00000    9.55504E-06
   10    2.30769E-02   -3.00000E-02   -1.33444    28.2217    1.00000    1.36586E-05
   10    2.30769E-02   -2.80000E-02   -1.34693    28.3534    1.00000    1.34827E-05
   10    2.30769E-02   -2.60000E-02   -1.13302    28.4864    1.00000    9.29383E-06
   10    2.30769E-02   -2.40000E-02   -1.37251    28.6215    1.00000    1.32839E-05
   10    2.30769E-02   -2.20000E-02  -0.923679    28.7562    1.00000    5.82681E-06
   10    2.30769E-02   -2.00000E-02   0.472488    29.0861    1.00000    1.40759E-06
   10    2.30769E-02   -1.80000E-02    1.92298    29.3411    1.00000    2.18782E-05
   10    2.30769E-02   -1.60000E-02    3.19882    29.6900    1.00000    5.61006E-05
   10    2.30769E-02   -1.40000E-02    4.55418    30.1109    1.00000    1.06092E-04
   10    2.30769E-02   -1.20000E-02    6.01004    30.6078    1.00000    1.69479E-04
   10    2.30769E-02   -1.00000E-02    7.24590    31.0263    1.00000    2.31259E-04
   10    2.30769E-02   -8.00000E-03    7.25656    31.6396    1.00000    2.05891E-04
   10    2.30769E-02   -6.00000E-03    6.95661    32.2408    1.00000    1.69002E-04
   10    2.30769E-02   -4.00000E-03    6.61315    32.8296    1.00000    1.36407E-04
   10    2.30769E-02   -2.00000E-03    6.53675    33.4063    1.00000    1.19812E-04
   10    2.30769E-02  0.    6.11418    33.9634    1.00000    9.49016E-05
   10    2.30769E-02    2.00000E-03    6.32496    34.5444    1.00000    9.17786E-05
   10    2.30769E-02    4.00000E-03    6.18773    35.1027    1.00000    7.99824E-05
   10    2.30769E-02    6.00000E-03    6.02369    35.6369    1.00000    6.90792E-05
   10    2.30769E-02    8.00000E-03    5.84640    36.1877    1.00000    5.92185E-05
   10    2.30769E-02    1.00000E-02    5.62771    36.6673    1.00000    5.08287E-05
   10    2.30769E-02    1.20000E-02    5.42144    37.2509    1.00000    4.28093E-05
   10    2.30769E-02    1.40000E-02    5.16001    37.7121    1.00000    3.59323E-05
   10    2.30769E-02    1.60000E-02    4.89609    38.2336    1.00000    2.98691E-05
   10    2.30769E-02    1.80000E-02    5.44058    38.7244    1.00000    3.41002E-05
   10    2.30769E-02    2.00000E-02    5.15266    39.2231    1.00000    2.82537E-05
   10    2.30769E-02    2.20000E-02    5.27480    39.6855    1.00000    2.76063E-05
   10    2.30769E-02    2.40000E-02    4.50086    40.1544    1.00000    1.87267E-05
   10    2.30769E-02    2.60000E-02    5.08569    40.6473    1.00000    2.20699E-05
   10    2.30769E-02    2.80000E-02    4.73957    41.1081    1.00000    1.77102E-05
   10    2.30769E-02    3.00000E-02    4.37861    41.5635    1.00000    1.39616E-05
   10    2.30769E-02    3.20000E-02    3.99690    42.0919    1.00000    1.07020E-05
   10    2.30769E-02    3.40000E-02    4.08203    42.4453    1.00000    1.04368E-05
   10    2.30769E-02    3.60000E-02    4.17809    42.8894    1.00000    1.01743E-05
   10    2.30769E-02    3.80000E-02    3.76643    43.3595    1.00000    7.48247E-06
   10    2.30769E-02    4.00000E-02    3.34016    43.9381    1.00000    5.29222E-06
   10    2.30769E-02    4.20000E-02    2.31286    44.8159    1.00000    2.26928E-06
   10    2.30769E-02    4.40000E-02    2.37300    45.2083    1.00000    2.18141E-06
   10    2.30769E-02    4.60000E-02    1.84558    46.0866    1.00000    1.18936E-06
   10    2.30769E-02    4.80000E-02    1.26768    46.9608    1.00000    5.15428E-07
   10    2.30769E-02    5.00000E-02    1.29884    47.4193    1.00000    5.00988E-07
   10    2.69231E-02   -4.80000E-02    5.53099    37.3064    1.00000    9.83506E-05
   10    2.69231E-02   -4.60000E-02  -0.421220    27.2537    1.00000    1.57609E-06
   10    2.69231E-02   -4.40000E-02  -0.833418    27.0289    1.00000    6.34182E-06
   10    2.69231E-02   -4.20000E-02   -1.03506    27.0499    1.00000    1.00348E-05
   10    2.69231E-02   -4.00000E-02   -1.23512    27.1426    1.00000    1.47354E-05
   10    2.69231E-02   -3.80000E-02   -1.24700    27.2814    1.00000    1.45526E-05
   10    2.69231E-02   -3.60000E-02   -1.25606    27.3802    1.00000    1.45012E-05
   10    2.69231E-02   -3.40000E-02   -1.26979    27.5295    1.00000    1.43462E-05
   10    2.69231E-02   -3.20000E-02   -1.28137    27.6548    1.00000    1.41657E-05
   10    2.69231E-02   -3.00000E-02  -0.863677    27.8064    1.00000    6.22787E-06
   10    2.69231E-02   -2.80000E-02   0.663410    28.1409    1.00000    3.37625E-06
   10    2.69231E-02   -2.60000E-02    2.25296    28.4070    1.00000    3.63386E-05
   10    2.69231E-02   -2.40000E-02    3.70148    28.7905    1.00000    9.02439E-05
   10    2.69231E-02   -2.20000E-02    5.25961    29.2740    1.00000    1.68378E-04
   10    2.69231E-02   -2.00000E-02    6.66073    29.7450    1.00000    2.48299E-04
   10    2.69231E-02   -1.80000E-02    7.65545    30.2590    1.00000    3.00656E-04
   10    2.69231E-02   -1.60000E-02    7.73575    30.9365    1.00000    2.68403E-04
   10    2.69231E-02   -1.40000E-02    7.21134    31.5407    1.00000    2.07162E-04
   10    2.69231E-02   -1.20000E-02    7.21599    32.1747    1.00000    1.83760E-04
   10    2.69231E-02   -1.00000E-02    6.89914    32.7968    1.00000    1.49731E-04
   10    2.69231E-02   -8.00000E-03    6.83330    33.3723    1.00000    1.32070E-04
   10    2.69231E-02   -6.00000E-03    6.42188    33.9280    1.00000    1.05622E-04
   10    2.69231E-02   -4.00000E-03    6.32496    34.5444    1.00000    9.17786E-05
   10    2.69231E-02   -2.00000E-03    6.17330    35.0616    1.00000    7.97962E-05
   10    2.69231E-02  0.    6.02369    35.6369    1.00000    6.90792E-05
   10    2.69231E-02    2.00000E-03    5.84640    36.1877    1.00000    5.92185E-05
   10    2.69231E-02    4.00000E-03    5.62771    36.6673    1.00000    5.08287E-05
   10    2.69231E-02    6.00000E-03    5.42144    37.2509    1.00000    4.28093E-05
   10    2.69231E-02    8.00000E-03    5.16001    37.7121    1.00000    3.59323E-05
   10    2.69231E-02    1.00000E-02    5.31760    38.2840    1.00000    3.48795E-05
   10    2.69231E-02    1.20000E-02    5.44058    38.7244    1.00000    3.41002E-05
   10    2.69231E-02    1.40000E-02    5.15266    39.2231    1.00000    2.82537E-05
   10    2.69231E-02    1.60000E-02    4.84771    39.7350    1.00000    2.30763E-05
   10    2.69231E-02    1.80000E-02    4.50086    40.1544    1.00000    1.87267E-05
   10    2.69231E-02    2.00000E-02    4.61013    40.6391    1.00000    1.82876E-05
   10    2.69231E-02    2.20000E-02    4.72343    41.1356    1.00000    1.78536E-05
   10    2.69231E-02    2.40000E-02    4.34487    41.5854    1.00000    1.41914E-05
   10    2.69231E-02    2.60000E-02    4.44429    42.0119    1.00000    1.38474E-05
   10    2.69231E-02    2.80000E-02    4.04674    42.4372    1.00000    1.06132E-05
   10    2.69231E-02    3.00000E-02    4.14205    42.8866    1.00000    1.03487E-05
   10    2.69231E-02    3.20000E-02    4.24060    43.3431    1.00000    1.00877E-05
   10    2.69231E-02    3.40000E-02    3.26201    43.8744    1.00000    5.52943E-06
   10    2.69231E-02    3.60000E-02    3.86901    44.1484    1.00000    7.35280E-06
   10    2.69231E-02    3.80000E-02    2.85526    44.8022    1.00000    3.62068E-06
   10    2.69231E-02    4.00000E-02    2.36407    45.4586    1.00000    2.22166E-06
   10    2.69231E-02    4.20000E-02    2.41898    45.7995    1.00000    2.16802E-06
   10    2.69231E-02    4.40000E-02    1.87298    46.5500    1.00000    1.17822E-06
   10    2.69231E-02    4.60000E-02    1.91509    46.9098    1.00000    1.14559E-06
   10    2.69231E-02    4.80000E-02    1.31592    47.8237    1.00000    4.95892E-07
   10    2.69231E-02    5.00000E-02    1.34807    48.2619    1.00000    4.81892E-07
   10    3.07692E-02   -4.80000E-02   0.983186    30.3914    1.00000    5.02728E-06
   10    3.07692E-02   -4.60000E-02  -0.608083    26.6263    1.00000    3.65220E-06
   10    3.07692E-02   -4.40000E-02  -0.609055    26.7440    1.00000    3.67092E-06
   10    3.07692E-02   -4.20000E-02   -1.00334    26.6243    1.00000    1.03792E-05
   10    3.07692E-02   -4.00000E-02   -1.20115    26.7508    1.00000    1.51300E-05
   10    3.07692E-02   -3.80000E-02   -1.00987    26.8938    1.00000    1.04149E-05
   10    3.07692E-02   -3.60000E-02    1.03345    27.2064    1.00000    9.99613E-06
   10    3.07692E-02   -3.40000E-02    2.53912    27.5308    1.00000    5.55235E-05
   10    3.07692E-02   -3.20000E-02    4.14022    27.9444    1.00000    1.34903E-04
   10    3.07692E-02   -3.00000E-02    5.87158    28.4562    1.00000    2.48935E-04
   10    3.07692E-02   -2.80000E-02    7.49380    28.9883    1.00000    3.69429E-04
   10    3.07692E-02   -2.60000E-02    8.50396    29.5348    1.00000    4.30382E-04
   10    3.07692E-02   -2.40000E-02    8.16657    30.2645    1.00000    3.42080E-04
   10    3.07692E-02   -2.20000E-02    7.73575    30.9365    1.00000    2.68403E-04
   10    3.07692E-02   -2.00000E-02    7.50455    31.5761    1.00000    2.22485E-04
   10    3.07692E-02   -1.80000E-02    7.21599    32.1747    1.00000    1.83760E-04
   10    3.07692E-02   -1.60000E-02    7.21493    32.8348    1.00000    1.62336E-04
   10    3.07692E-02   -1.40000E-02    6.55131    33.4436    1.00000    1.20078E-04
   10    3.07692E-02   -1.20000E-02    6.46521    34.0424    1.00000    1.04924E-04
   10    3.07692E-02   -1.00000E-02    6.36842    34.6631    1.00000    9.11602E-05
   10    3.07692E-02   -8.00000E-03    6.23096    35.2251    1.00000    7.94360E-05
   10    3.07692E-02   -6.00000E-03    6.06638    35.7631    1.00000    6.85990E-05
   10    3.07692E-02   -4.00000E-03    5.88850    36.3178    1.00000    5.88002E-05
   10    3.07692E-02   -2.00000E-03    5.30349    36.8431    1.00000    4.37494E-05
   10    3.07692E-02  0.    5.46163    37.3888    1.00000    4.24980E-05
   10    3.07692E-02    2.00000E-03    5.21188    37.9013    1.00000    3.57576E-05
   10    3.07692E-02    4.00000E-03    5.35813    38.4296    1.00000    3.46187E-05
   10    3.07692E-02    6.00000E-03    5.07358    38.9208    1.00000    2.86894E-05
   10    3.07692E-02    8.00000E-03    5.20654    39.4278    1.00000    2.81106E-05
   10    3.07692E-02    1.00000E-02    4.89908    39.9450    1.00000    2.29578E-05
   10    3.07692E-02    1.20000E-02    4.54906    40.3689    1.00000    1.86297E-05
   10    3.07692E-02    1.40000E-02    4.64745    40.8033    1.00000    1.81424E-05
   10    3.07692E-02    1.60000E-02    4.76213    41.3039    1.00000    1.77101E-05
   10    3.07692E-02    1.80000E-02    4.38085    41.7573    1.00000    1.40763E-05
   10    3.07692E-02    2.00000E-02    3.97014    42.1617    1.00000    1.08809E-05
   10    3.07692E-02    2.20000E-02    4.07144    42.6964    1.00000    1.06131E-05
   10    3.07692E-02    2.40000E-02    4.14117    43.0605    1.00000    1.04366E-05
   10    3.07692E-02    2.60000E-02    4.24011    43.5259    1.00000    1.01744E-05
   10    3.07692E-02    2.80000E-02    3.25490    43.9712    1.00000    5.57750E-06
   10    3.07692E-02    3.00000E-02    3.86503    44.2990    1.00000    7.41741E-06
   10    3.07692E-02    3.20000E-02    3.38406    44.7164    1.00000    5.33906E-06
   10    3.07692E-02    3.40000E-02    3.45923    45.1660    1.00000    5.18253E-06
   10    3.07692E-02    3.60000E-02    3.52650    45.5565    1.00000    5.10589E-06
   10    3.07692E-02    3.80000E-02    2.42464    46.1949    1.00000    2.18116E-06
   10    3.07692E-02    4.00000E-02    2.48177    46.5488    1.00000    2.12810E-06
   10    3.07692E-02    4.20000E-02    1.91909    47.2392    1.00000    1.15633E-06
   10    3.07692E-02    4.40000E-02    1.96236    47.6111    1.00000    1.12352E-06
   10    3.07692E-02    4.60000E-02    1.34713    48.4611    1.00000    4.86753E-07
   10    3.07692E-02    4.80000E-02    1.37114    48.7603    1.00000    4.78826E-07
   10    3.07692E-02    5.00000E-02   0.710997    49.9977    1.00000    1.16506E-07
