   11   -3.07692E-02   -4.80000E-02   -19.6091    34.3542    1.00000    6.78495E-10
   11   -3.07692E-02   -4.60000E-02   -25.0118    43.3604    1.00000    6.78874E-10
   11   -3.07692E-02   -4.40000E-02   -35.1110    60.8683    1.00000    6.78874E-10
   11   -3.07692E-02   -4.20000E-02   -64.5853    112.140    1.00000    6.78495E-10
   11   -3.07692E-02   -4.00000E-02   -286.961    498.723    1.00000    6.78471E-10
   11   -3.07692E-02   -3.80000E-02   -503.827    875.630    1.00000    6.78459E-10
   11   -3.07692E-02   -3.60000E-02   -503.827    875.630    1.00000    6.78459E-10
   11   -3.07692E-02   -3.40000E-02   -503.827    875.630    1.00000    6.78459E-10
   11   -3.07692E-02   -3.20000E-02   -503.827    875.630    1.00000    6.78459E-10
   11   -3.07692E-02   -3.00000E-02   -503.827    875.630    1.00000    6.78459E-10
   11   -3.07692E-02   -2.80000E-02   -503.827    875.630    1.00000    6.78459E-10
   11   -3.07692E-02   -2.60000E-02   -503.827    875.630    1.00000    6.78459E-10
   11   -3.07692E-02   -2.40000E-02   -503.827    875.630    1.00000    6.78459E-10
   11   -3.07692E-02   -2.20000E-02   -503.827    875.630    1.00000    6.78459E-10
   11   -3.07692E-02   -2.00000E-02   -503.827    875.630    1.00000    6.78459E-10
   11   -3.07692E-02   -1.80000E-02   -503.827    875.630    1.00000    6.78459E-10
   11   -3.07692E-02   -1.60000E-02   -503.827    875.630    1.00000    6.78459E-10
   11   -3.07692E-02   -1.40000E-02   -503.827    875.630    1.00000    6.78459E-10
   11   -3.07692E-02   -1.20000E-02   -503.827    875.630    1.00000    6.78459E-10
   11   -3.07692E-02   -1.00000E-02   -503.827    875.630    1.00000    6.78459E-10
   11   -3.07692E-02   -8.00000E-03   -503.827    875.630    1.00000    6.78459E-10
   11   -3.07692E-02   -6.00000E-03   -503.827    875.630    1.00000    6.78459E-10
   11   -3.07692E-02   -4.00000E-03   -503.827    875.630    1.00000    6.78459E-10
   11   -3.07692E-02   -2.00000E-03   -503.827    875.630    1.00000    6.78459E-10
   11   -3.07692E-02  0.   -503.827    875.630    1.00000    6.78459E-10
   11   -3.07692E-02    2.00000E-03   -503.827    875.630    1.00000    6.78459E-10
   11   -3.07692E-02    4.00000E-03   -503.827    875.630    1.00000    6.78459E-10
   11   -3.07692E-02    6.00000E-03   -503.827    875.630    1.00000    6.78459E-10
   11   -3.07692E-02    8.00000E-03   -503.827    875.630    1.00000    6.78459E-10
   11   -3.07692E-02    1.00000E-02   -503.827    875.630    1.00000    6.78459E-10
   11   -3.07692E-02    1.20000E-02   -503.827    875.630    1.00000    6.78459E-10
   11   -3.07692E-02    1.40000E-02   -503.827    875.630    1.00000    6.78459E-10
   11   -3.07692E-02    1.60000E-02   -503.827    875.630    1.00000    6.78459E-10
   11   -3.07692E-02    1.80000E-02   -503.827    875.630    1.00000    6.78459E-10
   11   -3.07692E-02    2.00000E-02   -503.827    875.630    1.00000    6.78459E-10
   11   -3.07692E-02    2.20000E-02   -503.827    875.630    1.00000    6.78459E-10
   11   -3.07692E-02    2.40000E-02   -503.827    875.630    1.00000    6.78459E-10
   11   -3.07692E-02    2.60000E-02   -673.487    1170.49    1.00000    6.78458E-10
   11   -3.07692E-02    2.80000E-02   -2062.61    3584.77    1.00000    6.78459E-10
   11   -3.07692E-02    3.00000E-02    65790.0   -114340.    1.00000    6.78471E-10
   11   -3.07692E-02    3.20000E-02    985.078   -1712.08    1.00000    6.78424E-10
   11   -3.07692E-02    3.40000E-02    659.938   -1146.87    1.00000    6.78447E-10
   11   -3.07692E-02    3.60000E-02    496.204   -862.319    1.00000    6.78400E-10
   11   -3.07692E-02    3.80000E-02    199.399   -346.578    1.00000    6.78400E-10
   11   -3.07692E-02    4.00000E-02    124.773   -216.938    1.00000    6.78400E-10
   11   -3.07692E-02    4.20000E-02    86.8601   -151.204    1.00000    6.78495E-10
   11   -3.07692E-02    4.40000E-02    68.8876   -119.627    1.00000    6.78305E-10
   11   -3.07692E-02    4.60000E-02    57.1068   -99.5241    1.00000    6.78684E-10
   11   -3.07692E-02    4.80000E-02    47.5862   -82.7425    1.00000    6.78305E-10
   11   -3.07692E-02    5.00000E-02    41.6279   -72.0000    1.00000    6.78495E-10
   11   -2.69231E-02   -4.80000E-02    8.73763E-02    242.440    1.00000    4.87891E-13
   11   -2.69231E-02   -4.60000E-02    9.09205E-02    242.241    1.00000    5.29396E-13
   11   -2.69231E-02   -4.40000E-02    9.08474E-02    241.989    1.00000    5.29396E-13
   11   -2.69231E-02   -4.20000E-02    8.89298E-02    241.708    1.00000    5.08432E-13
   11   -2.69231E-02   -4.00000E-02    8.83800E-02    241.450    1.00000    5.03257E-13
   11   -2.69231E-02   -3.80000E-02    8.79230E-02    241.439    1.00000    4.98108E-13
   11   -2.69231E-02   -3.60000E-02    8.79230E-02    241.439    1.00000    4.98108E-13
   11   -2.69231E-02   -3.40000E-02    8.79230E-02    241.439    1.00000    4.98108E-13
   11   -2.69231E-02   -3.20000E-02    8.79230E-02    241.439    1.00000    4.98108E-13
   11   -2.69231E-02   -3.00000E-02    8.79230E-02    241.439    1.00000    4.98108E-13
   11   -2.69231E-02   -2.80000E-02    8.79230E-02    241.439    1.00000    4.98108E-13
   11   -2.69231E-02   -2.60000E-02    8.79230E-02    241.439    1.00000    4.98108E-13
   11   -2.69231E-02   -2.40000E-02    8.79230E-02    241.439    1.00000    4.98108E-13
   11   -2.69231E-02   -2.20000E-02    8.79230E-02    241.439    1.00000    4.98108E-13
   11   -2.69231E-02   -2.00000E-02    8.79230E-02    241.439    1.00000    4.98108E-13
   11   -2.69231E-02   -1.80000E-02    8.79230E-02    241.439    1.00000    4.98108E-13
   11   -2.69231E-02   -1.60000E-02    8.79230E-02    241.439    1.00000    4.98108E-13
   11   -2.69231E-02   -1.40000E-02    8.79230E-02    241.439    1.00000    4.98108E-13
   11   -2.69231E-02   -1.20000E-02    8.79230E-02    241.439    1.00000    4.98108E-13
   11   -2.69231E-02   -1.00000E-02    8.79230E-02    241.439    1.00000    4.98108E-13
   11   -2.69231E-02   -8.00000E-03    8.79230E-02    241.439    1.00000    4.98108E-13
   11   -2.69231E-02   -6.00000E-03    8.79230E-02    241.439    1.00000    4.98108E-13
   11   -2.69231E-02   -4.00000E-03    8.79230E-02    241.439    1.00000    4.98108E-13
   11   -2.69231E-02   -2.00000E-03    8.79230E-02    241.439    1.00000    4.98108E-13
   11   -2.69231E-02  0.    8.79230E-02    241.439    1.00000    4.98108E-13
   11   -2.69231E-02    2.00000E-03    8.79230E-02    241.439    1.00000    4.98108E-13
   11   -2.69231E-02    4.00000E-03    8.79230E-02    241.439    1.00000    4.98108E-13
   11   -2.69231E-02    6.00000E-03    8.79230E-02    241.439    1.00000    4.98108E-13
   11   -2.69231E-02    8.00000E-03    8.79230E-02    241.439    1.00000    4.98108E-13
   11   -2.69231E-02    1.00000E-02    8.79230E-02    241.439    1.00000    4.98108E-13
   11   -2.69231E-02    1.20000E-02    8.79230E-02    241.439    1.00000    4.98108E-13
   11   -2.69231E-02    1.40000E-02    8.79230E-02    241.439    1.00000    4.98108E-13
   11   -2.69231E-02    1.60000E-02    8.79230E-02    241.439    1.00000    4.98108E-13
   11   -2.69231E-02    1.80000E-02    8.79230E-02    241.439    1.00000    4.98108E-13
   11   -2.69231E-02    2.00000E-02    8.79230E-02    241.439    1.00000    4.98108E-13
   11   -2.69231E-02    2.20000E-02    8.79230E-02    241.439    1.00000    4.98108E-13
   11   -2.69231E-02    2.40000E-02    8.79230E-02    241.439    1.00000    4.98108E-13
   11   -2.69231E-02    2.60000E-02    8.81457E-02    241.428    1.00000    5.00679E-13
   11   -2.69231E-02    2.80000E-02    8.84778E-02    241.407    1.00000    5.04548E-13
   11   -2.69231E-02    3.00000E-02    8.84738E-02    241.396    1.00000    5.04548E-13
   11   -2.69231E-02    3.20000E-02    8.84345E-02    241.385    1.00000    5.04144E-13
   11   -2.69231E-02    3.40000E-02    8.83488E-02    241.364    1.00000    5.03257E-13
   11   -2.69231E-02    3.60000E-02    8.85715E-02    241.353    1.00000    5.05841E-13
   11   -2.69231E-02    3.80000E-02    8.78724E-02    241.301    1.00000    4.98108E-13
   11   -2.69231E-02    4.00000E-02    8.78445E-02    241.226    1.00000    4.98108E-13
   11   -2.69231E-02    4.20000E-02    8.87286E-02    241.161    1.00000    5.08432E-13
   11   -2.69231E-02    4.40000E-02    8.68930E-02    241.092    1.00000    4.87891E-13
   11   -2.69231E-02    4.60000E-02    8.68651E-02    241.029    1.00000    4.87891E-13
   11   -2.69231E-02    4.80000E-02    9.04625E-02    240.949    1.00000    5.29396E-13
   11   -2.69231E-02    5.00000E-02    9.04339E-02    240.873    1.00000    5.29396E-13
   11   -2.30769E-02   -4.80000E-02   -1.00755    124.793    1.00000    2.73220E-09
   11   -2.30769E-02   -4.60000E-02   -1.01717    126.133    1.00000    2.72612E-09
   11   -2.30769E-02   -4.40000E-02   -1.03036    127.622    1.00000    2.73220E-09
   11   -2.30769E-02   -4.20000E-02   -1.04384    129.218    1.00000    2.73525E-09
   11   -2.30769E-02   -4.00000E-02   -1.05708    130.858    1.00000    2.73525E-09
   11   -2.30769E-02   -3.80000E-02   -1.05708    130.858    1.00000    2.73525E-09
   11   -2.30769E-02   -3.60000E-02   -1.05708    130.858    1.00000    2.73525E-09
   11   -2.30769E-02   -3.40000E-02   -1.05708    130.858    1.00000    2.73525E-09
   11   -2.30769E-02   -3.20000E-02   -1.05708    130.858    1.00000    2.73525E-09
   11   -2.30769E-02   -3.00000E-02   -1.05708    130.858    1.00000    2.73525E-09
   11   -2.30769E-02   -2.80000E-02   -1.05708    130.858    1.00000    2.73525E-09
   11   -2.30769E-02   -2.60000E-02   -1.05708    130.858    1.00000    2.73525E-09
   11   -2.30769E-02   -2.40000E-02   -1.05708    130.858    1.00000    2.73525E-09
   11   -2.30769E-02   -2.20000E-02   -1.05708    130.858    1.00000    2.73525E-09
   11   -2.30769E-02   -2.00000E-02   -1.05708    130.858    1.00000    2.73525E-09
   11   -2.30769E-02   -1.80000E-02   -1.05708    130.858    1.00000    2.73525E-09
   11   -2.30769E-02   -1.60000E-02   -1.05708    130.858    1.00000    2.73525E-09
   11   -2.30769E-02   -1.40000E-02   -1.05708    130.858    1.00000    2.73525E-09
   11   -2.30769E-02   -1.20000E-02   -1.05708    130.858    1.00000    2.73525E-09
   11   -2.30769E-02   -1.00000E-02   -1.05708    130.858    1.00000    2.73525E-09
   11   -2.30769E-02   -8.00000E-03   -1.05708    130.858    1.00000    2.73525E-09
   11   -2.30769E-02   -6.00000E-03   -1.05708    130.858    1.00000    2.73525E-09
   11   -2.30769E-02   -4.00000E-03   -1.05708    130.858    1.00000    2.73525E-09
   11   -2.30769E-02   -2.00000E-03   -1.05708    130.858    1.00000    2.73525E-09
   11   -2.30769E-02  0.   -1.05708    130.858    1.00000    2.73525E-09
   11   -2.30769E-02    2.00000E-03   -1.05708    130.858    1.00000    2.73525E-09
   11   -2.30769E-02    4.00000E-03   -1.05708    130.858    1.00000    2.73525E-09
   11   -2.30769E-02    6.00000E-03   -1.05708    130.858    1.00000    2.73525E-09
   11   -2.30769E-02    8.00000E-03   -1.05708    130.858    1.00000    2.73525E-09
   11   -2.30769E-02    1.00000E-02   -1.05708    130.858    1.00000    2.73525E-09
   11   -2.30769E-02    1.20000E-02   -1.05708    130.858    1.00000    2.73525E-09
   11   -2.30769E-02    1.40000E-02   -1.05708    130.858    1.00000    2.73525E-09
   11   -2.30769E-02    1.60000E-02   -1.05708    130.858    1.00000    2.73525E-09
   11   -2.30769E-02    1.80000E-02   -1.05708    130.858    1.00000    2.73525E-09
   11   -2.30769E-02    2.00000E-02   -1.05708    130.858    1.00000    2.73525E-09
   11   -2.30769E-02    2.20000E-02   -1.05708    130.858    1.00000    2.73525E-09
   11   -2.30769E-02    2.40000E-02   -1.05708    130.858    1.00000    2.73525E-09
   11   -2.30769E-02    2.60000E-02   -1.05779    130.927    1.00000    2.73601E-09
   11   -2.30769E-02    2.80000E-02   -1.05835    130.996    1.00000    2.73601E-09
   11   -2.30769E-02    3.00000E-02   -1.05962    131.135    1.00000    2.73677E-09
   11   -2.30769E-02    3.20000E-02   -1.06010    131.204    1.00000    2.73639E-09
   11   -2.30769E-02    3.40000E-02   -1.06130    131.344    1.00000    2.73677E-09
   11   -2.30769E-02    3.60000E-02   -1.06183    131.413    1.00000    2.73658E-09
   11   -2.30769E-02    3.80000E-02   -1.06469    131.763    1.00000    2.73677E-09
   11   -2.30769E-02    4.00000E-02   -1.06825    132.185    1.00000    2.73753E-09
   11   -2.30769E-02    4.20000E-02   -1.07211    132.681    1.00000    2.73677E-09
   11   -2.30769E-02    4.40000E-02   -1.07587    133.110    1.00000    2.73829E-09
   11   -2.30769E-02    4.60000E-02   -1.07932    133.612    1.00000    2.73525E-09
   11   -2.30769E-02    4.80000E-02   -1.08284    134.046    1.00000    2.73525E-09
   11   -2.30769E-02    5.00000E-02   -1.08755    134.486    1.00000    2.74134E-09
   11   -1.92308E-02   -4.80000E-02  -0.966803    85.8451    1.00000    2.36855E-08
   11   -1.92308E-02   -4.60000E-02  -0.975977    86.7282    1.00000    2.36497E-08
   11   -1.92308E-02   -4.40000E-02  -0.987039    87.7127    1.00000    2.36497E-08
   11   -1.92308E-02   -4.20000E-02  -0.999229    88.7635    1.00000    2.36676E-08
   11   -1.92308E-02   -4.00000E-02   -1.01015    89.7501    1.00000    2.36587E-08
   11   -1.92308E-02   -3.80000E-02   -1.01015    89.7501    1.00000    2.36587E-08
   11   -1.92308E-02   -3.60000E-02   -1.01015    89.7501    1.00000    2.36587E-08
   11   -1.92308E-02   -3.40000E-02   -1.01015    89.7501    1.00000    2.36587E-08
   11   -1.92308E-02   -3.20000E-02   -1.01015    89.7501    1.00000    2.36587E-08
   11   -1.92308E-02   -3.00000E-02   -1.01015    89.7501    1.00000    2.36587E-08
   11   -1.92308E-02   -2.80000E-02   -1.01015    89.7501    1.00000    2.36587E-08
   11   -1.92308E-02   -2.60000E-02   -1.01015    89.7501    1.00000    2.36587E-08
   11   -1.92308E-02   -2.40000E-02   -1.01015    89.7501    1.00000    2.36587E-08
   11   -1.92308E-02   -2.20000E-02   -1.01015    89.7501    1.00000    2.36587E-08
   11   -1.92308E-02   -2.00000E-02   -1.01015    89.7501    1.00000    2.36587E-08
   11   -1.92308E-02   -1.80000E-02   -1.01015    89.7501    1.00000    2.36587E-08
   11   -1.92308E-02   -1.60000E-02   -1.01015    89.7501    1.00000    2.36587E-08
   11   -1.92308E-02   -1.40000E-02   -1.01015    89.7501    1.00000    2.36587E-08
   11   -1.92308E-02   -1.20000E-02   -1.01015    89.7501    1.00000    2.36587E-08
   11   -1.92308E-02   -1.00000E-02   -1.01015    89.7501    1.00000    2.36587E-08
   11   -1.92308E-02   -8.00000E-03   -1.01015    89.7501    1.00000    2.36587E-08
   11   -1.92308E-02   -6.00000E-03   -1.01015    89.7501    1.00000    2.36587E-08
   11   -1.92308E-02   -4.00000E-03   -1.01015    89.7501    1.00000    2.36587E-08
   11   -1.92308E-02   -2.00000E-03   -1.01015    89.7501    1.00000    2.36587E-08
   11   -1.92308E-02  0.   -1.01015    89.7501    1.00000    2.36587E-08
   11   -1.92308E-02    2.00000E-03   -1.01015    89.7501    1.00000    2.36587E-08
   11   -1.92308E-02    4.00000E-03   -1.01015    89.7501    1.00000    2.36587E-08
   11   -1.92308E-02    6.00000E-03   -1.01015    89.7501    1.00000    2.36587E-08
   11   -1.92308E-02    8.00000E-03   -1.01015    89.7501    1.00000    2.36587E-08
   11   -1.92308E-02    1.00000E-02   -1.01015    89.7501    1.00000    2.36587E-08
   11   -1.92308E-02    1.20000E-02   -1.01015    89.7501    1.00000    2.36587E-08
   11   -1.92308E-02    1.40000E-02   -1.01015    89.7501    1.00000    2.36587E-08
   11   -1.92308E-02    1.60000E-02   -1.01015    89.7501    1.00000    2.36587E-08
   11   -1.92308E-02    1.80000E-02   -1.01015    89.7501    1.00000    2.36587E-08
   11   -1.92308E-02    2.00000E-02   -1.01015    89.7501    1.00000    2.36587E-08
   11   -1.92308E-02    2.20000E-02   -1.01015    89.7501    1.00000    2.36587E-08
   11   -1.92308E-02    2.40000E-02   -1.01015    89.7501    1.00000    2.36587E-08
   11   -1.92308E-02    2.60000E-02   -1.01085    89.7954    1.00000    2.36676E-08
   11   -1.92308E-02    2.80000E-02   -1.01127    89.8408    1.00000    2.36631E-08
   11   -1.92308E-02    3.00000E-02   -1.01220    89.9318    1.00000    2.36587E-08
   11   -1.92308E-02    3.20000E-02   -1.01271    89.9774    1.00000    2.36587E-08
   11   -1.92308E-02    3.40000E-02   -1.01373    90.0686    1.00000    2.36587E-08
   11   -1.92308E-02    3.60000E-02   -1.01430    90.1142    1.00000    2.36609E-08
   11   -1.92308E-02    3.80000E-02   -1.01635    90.2974    1.00000    2.36603E-08
   11   -1.92308E-02    4.00000E-02   -1.01999    90.6198    1.00000    2.36609E-08
   11   -1.92308E-02    4.20000E-02   -1.02369    90.9445    1.00000    2.36631E-08
   11   -1.92308E-02    4.40000E-02   -1.02674    91.2245    1.00000    2.36587E-08
   11   -1.92308E-02    4.60000E-02   -1.02992    91.5064    1.00000    2.36587E-08
   11   -1.92308E-02    4.80000E-02   -1.03385    91.8377    1.00000    2.36676E-08
   11   -1.92308E-02    5.00000E-02   -1.03666    92.1228    1.00000    2.36497E-08
   11   -1.53846E-02   -4.80000E-02   -9.48971    35.9217    1.00000    1.76012E-05
   11   -1.53846E-02   -4.60000E-02   -9.50376E-02    68.4231    1.00000    1.10854E-09
   11   -1.53846E-02   -4.40000E-02   -9.54697E-02    68.4940    1.00000    1.11631E-09
   11   -1.53846E-02   -4.20000E-02   -9.54134E-02    68.5728    1.00000    1.11242E-09
   11   -1.53846E-02   -4.00000E-02   -9.55095E-02    68.6415    1.00000    1.11242E-09
   11   -1.53846E-02   -3.80000E-02   -9.55095E-02    68.6415    1.00000    1.11242E-09
   11   -1.53846E-02   -3.60000E-02   -9.55095E-02    68.6415    1.00000    1.11242E-09
   11   -1.53846E-02   -3.40000E-02   -9.55095E-02    68.6415    1.00000    1.11242E-09
   11   -1.53846E-02   -3.20000E-02   -9.55095E-02    68.6415    1.00000    1.11242E-09
   11   -1.53846E-02   -3.00000E-02   -9.55095E-02    68.6415    1.00000    1.11242E-09
   11   -1.53846E-02   -2.80000E-02   -9.55095E-02    68.6415    1.00000    1.11242E-09
   11   -1.53846E-02   -2.60000E-02   -9.55095E-02    68.6415    1.00000    1.11242E-09
   11   -1.53846E-02   -2.40000E-02   -9.55095E-02    68.6415    1.00000    1.11242E-09
   11   -1.53846E-02   -2.20000E-02   -9.55095E-02    68.6415    1.00000    1.11242E-09
   11   -1.53846E-02   -2.00000E-02   -9.55095E-02    68.6415    1.00000    1.11242E-09
   11   -1.53846E-02   -1.80000E-02   -9.55095E-02    68.6415    1.00000    1.11242E-09
   11   -1.53846E-02   -1.60000E-02   -9.55095E-02    68.6415    1.00000    1.11242E-09
   11   -1.53846E-02   -1.40000E-02   -9.55095E-02    68.6415    1.00000    1.11242E-09
   11   -1.53846E-02   -1.20000E-02   -9.55095E-02    68.6415    1.00000    1.11242E-09
   11   -1.53846E-02   -1.00000E-02   -9.55095E-02    68.6415    1.00000    1.11242E-09
   11   -1.53846E-02   -8.00000E-03   -9.55095E-02    68.6415    1.00000    1.11242E-09
   11   -1.53846E-02   -6.00000E-03   -9.55095E-02    68.6415    1.00000    1.11242E-09
   11   -1.53846E-02   -4.00000E-03   -9.55095E-02    68.6415    1.00000    1.11242E-09
   11   -1.53846E-02   -2.00000E-03   -9.55095E-02    68.6415    1.00000    1.11242E-09
   11   -1.53846E-02  0.   -9.55095E-02    68.6415    1.00000    1.11242E-09
   11   -1.53846E-02    2.00000E-03   -9.55095E-02    68.6415    1.00000    1.11242E-09
   11   -1.53846E-02    4.00000E-03   -9.55095E-02    68.6415    1.00000    1.11242E-09
   11   -1.53846E-02    6.00000E-03   -9.55095E-02    68.6415    1.00000    1.11242E-09
   11   -1.53846E-02    8.00000E-03   -9.55095E-02    68.6415    1.00000    1.11242E-09
   11   -1.53846E-02    1.00000E-02   -9.55095E-02    68.6415    1.00000    1.11242E-09
   11   -1.53846E-02    1.20000E-02   -9.55095E-02    68.6415    1.00000    1.11242E-09
   11   -1.53846E-02    1.40000E-02   -9.55095E-02    68.6415    1.00000    1.11242E-09
   11   -1.53846E-02    1.60000E-02   -9.55095E-02    68.6415    1.00000    1.11242E-09
   11   -1.53846E-02    1.80000E-02   -9.55095E-02    68.6415    1.00000    1.11242E-09
   11   -1.53846E-02    2.00000E-02   -9.55095E-02    68.6415    1.00000    1.11242E-09
   11   -1.53846E-02    2.20000E-02   -9.55095E-02    68.6415    1.00000    1.11242E-09
   11   -1.53846E-02    2.40000E-02   -9.55095E-02    68.6415    1.00000    1.11242E-09
   11   -1.53846E-02    2.60000E-02   -9.53473E-02    68.6449    1.00000    1.10854E-09
   11   -1.53846E-02    2.80000E-02   -9.54352E-02    68.6481    1.00000    1.11048E-09
   11   -1.53846E-02    3.00000E-02   -9.54444E-02    68.6547    1.00000    1.11048E-09
   11   -1.53846E-02    3.20000E-02   -9.53655E-02    68.6580    1.00000    1.10854E-09
   11   -1.53846E-02    3.40000E-02   -9.54534E-02    68.6613    1.00000    1.11048E-09
   11   -1.53846E-02    3.60000E-02   -9.55042E-02    68.6678    1.00000    1.11145E-09
   11   -1.53846E-02    3.80000E-02   -9.55225E-02    68.6809    1.00000    1.11145E-09
   11   -1.53846E-02    4.00000E-02   -9.55544E-02    68.7039    1.00000    1.11145E-09
   11   -1.53846E-02    4.20000E-02   -9.56236E-02    68.7236    1.00000    1.11242E-09
   11   -1.53846E-02    4.40000E-02   -9.56555E-02    68.7466    1.00000    1.11242E-09
   11   -1.53846E-02    4.60000E-02   -9.57664E-02    68.7664    1.00000    1.11436E-09
   11   -1.53846E-02    4.80000E-02   -9.57155E-02    68.7894    1.00000    1.11242E-09
   11   -1.53846E-02    5.00000E-02   -9.57421E-02    68.8091    1.00000    1.11242E-09
   11   -1.15385E-02   -5.00000E-02   -18.1805   0.325194    1.00000    1.94413E-09
   11   -1.15385E-02   -4.80000E-02   -12.8181    19.3818    1.00000    7.59892E-05
   11   -1.15385E-02   -4.60000E-02  -0.252557    54.8842    1.00000    2.83372E-08
   11   -1.15385E-02   -4.40000E-02  -0.253787    55.0361    1.00000    2.84549E-08
   11   -1.15385E-02   -4.20000E-02  -0.254210    55.2047    1.00000    2.83764E-08
   11   -1.15385E-02   -4.00000E-02  -0.254945    55.3453    1.00000    2.83960E-08
   11   -1.15385E-02   -3.80000E-02  -0.254945    55.3453    1.00000    2.83960E-08
   11   -1.15385E-02   -3.60000E-02  -0.254945    55.3453    1.00000    2.83960E-08
   11   -1.15385E-02   -3.40000E-02  -0.254945    55.3453    1.00000    2.83960E-08
   11   -1.15385E-02   -3.20000E-02  -0.254945    55.3453    1.00000    2.83960E-08
   11   -1.15385E-02   -3.00000E-02  -0.254945    55.3453    1.00000    2.83960E-08
   11   -1.15385E-02   -2.80000E-02  -0.254945    55.3453    1.00000    2.83960E-08
   11   -1.15385E-02   -2.60000E-02  -0.254945    55.3453    1.00000    2.83960E-08
   11   -1.15385E-02   -2.40000E-02  -0.254945    55.3453    1.00000    2.83960E-08
   11   -1.15385E-02   -2.20000E-02  -0.254945    55.3453    1.00000    2.83960E-08
   11   -1.15385E-02   -2.00000E-02  -0.254945    55.3453    1.00000    2.83960E-08
   11   -1.15385E-02   -1.80000E-02  -0.254945    55.3453    1.00000    2.83960E-08
   11   -1.15385E-02   -1.60000E-02  -0.254945    55.3453    1.00000    2.83960E-08
   11   -1.15385E-02   -1.40000E-02  -0.254945    55.3453    1.00000    2.83960E-08
   11   -1.15385E-02   -1.20000E-02  -0.254945    55.3453    1.00000    2.83960E-08
   11   -1.15385E-02   -1.00000E-02  -0.254945    55.3453    1.00000    2.83960E-08
   11   -1.15385E-02   -8.00000E-03  -0.254945    55.3453    1.00000    2.83960E-08
   11   -1.15385E-02   -6.00000E-03  -0.254945    55.3453    1.00000    2.83960E-08
   11   -1.15385E-02   -4.00000E-03  -0.254945    55.3453    1.00000    2.83960E-08
   11   -1.15385E-02   -2.00000E-03  -0.254945    55.3453    1.00000    2.83960E-08
   11   -1.15385E-02  0.  -0.254945    55.3453    1.00000    2.83960E-08
   11   -1.15385E-02    2.00000E-03  -0.254945    55.3453    1.00000    2.83960E-08
   11   -1.15385E-02    4.00000E-03  -0.254945    55.3453    1.00000    2.83960E-08
   11   -1.15385E-02    6.00000E-03  -0.254945    55.3453    1.00000    2.83960E-08
   11   -1.15385E-02    8.00000E-03  -0.254945    55.3453    1.00000    2.83960E-08
   11   -1.15385E-02    1.00000E-02  -0.254945    55.3453    1.00000    2.83960E-08
   11   -1.15385E-02    1.20000E-02  -0.254945    55.3453    1.00000    2.83960E-08
   11   -1.15385E-02    1.40000E-02  -0.254945    55.3453    1.00000    2.83960E-08
   11   -1.15385E-02    1.60000E-02  -0.254945    55.3453    1.00000    2.83960E-08
   11   -1.15385E-02    1.80000E-02  -0.254945    55.3453    1.00000    2.83960E-08
   11   -1.15385E-02    2.00000E-02  -0.254945    55.3453    1.00000    2.83960E-08
   11   -1.15385E-02    2.20000E-02  -0.254945    55.3453    1.00000    2.83960E-08
   11   -1.15385E-02    2.40000E-02  -0.254945    55.3453    1.00000    2.83960E-08
   11   -1.15385E-02    2.60000E-02  -0.254978    55.3524    1.00000    2.83960E-08
   11   -1.15385E-02    2.80000E-02  -0.254923    55.3595    1.00000    2.83764E-08
   11   -1.15385E-02    3.00000E-02  -0.255032    55.3736    1.00000    2.83862E-08
   11   -1.15385E-02    3.20000E-02  -0.255064    55.3806    1.00000    2.83862E-08
   11   -1.15385E-02    3.40000E-02  -0.255140    55.3877    1.00000    2.83960E-08
   11   -1.15385E-02    3.60000E-02  -0.255162    55.4018    1.00000    2.83862E-08
   11   -1.15385E-02    3.80000E-02  -0.255292    55.4301    1.00000    2.83862E-08
   11   -1.15385E-02    4.00000E-02  -0.255498    55.4797    1.00000    2.83813E-08
   11   -1.15385E-02    4.20000E-02  -0.255683    55.5222    1.00000    2.83789E-08
   11   -1.15385E-02    4.40000E-02  -0.255901    55.5720    1.00000    2.83764E-08
   11   -1.15385E-02    4.60000E-02  -0.256053    55.6146    1.00000    2.83666E-08
   11   -1.15385E-02    4.80000E-02  -0.256327    55.6646    1.00000    2.83764E-08
   11   -1.15385E-02    5.00000E-02  -0.256435    55.7073    1.00000    2.83568E-08
   11   -7.69231E-03   -5.00000E-02   -18.1974   0.108483    1.00000    7.20049E-10
   11   -7.69231E-03   -4.80000E-02   -16.3504    6.75607    1.00000    1.47652E-04
   11   -7.69231E-03   -4.60000E-02    9.90316E-02    46.8277    1.00000    1.21797E-08
   11   -7.69231E-03   -4.40000E-02    9.87153E-02    46.7764    1.00000    1.21284E-08
   11   -7.69231E-03   -4.20000E-02    9.89112E-02    46.7214    1.00000    1.22054E-08
   11   -7.69231E-03   -4.00000E-02    9.86621E-02    46.6775    1.00000    1.21669E-08
   11   -7.69231E-03   -3.80000E-02    9.86621E-02    46.6775    1.00000    1.21669E-08
   11   -7.69231E-03   -3.60000E-02    9.86621E-02    46.6775    1.00000    1.21669E-08
   11   -7.69231E-03   -3.40000E-02    9.86621E-02    46.6775    1.00000    1.21669E-08
   11   -7.69231E-03   -3.20000E-02    9.86621E-02    46.6775    1.00000    1.21669E-08
   11   -7.69231E-03   -3.00000E-02    9.86621E-02    46.6775    1.00000    1.21669E-08
   11   -7.69231E-03   -2.80000E-02    9.86621E-02    46.6775    1.00000    1.21669E-08
   11   -7.69231E-03   -2.60000E-02    9.86621E-02    46.6775    1.00000    1.21669E-08
   11   -7.69231E-03   -2.40000E-02    9.86621E-02    46.6775    1.00000    1.21669E-08
   11   -7.69231E-03   -2.20000E-02    9.86621E-02    46.6775    1.00000    1.21669E-08
   11   -7.69231E-03   -2.00000E-02    9.86621E-02    46.6775    1.00000    1.21669E-08
   11   -7.69231E-03   -1.80000E-02    9.86621E-02    46.6775    1.00000    1.21669E-08
   11   -7.69231E-03   -1.60000E-02    9.86621E-02    46.6775    1.00000    1.21669E-08
   11   -7.69231E-03   -1.40000E-02    9.86621E-02    46.6775    1.00000    1.21669E-08
   11   -7.69231E-03   -1.20000E-02    9.86621E-02    46.6775    1.00000    1.21669E-08
   11   -7.69231E-03   -1.00000E-02    9.86621E-02    46.6775    1.00000    1.21669E-08
   11   -7.69231E-03   -8.00000E-03    9.86621E-02    46.6775    1.00000    1.21669E-08
   11   -7.69231E-03   -6.00000E-03    9.86621E-02    46.6775    1.00000    1.21669E-08
   11   -7.69231E-03   -4.00000E-03    9.86621E-02    46.6775    1.00000    1.21669E-08
   11   -7.69231E-03   -2.00000E-03    9.86621E-02    46.6775    1.00000    1.21669E-08
   11   -7.69231E-03  0.    9.86621E-02    46.6775    1.00000    1.21669E-08
   11   -7.69231E-03    2.00000E-03    9.86621E-02    46.6775    1.00000    1.21669E-08
   11   -7.69231E-03    4.00000E-03    9.86621E-02    46.6775    1.00000    1.21669E-08
   11   -7.69231E-03    6.00000E-03    9.86621E-02    46.6775    1.00000    1.21669E-08
   11   -7.69231E-03    8.00000E-03    9.86621E-02    46.6775    1.00000    1.21669E-08
   11   -7.69231E-03    1.00000E-02    9.86621E-02    46.6775    1.00000    1.21669E-08
   11   -7.69231E-03    1.20000E-02    9.86621E-02    46.6775    1.00000    1.21669E-08
   11   -7.69231E-03    1.40000E-02    9.86621E-02    46.6775    1.00000    1.21669E-08
   11   -7.69231E-03    1.60000E-02    9.86621E-02    46.6775    1.00000    1.21669E-08
   11   -7.69231E-03    1.80000E-02    9.86621E-02    46.6775    1.00000    1.21669E-08
   11   -7.69231E-03    2.00000E-02    9.86621E-02    46.6775    1.00000    1.21669E-08
   11   -7.69231E-03    2.20000E-02    9.86621E-02    46.6775    1.00000    1.21669E-08
   11   -7.69231E-03    2.40000E-02    9.86621E-02    46.6775    1.00000    1.21669E-08
   11   -7.69231E-03    2.60000E-02    9.86051E-02    46.6751    1.00000    1.21540E-08
   11   -7.69231E-03    2.80000E-02    9.86003E-02    46.6728    1.00000    1.21540E-08
   11   -7.69231E-03    3.00000E-02    9.86995E-02    46.6706    1.00000    1.21797E-08
   11   -7.69231E-03    3.20000E-02    9.86898E-02    46.6660    1.00000    1.21797E-08
   11   -7.69231E-03    3.40000E-02    9.86849E-02    46.6637    1.00000    1.21797E-08
   11   -7.69231E-03    3.60000E-02    9.85710E-02    46.6590    1.00000    1.21540E-08
   11   -7.69231E-03    3.80000E-02    9.86036E-02    46.6498    1.00000    1.21669E-08
   11   -7.69231E-03    4.00000E-02    9.85566E-02    46.6338    1.00000    1.21637E-08
   11   -7.69231E-03    4.20000E-02    9.85469E-02    46.6200    1.00000    1.21685E-08
   11   -7.69231E-03    4.40000E-02    9.85195E-02    46.6039    1.00000    1.21701E-08
   11   -7.69231E-03    4.60000E-02    9.85033E-02    46.5901    1.00000    1.21733E-08
   11   -7.69231E-03    4.80000E-02    9.84483E-02    46.5764    1.00000    1.21669E-08
   11   -7.69231E-03    5.00000E-02    9.84145E-02    46.5603    1.00000    1.21669E-08
   11   -3.84615E-03   -5.00000E-02   -18.1948    8.03912E-02    1.00000    1.03238E-09
   11   -3.84615E-03   -4.80000E-02   -16.5426    5.68173    1.00000    1.80487E-04
   11   -3.84615E-03   -4.60000E-02   -5.85225    30.0407    1.00000    1.00996E-04
   11   -3.84615E-03   -4.40000E-02   -2.75450E-02    40.0992    1.00000    2.32285E-09
   11   -3.84615E-03   -4.20000E-02   -2.74212E-02    40.1126    1.00000    2.30046E-09
   11   -3.84615E-03   -4.00000E-02   -2.76281E-02    40.1229    1.00000    2.33408E-09
   11   -3.84615E-03   -3.80000E-02   -2.76281E-02    40.1229    1.00000    2.33408E-09
   11   -3.84615E-03   -3.60000E-02   -2.76281E-02    40.1229    1.00000    2.33408E-09
   11   -3.84615E-03   -3.40000E-02   -2.76281E-02    40.1229    1.00000    2.33408E-09
   11   -3.84615E-03   -3.20000E-02   -2.76281E-02    40.1229    1.00000    2.33408E-09
   11   -3.84615E-03   -3.00000E-02   -2.76281E-02    40.1229    1.00000    2.33408E-09
   11   -3.84615E-03   -2.80000E-02   -2.76281E-02    40.1229    1.00000    2.33408E-09
   11   -3.84615E-03   -2.60000E-02   -2.76281E-02    40.1229    1.00000    2.33408E-09
   11   -3.84615E-03   -2.40000E-02   -2.76281E-02    40.1229    1.00000    2.33408E-09
   11   -3.84615E-03   -2.20000E-02   -2.76281E-02    40.1229    1.00000    2.33408E-09
   11   -3.84615E-03   -2.00000E-02   -2.76281E-02    40.1229    1.00000    2.33408E-09
   11   -3.84615E-03   -1.80000E-02   -2.76281E-02    40.1229    1.00000    2.33408E-09
   11   -3.84615E-03   -1.60000E-02   -2.76281E-02    40.1229    1.00000    2.33408E-09
   11   -3.84615E-03   -1.40000E-02   -2.76281E-02    40.1229    1.00000    2.33408E-09
   11   -3.84615E-03   -1.20000E-02   -2.76281E-02    40.1229    1.00000    2.33408E-09
   11   -3.84615E-03   -1.00000E-02   -2.76281E-02    40.1229    1.00000    2.33408E-09
   11   -3.84615E-03   -8.00000E-03   -2.76281E-02    40.1229    1.00000    2.33408E-09
   11   -3.84615E-03   -6.00000E-03   -2.76281E-02    40.1229    1.00000    2.33408E-09
   11   -3.84615E-03   -4.00000E-03   -2.76281E-02    40.1229    1.00000    2.33408E-09
   11   -3.84615E-03   -2.00000E-03   -2.76281E-02    40.1229    1.00000    2.33408E-09
   11   -3.84615E-03  0.   -2.76281E-02    40.1229    1.00000    2.33408E-09
   11   -3.84615E-03    2.00000E-03   -2.76281E-02    40.1229    1.00000    2.33408E-09
   11   -3.84615E-03    4.00000E-03   -2.76281E-02    40.1229    1.00000    2.33408E-09
   11   -3.84615E-03    6.00000E-03   -2.76281E-02    40.1229    1.00000    2.33408E-09
   11   -3.84615E-03    8.00000E-03   -2.76281E-02    40.1229    1.00000    2.33408E-09
   11   -3.84615E-03    1.00000E-02   -2.76281E-02    40.1229    1.00000    2.33408E-09
   11   -3.84615E-03    1.20000E-02   -2.76281E-02    40.1229    1.00000    2.33408E-09
   11   -3.84615E-03    1.40000E-02   -2.76281E-02    40.1229    1.00000    2.33408E-09
   11   -3.84615E-03    1.60000E-02   -2.76281E-02    40.1229    1.00000    2.33408E-09
   11   -3.84615E-03    1.80000E-02   -2.76281E-02    40.1229    1.00000    2.33408E-09
   11   -3.84615E-03    2.00000E-02   -2.76281E-02    40.1229    1.00000    2.33408E-09
   11   -3.84615E-03    2.20000E-02   -2.76281E-02    40.1229    1.00000    2.33408E-09
   11   -3.84615E-03    2.40000E-02   -2.76281E-02    40.1229    1.00000    2.33408E-09
   11   -3.84615E-03    2.60000E-02   -2.76285E-02    40.1234    1.00000    2.33408E-09
   11   -3.84615E-03    2.80000E-02   -2.76289E-02    40.1240    1.00000    2.33408E-09
   11   -3.84615E-03    3.00000E-02   -2.75627E-02    40.1246    1.00000    2.32285E-09
   11   -3.84615E-03    3.20000E-02   -2.75634E-02    40.1257    1.00000    2.32285E-09
   11   -3.84615E-03    3.40000E-02   -2.75638E-02    40.1263    1.00000    2.32285E-09
   11   -3.84615E-03    3.60000E-02   -2.75313E-02    40.1274    1.00000    2.31724E-09
   11   -3.84615E-03    3.80000E-02   -2.75661E-02    40.1296    1.00000    2.32285E-09
   11   -3.84615E-03    4.00000E-02   -2.75684E-02    40.1329    1.00000    2.32285E-09
   11   -3.84615E-03    4.20000E-02   -2.75627E-02    40.1368    1.00000    2.32145E-09
   11   -3.84615E-03    4.40000E-02   -2.75612E-02    40.1406    1.00000    2.32075E-09
   11   -3.84615E-03    4.60000E-02   -2.75427E-02    40.1440    1.00000    2.31724E-09
   11   -3.84615E-03    4.80000E-02    1.49287    39.9547    1.00000    7.26499E-06
   11   -3.84615E-03    5.00000E-02  -0.224697    41.7562    1.00000    1.18381E-07
   11  0.   -5.00000E-02   -18.1948    8.03912E-02    1.00000    1.03238E-09
   11  0.   -4.80000E-02   -16.6745    5.07989    1.00000    2.23163E-04
   11  0.   -4.60000E-02   -8.41508    23.1925    1.00000    3.37683E-04
   11  0.   -4.40000E-02   -3.20989    31.3951    1.00000    6.23209E-05
   11  0.   -4.20000E-02   0.107234    35.3089    1.00000    7.75430E-08
   11  0.   -4.00000E-02   0.107080    35.2729    1.00000    7.74782E-08
   11  0.   -3.80000E-02   0.107080    35.2729    1.00000    7.74782E-08
   11  0.   -3.60000E-02   0.107080    35.2729    1.00000    7.74782E-08
   11  0.   -3.40000E-02   0.107080    35.2729    1.00000    7.74782E-08
   11  0.   -3.20000E-02   0.107080    35.2729    1.00000    7.74782E-08
   11  0.   -3.00000E-02   0.107080    35.2729    1.00000    7.74782E-08
   11  0.   -2.80000E-02   0.107080    35.2729    1.00000    7.74782E-08
   11  0.   -2.60000E-02   0.107080    35.2729    1.00000    7.74782E-08
   11  0.   -2.40000E-02   0.107080    35.2729    1.00000    7.74782E-08
   11  0.   -2.20000E-02   0.107080    35.2729    1.00000    7.74782E-08
   11  0.   -2.00000E-02   0.107080    35.2729    1.00000    7.74782E-08
   11  0.   -1.80000E-02   0.107080    35.2729    1.00000    7.74782E-08
   11  0.   -1.60000E-02   0.107080    35.2729    1.00000    7.74782E-08
   11  0.   -1.40000E-02   0.107080    35.2729    1.00000    7.74782E-08
   11  0.   -1.20000E-02   0.107080    35.2729    1.00000    7.74782E-08
   11  0.   -1.00000E-02   0.107080    35.2729    1.00000    7.74782E-08
   11  0.   -8.00000E-03   0.107080    35.2729    1.00000    7.74782E-08
   11  0.   -6.00000E-03   0.107080    35.2729    1.00000    7.74782E-08
   11  0.   -4.00000E-03   0.107080    35.2729    1.00000    7.74782E-08
   11  0.   -2.00000E-03   0.107080    35.2729    1.00000    7.74782E-08
   11  0.  0.   0.107080    35.2729    1.00000    7.74782E-08
   11  0.    2.00000E-03   0.107080    35.2729    1.00000    7.74782E-08
   11  0.    4.00000E-03   -9.87468E-02    35.1825    1.00000    6.49399E-08
   11  0.    6.00000E-03  -0.305128    35.0918    1.00000    6.11100E-07
   11  0.    8.00000E-03  -0.707733    34.9531    1.00000    3.18787E-06
   11  0.    1.00000E-02  -0.904354    34.9049    1.00000    5.12116E-06
   11  0.    1.20000E-02   -1.07545    34.9440    1.00000    7.01798E-06
   11  0.    1.40000E-02   -1.23666    35.0270    1.00000    8.97640E-06
   11  0.    1.60000E-02   -1.19704    35.1604    1.00000    8.27027E-06
   11  0.    1.80000E-02   -1.11645    35.4300    1.00000    6.95521E-06
   11  0.    2.00000E-02   -1.07541    35.5662    1.00000    6.34475E-06
   11  0.    2.20000E-02   -1.25543    35.6063    1.00000    8.37303E-06
   11  0.    2.40000E-02   -1.20009    35.7910    1.00000    7.50925E-06
   11  0.    2.60000E-02   -1.15906    35.9510    1.00000    6.87744E-06
   11  0.    2.80000E-02   -1.34561    36.0188    1.00000    8.95897E-06
   11  0.    3.00000E-02   -1.30504    36.1818    1.00000    8.27228E-06
   11  0.    3.20000E-02   -1.26454    36.3674    1.00000    7.61489E-06
   11  0.    3.40000E-02   -1.22255    36.5291    1.00000    6.98779E-06
   11  0.    3.60000E-02   -1.18048    36.7122    1.00000    6.38910E-06
   11  0.    3.80000E-02   -1.42064    36.7476    1.00000    9.04175E-06
   11  0.    4.00000E-02   -1.15776    37.0176    1.00000    5.98093E-06
   11  0.    4.20000E-02    1.78340    37.9402    1.00000    1.53169E-05
   11  0.    4.40000E-02    4.26391    38.4689    1.00000    9.41713E-05
   11  0.    4.60000E-02    5.17926    38.6903    1.00000    1.34590E-04
   11  0.    4.80000E-02    4.41235    39.3729    1.00000    7.90745E-05
   11  0.    5.00000E-02   -1.03960    43.3200    1.00000    2.00906E-06
   11    3.84615E-03   -5.00000E-02   -18.1948    8.03912E-02    1.00000    1.03238E-09
   11    3.84615E-03   -4.80000E-02   -16.8678    4.35790    1.00000    2.42812E-04
   11    3.84615E-03   -4.60000E-02   -8.25707    22.2302    1.00000    4.16908E-04
   11    3.84615E-03   -4.40000E-02   -6.67457    24.6541    1.00000    4.09845E-04
   11    3.84615E-03   -4.20000E-02   -1.92455    29.9708    1.00000    4.40909E-05
   11    3.84615E-03   -4.00000E-02    2.35974E-02    31.3971    1.00000    7.48166E-09
   11    3.84615E-03   -3.80000E-02    2.35974E-02    31.3971    1.00000    7.48166E-09
   11    3.84615E-03   -3.60000E-02    2.35974E-02    31.3971    1.00000    7.48166E-09
   11    3.84615E-03   -3.40000E-02  -0.140073    31.3251    1.00000    2.60235E-07
   11    3.84615E-03   -3.20000E-02  -0.468365    31.1810    1.00000    2.83490E-06
   11    3.84615E-03   -3.00000E-02  -0.789630    31.0701    1.00000    7.83882E-06
   11    3.84615E-03   -2.80000E-02   -1.10462    30.9925    1.00000    1.48995E-05
   11    3.84615E-03   -2.60000E-02   -1.04245    31.2019    1.00000    1.28799E-05
   11    3.84615E-03   -2.40000E-02  -0.978818    31.4140    1.00000    1.10204E-05
   11    3.84615E-03   -2.20000E-02   -1.28281    31.4049    1.00000    1.81267E-05
   11    3.84615E-03   -2.00000E-02   -1.22035    31.6201    1.00000    1.59147E-05
   11    3.84615E-03   -1.80000E-02   -1.15635    31.8383    1.00000    1.38604E-05
   11    3.84615E-03   -1.60000E-02   -1.30318    31.8697    1.00000    1.71017E-05
   11    3.84615E-03   -1.40000E-02   -1.05771    32.1709    1.00000    1.10753E-05
   11    3.84615E-03   -1.20000E-02  -0.989922    32.3964    1.00000    9.40625E-06
   11    3.84615E-03   -1.00000E-02   -1.13951    32.4295    1.00000    1.21039E-05
   11    3.84615E-03   -8.00000E-03   -1.07128    32.6588    1.00000    1.03695E-05
   11    3.84615E-03   -6.00000E-03   -1.21228    32.7315    1.00000    1.28723E-05
   11    3.84615E-03   -4.00000E-03   -1.15525    32.9255    1.00000    1.13443E-05
   11    3.84615E-03   -2.00000E-03   -1.10814    33.0833    1.00000    1.02588E-05
   11    3.84615E-03  0.   -1.04913    33.2812    1.00000    8.92138E-06
   11    3.84615E-03    2.00000E-03   -1.19536    33.3566    1.00000    1.12207E-05
   11    3.84615E-03    4.00000E-03  -0.938965    33.6446    1.00000    6.81166E-06
   11    3.84615E-03    6.00000E-03   -1.08675    33.7219    1.00000    8.83812E-06
   11    3.84615E-03    8.00000E-03   -1.24953    33.7576    1.00000    1.13325E-05
   11    3.84615E-03    1.00000E-02  -0.973990    34.0950    1.00000    6.76252E-06
   11    3.84615E-03    1.20000E-02   -1.13876    34.1318    1.00000    8.96385E-06
   11    3.84615E-03    1.40000E-02   -1.08713    34.3017    1.00000    8.02438E-06
   11    3.84615E-03    1.60000E-02   -1.02373    34.5142    1.00000    6.89638E-06
   11    3.84615E-03    1.80000E-02  -0.984439    34.6435    1.00000    6.27282E-06
   11    3.84615E-03    2.00000E-02   -1.14118    34.7256    1.00000    8.15683E-06
   11    3.84615E-03    2.20000E-02   -1.10184    34.8566    1.00000    7.47865E-06
   11    3.84615E-03    2.40000E-02   -1.27574    34.8947    1.00000    9.71436E-06
   11    3.84615E-03    2.60000E-02  -0.995254    35.2276    1.00000    5.80656E-06
   11    3.84615E-03    2.80000E-02   -1.19853    35.2025    1.00000    8.27094E-06
   11    3.84615E-03    3.00000E-02   -1.37777    35.2718    1.00000    1.05683E-05
   11    3.84615E-03    3.20000E-02   -1.34016    35.4521    1.00000    9.80602E-06
   11    3.84615E-03    3.40000E-02   -1.30076    35.6080    1.00000    9.07223E-06
   11    3.84615E-03    3.60000E-02   -1.26171    35.7860    1.00000    8.37236E-06
   11    3.84615E-03    3.80000E-02   0.285025    36.7450    1.00000    4.31406E-07
   11    3.84615E-03    4.00000E-02    2.91941    37.9087    1.00000    4.71180E-05
   11    3.84615E-03    4.20000E-02    5.37408    38.6963    1.00000    1.69317E-04
   11    3.84615E-03    4.40000E-02    5.38650    39.1401    1.00000    1.46491E-04
   11    3.84615E-03    4.60000E-02    4.87882    39.7125    1.00000    9.89988E-05
   11    3.84615E-03    4.80000E-02    4.21349    40.3399    1.00000    6.07601E-05
   11    3.84615E-03    5.00000E-02   -2.39669    45.1664    1.00000    8.21846E-06
   11    7.69231E-03   -5.00000E-02   -18.1974   0.108483    1.00000    7.20049E-10
   11    7.69231E-03   -4.80000E-02   -17.2989    3.01764    1.00000    1.87792E-04
   11    7.69231E-03   -4.60000E-02   -8.22520    21.1642    1.00000    5.21718E-04
   11    7.69231E-03   -4.40000E-02   -6.63313    23.6100    1.00000    5.05310E-04
   11    7.69231E-03   -4.20000E-02   -2.12023    28.5843    1.00000    6.77728E-05
   11    7.69231E-03   -4.00000E-02  -0.973963    29.5552    1.00000    1.56253E-05
   11    7.69231E-03   -3.80000E-02   -1.07139    29.6775    1.00000    1.81485E-05
   11    7.69231E-03   -3.60000E-02   -1.01454    29.8694    1.00000    1.58154E-05
   11    7.69231E-03   -3.40000E-02  -0.956340    30.0639    1.00000    1.36558E-05
   11    7.69231E-03   -3.20000E-02   -1.07524    30.1256    1.00000    1.67759E-05
   11    7.69231E-03   -3.00000E-02   -1.17794    30.2525    1.00000    1.93081E-05
   11    7.69231E-03   -2.80000E-02   -1.11949    30.4521    1.00000    1.69384E-05
   11    7.69231E-03   -2.60000E-02   -1.05979    30.6543    1.00000    1.47417E-05
   11    7.69231E-03   -2.40000E-02   -1.00902    30.8244    1.00000    1.29937E-05
   11    7.69231E-03   -2.20000E-02   -1.13515    30.8889    1.00000    1.59695E-05
   11    7.69231E-03   -2.00000E-02   -1.07370    31.0969    1.00000    1.38691E-05
   11    7.69231E-03   -1.80000E-02   -1.01086    31.3076    1.00000    1.19312E-05
   11    7.69231E-03   -1.60000E-02   -1.15100    31.3384    1.00000    1.50364E-05
   11    7.69231E-03   -1.40000E-02   -1.08767    31.5526    1.00000    1.30282E-05
   11    7.69231E-03   -1.20000E-02   -1.04416    31.6976    1.00000    1.18093E-05
   11    7.69231E-03   -1.00000E-02  -0.990015    31.8792    1.00000    1.03133E-05
   11    7.69231E-03   -8.00000E-03   -1.12391    31.9484    1.00000    1.28949E-05
   11    7.69231E-03   -6.00000E-03   -1.05771    32.1709    1.00000    1.10753E-05
   11    7.69231E-03   -4.00000E-03   -1.20611    32.2033    1.00000    1.39873E-05
   11    7.69231E-03   -2.00000E-03  -0.955397    32.5104    1.00000    8.62690E-06
   11    7.69231E-03  0.   -1.10556    32.5438    1.00000    1.12176E-05
   11    7.69231E-03    2.00000E-03   -1.03644    32.7747    1.00000    9.55537E-06
   11    7.69231E-03    4.00000E-03   -1.00141    32.8912    1.00000    8.78146E-06
   11    7.69231E-03    6.00000E-03   -1.14333    32.9652    1.00000    1.10947E-05
   11    7.69231E-03    8.00000E-03   -1.08484    33.1619    1.00000    9.69188E-06
   11    7.69231E-03    1.00000E-02   -1.03667    33.3218    1.00000    8.69748E-06
   11    7.69231E-03    1.20000E-02   -1.19536    33.3566    1.00000    1.12207E-05
   11    7.69231E-03    1.40000E-02  -0.938965    33.6446    1.00000    6.81166E-06
   11    7.69231E-03    1.60000E-02   -1.08675    33.7219    1.00000    8.83812E-06
   11    7.69231E-03    1.80000E-02   -1.04966    33.8453    1.00000    8.11300E-06
   11    7.69231E-03    2.00000E-02   -1.21301    33.8815    1.00000    1.05079E-05
   11    7.69231E-03    2.20000E-02  -0.935444    34.2211    1.00000    6.13710E-06
   11    7.69231E-03    2.40000E-02   -1.10084    34.2584    1.00000    8.24084E-06
   11    7.69231E-03    2.60000E-02   -1.06308    34.4041    1.00000    7.55205E-06
   11    7.69231E-03    2.80000E-02   -1.02478    34.5496    1.00000    6.89638E-06
   11    7.69231E-03    3.00000E-02  -0.985897    34.6947    1.00000    6.27282E-06
   11    7.69231E-03    3.20000E-02  -0.228679    35.3357    1.00000    3.32205E-07
   11    7.69231E-03    3.40000E-02   0.800777    36.1084    1.00000    4.02291E-06
   11    7.69231E-03    3.60000E-02    2.37775    37.1448    1.00000    3.52487E-05
   11    7.69231E-03    3.80000E-02    4.29267    38.3635    1.00000    1.14860E-04
   11    7.69231E-03    4.00000E-02    7.01932    39.4017    1.00000    3.24548E-04
   11    7.69231E-03    4.20000E-02    6.00048    39.6798    1.00000    1.89280E-04
   11    7.69231E-03    4.40000E-02    5.14113    40.2120    1.00000    1.09333E-04
   11    7.69231E-03    4.60000E-02    4.50087    40.7716    1.00000    6.93711E-05
   11    7.69231E-03    4.80000E-02    3.71966    41.4578    1.00000    3.91308E-05
   11    7.69231E-03    5.00000E-02   -3.57395    46.9339    1.00000    1.44186E-05
   11    1.15385E-02   -5.00000E-02   -18.1805   0.325194    1.00000    1.94413E-09
   11    1.15385E-02   -4.80000E-02   -17.7073    1.70671    1.00000    9.48768E-05
   11    1.15385E-02   -4.60000E-02   -9.27695    18.5921    1.00000    7.56767E-04
   11    1.15385E-02   -4.40000E-02   -6.04657    23.4022    1.00000    5.03104E-04
   11    1.15385E-02   -4.20000E-02   -1.08203    28.8351    1.00000    2.08785E-05
   11    1.15385E-02   -4.00000E-02  -0.999601    29.0323    1.00000    1.81524E-05
   11    1.15385E-02   -3.80000E-02  -0.944729    29.2160    1.00000    1.57683E-05
   11    1.15385E-02   -3.60000E-02   -1.03930    29.3358    1.00000    1.83255E-05
   11    1.15385E-02   -3.40000E-02  -0.983600    29.5233    1.00000    1.59574E-05
   11    1.15385E-02   -3.20000E-02   -1.09939    29.5824    1.00000    1.93828E-05
   11    1.15385E-02   -3.00000E-02   -1.04308    29.7732    1.00000    1.69585E-05
   11    1.15385E-02   -2.80000E-02  -0.985573    29.9664    1.00000    1.47131E-05
   11    1.15385E-02   -2.60000E-02  -0.926861    30.1619    1.00000    1.26436E-05
   11    1.15385E-02   -2.40000E-02   -1.04610    30.2242    1.00000    1.56511E-05
   11    1.15385E-02   -2.20000E-02  -0.997298    30.3893    1.00000    1.38371E-05
   11    1.15385E-02   -2.00000E-02  -0.936823    30.5904    1.00000    1.18589E-05
   11    1.15385E-02   -1.80000E-02   -1.05979    30.6543    1.00000    1.47417E-05
   11    1.15385E-02   -1.60000E-02  -0.998741    30.8590    1.00000    1.27124E-05
   11    1.15385E-02   -1.40000E-02   -1.13515    30.8889    1.00000    1.59695E-05
   11    1.15385E-02   -1.20000E-02   -1.07370    31.0969    1.00000    1.38691E-05
   11    1.15385E-02   -1.00000E-02   -1.04245    31.2019    1.00000    1.28799E-05
   11    1.15385E-02   -8.00000E-03  -0.978818    31.4140    1.00000    1.10204E-05
   11    1.15385E-02   -6.00000E-03   -1.10845    31.4815    1.00000    1.37169E-05
   11    1.15385E-02   -4.00000E-03   -1.05553    31.6607    1.00000    1.20853E-05
   11    1.15385E-02   -2.00000E-03   -1.01148    31.8066    1.00000    1.09148E-05
   11    1.15385E-02  0.  -0.956659    31.9895    1.00000    9.48425E-06
   11    1.15385E-02    2.00000E-03   -1.09096    32.0593    1.00000    1.19650E-05
   11    1.15385E-02    4.00000E-03   -1.05771    32.1709    1.00000    1.10753E-05
   11    1.15385E-02    6.00000E-03  -0.989922    32.3964    1.00000    9.40625E-06
   11    1.15385E-02    8.00000E-03  -0.955397    32.5104    1.00000    8.62690E-06
   11    1.15385E-02    1.00000E-02   -1.10556    32.5438    1.00000    1.12176E-05
   11    1.15385E-02    1.20000E-02   -1.03644    32.7747    1.00000    9.55537E-06
   11    1.15385E-02    1.40000E-02   -1.00141    32.8912    1.00000    8.78146E-06
   11    1.15385E-02    1.60000E-02   -1.15525    32.9255    1.00000    1.13443E-05
   11    1.15385E-02    1.80000E-02   -1.10814    33.0833    1.00000    1.02588E-05
   11    1.15385E-02    2.00000E-02  -0.856521    33.3658    1.00000    6.03086E-06
   11    1.15385E-02    2.20000E-02   -1.01284    33.4015    1.00000    8.18345E-06
   11    1.15385E-02    2.40000E-02  -0.963366    33.5638    1.00000    7.27503E-06
   11    1.15385E-02    2.60000E-02   -3.04092E-02    34.3646    1.00000    7.12355E-09
   11    1.15385E-02    2.80000E-02   0.982075    35.2515    1.00000    7.20549E-06
   11    1.15385E-02    3.00000E-02    2.48660    36.3424    1.00000    4.56395E-05
   11    1.15385E-02    3.20000E-02    3.80557    37.3795    1.00000    1.05240E-04
   11    1.15385E-02    3.40000E-02    4.94040    38.3576    1.00000    1.74160E-04
   11    1.15385E-02    3.60000E-02    6.40494    39.4247    1.00000    2.89761E-04
   11    1.15385E-02    3.80000E-02    7.61131    40.2204    1.00000    3.93978E-04
   11    1.15385E-02    4.00000E-02    6.53263    40.4344    1.00000    2.24804E-04
   11    1.15385E-02    4.20000E-02    5.59789    40.7778    1.00000    1.32651E-04
   11    1.15385E-02    4.40000E-02    4.79951    41.2739    1.00000    7.86684E-05
   11    1.15385E-02    4.60000E-02    4.31545    41.8189    1.00000    5.35320E-05
   11    1.15385E-02    4.80000E-02    3.73187    42.3937    1.00000    3.38779E-05
   11    1.15385E-02    5.00000E-02   -4.96835    49.0199    1.00000    2.16277E-05
   11    1.53846E-02   -4.80000E-02   -18.0576   0.521606    1.00000    1.36308E-05
   11    1.53846E-02   -4.60000E-02   -10.7544    15.5067    1.00000    1.06058E-03
   11    1.53846E-02   -4.40000E-02   -5.09345    23.8275    1.00000    4.11487E-04
   11    1.53846E-02   -4.20000E-02  -0.819049    28.5210    1.00000    1.34475E-05
   11    1.53846E-02   -4.00000E-02   -1.01383    28.5576    1.00000    2.05352E-05
   11    1.53846E-02   -3.80000E-02  -0.961035    28.7353    1.00000    1.79526E-05
   11    1.53846E-02   -3.60000E-02  -0.907179    28.9151    1.00000    1.55618E-05
   11    1.53846E-02   -3.40000E-02   -1.01679    28.9724    1.00000    1.90196E-05
   11    1.53846E-02   -3.20000E-02  -0.962448    29.1552    1.00000    1.65734E-05
   11    1.53846E-02   -3.00000E-02  -0.916944    29.3086    1.00000    1.46480E-05
   11    1.53846E-02   -2.80000E-02  -0.860330    29.4956    1.00000    1.25379E-05
   11    1.53846E-02   -2.60000E-02  -0.973963    29.5552    1.00000    1.56253E-05
   11    1.53846E-02   -2.40000E-02  -0.916819    29.7454    1.00000    1.34586E-05
   11    1.53846E-02   -2.20000E-02  -0.858466    29.9380    1.00000    1.14685E-05
   11    1.53846E-02   -2.00000E-02  -0.985573    29.9664    1.00000    1.47131E-05
   11    1.53846E-02   -1.80000E-02  -0.926861    30.1619    1.00000    1.26436E-05
   11    1.53846E-02   -1.60000E-02   -1.04610    30.2242    1.00000    1.56511E-05
   11    1.53846E-02   -1.40000E-02  -0.997298    30.3893    1.00000    1.38371E-05
   11    1.53846E-02   -1.20000E-02   -1.11949    30.4521    1.00000    1.69384E-05
   11    1.53846E-02   -1.00000E-02   -1.06993    30.6201    1.00000    1.50463E-05
   11    1.53846E-02   -8.00000E-03   -1.02941    30.7563    1.00000    1.37057E-05
   11    1.53846E-02   -6.00000E-03  -0.967613    30.9625    1.00000    1.17573E-05
   11    1.53846E-02   -4.00000E-03   -1.10462    30.9925    1.00000    1.48995E-05
   11    1.53846E-02   -2.00000E-03  -0.872375    31.2766    1.00000    9.14038E-06
   11    1.53846E-02  0.   -1.01086    31.3076    1.00000    1.19312E-05
   11    1.53846E-02    2.00000E-03   -1.14007    31.3745    1.00000    1.47310E-05
   11    1.53846E-02    4.00000E-03  -0.913761    31.6290    1.00000    9.31934E-06
   11    1.53846E-02    6.00000E-03   -1.05553    31.6607    1.00000    1.20853E-05
   11    1.53846E-02    8.00000E-03   -1.01148    31.8066    1.00000    1.09148E-05
   11    1.53846E-02    1.00000E-02  -0.956659    31.9895    1.00000    9.48425E-06
   11    1.53846E-02    1.20000E-02  -0.922970    32.1005    1.00000    8.69405E-06
   11    1.53846E-02    1.40000E-02   -1.05771    32.1709    1.00000    1.10753E-05
   11    1.53846E-02    1.60000E-02  -0.613529    32.5940    1.00000    3.66735E-06
   11    1.53846E-02    1.80000E-02   0.300728    33.4298    1.00000    8.54185E-07
   11    1.53846E-02    2.00000E-02    1.22798    34.2491    1.00000    1.39742E-05
   11    1.53846E-02    2.20000E-02    2.00519    34.9809    1.00000    3.60970E-05
   11    1.53846E-02    2.40000E-02    3.00058    35.8195    1.00000    7.93335E-05
   11    1.53846E-02    2.60000E-02    4.27773    36.9676    1.00000    1.57594E-04
   11    1.53846E-02    2.80000E-02    5.63033    38.1630    1.00000    2.66978E-04
   11    1.53846E-02    3.00000E-02    7.08219    39.3266    1.00000    4.15791E-04
   11    1.53846E-02    3.20000E-02    8.33420    40.3354    1.00000    5.66537E-04
   11    1.53846E-02    3.40000E-02    8.82445    41.0202    1.00000    5.91235E-04
   11    1.53846E-02    3.60000E-02    7.92184    41.1637    1.00000    4.00770E-04
   11    1.53846E-02    3.80000E-02    6.98959    41.2556    1.00000    2.58985E-04
   11    1.53846E-02    4.00000E-02    5.92235    41.4864    1.00000    1.46447E-04
   11    1.53846E-02    4.20000E-02    5.32990    41.8880    1.00000    9.82043E-05
   11    1.53846E-02    4.40000E-02    4.37206    42.3674    1.00000    5.35320E-05
   11    1.53846E-02    4.60000E-02    3.74940    42.9107    1.00000    3.33276E-05
   11    1.53846E-02    4.80000E-02    3.35194    43.4587    1.00000    2.29817E-05
   11    1.53846E-02    5.00000E-02   -7.22221    51.7132    1.00000    3.40143E-05
   11    1.92308E-02   -4.80000E-02   -18.1822    5.32270E-02    1.00000    1.27232E-07
   11    1.92308E-02   -4.60000E-02   -13.4105   10.48680    1.00000    1.22601E-03
   11    1.92308E-02   -4.40000E-02   -4.20236    24.1892    1.00000    3.25129E-04
   11    1.92308E-02   -4.20000E-02  -0.700585    28.1447    1.00000    1.09171E-05
   11    1.92308E-02   -4.00000E-02  -0.897097    28.1299    1.00000    1.78915E-05
   11    1.92308E-02   -3.80000E-02  -0.845208    28.3021    1.00000    1.54591E-05
   11    1.92308E-02   -3.60000E-02  -0.932915    28.4146    1.00000    1.81108E-05
   11    1.92308E-02   -3.40000E-02   -1.03977    28.4696    1.00000    2.18971E-05
   11    1.92308E-02   -3.20000E-02  -0.987602    28.6461    1.00000    1.92212E-05
   11    1.92308E-02   -3.00000E-02  -0.934228    28.8249    1.00000    1.67330E-05
   11    1.92308E-02   -2.80000E-02   -1.05317    28.8510    1.00000    2.07171E-05
   11    1.92308E-02   -2.60000E-02  -0.999601    29.0323    1.00000    1.81524E-05
   11    1.92308E-02   -2.40000E-02  -0.944729    29.2160    1.00000    1.57683E-05
   11    1.92308E-02   -2.20000E-02   -1.05742    29.2741    1.00000    1.92131E-05
   11    1.92308E-02   -2.00000E-02   -1.01163    29.4292    1.00000    1.71200E-05
   11    1.92308E-02   -1.80000E-02  -0.802615    29.6849    1.00000    1.06085E-05
   11    1.92308E-02   -1.60000E-02  -0.916819    29.7454    1.00000    1.34586E-05
   11    1.92308E-02   -1.40000E-02  -0.868503    29.9053    1.00000    1.17541E-05
   11    1.92308E-02   -1.20000E-02  -0.985573    29.9664    1.00000    1.47131E-05
   11    1.92308E-02   -1.00000E-02  -0.936477    30.1290    1.00000    1.29250E-05
   11    1.92308E-02   -8.00000E-03  -0.896985    30.2607    1.00000    1.16721E-05
   11    1.92308E-02   -6.00000E-03   -1.01650    30.3234    1.00000    1.45652E-05
   11    1.92308E-02   -4.00000E-03  -0.967233    30.4895    1.00000    1.28273E-05
   11    1.92308E-02   -2.00000E-03  -0.925937    30.6249    1.00000    1.15689E-05
   11    1.92308E-02  0.  -0.875064    30.7942    1.00000    1.00481E-05
   11    1.92308E-02    2.00000E-03   -1.00902    30.8244    1.00000    1.29937E-05
   11    1.92308E-02    4.00000E-03  -0.967613    30.9625    1.00000    1.17573E-05
   11    1.92308E-02    6.00000E-03   -1.10462    30.9925    1.00000    1.48995E-05
   11    1.92308E-02    8.00000E-03   -9.99975E-02    31.8613    1.00000    1.19948E-07
   11    1.92308E-02    1.00000E-02   0.770543    32.6539    1.00000    6.90984E-06
   11    1.92308E-02    1.20000E-02    1.85614    33.5545    1.00000    3.93861E-05
   11    1.92308E-02    1.40000E-02    2.82563    34.4504    1.00000    8.83066E-05
   11    1.92308E-02    1.60000E-02    3.78126    35.2525    1.00000    1.55241E-04
   11    1.92308E-02    1.80000E-02    4.77635    36.2763    1.00000    2.41088E-04
   11    1.92308E-02    2.00000E-02    5.66967    37.2807    1.00000    3.26171E-04
   11    1.92308E-02    2.20000E-02    6.78852    38.3727    1.00000    4.55255E-04
   11    1.92308E-02    2.40000E-02    7.54136    39.2469    1.00000    5.40249E-04
   11    1.92308E-02    2.60000E-02    9.02823    40.5044    1.00000    7.57831E-04
   11    1.92308E-02    2.80000E-02    9.31274    41.0769    1.00000    7.50765E-04
   11    1.92308E-02    3.00000E-02    8.70327    41.3115    1.00000    5.56881E-04
   11    1.92308E-02    3.20000E-02    8.39645    41.7447    1.00000    4.53727E-04
   11    1.92308E-02    3.40000E-02    7.63740    41.9611    1.00000    3.19074E-04
   11    1.92308E-02    3.60000E-02    7.38433    42.3512    1.00000    2.67237E-04
   11    1.92308E-02    3.80000E-02    6.24772    42.3531    1.00000    1.59389E-04
   11    1.92308E-02    4.00000E-02    5.16978    42.5586    1.00000    8.75954E-05
   11    1.92308E-02    4.20000E-02    4.74728    42.9990    1.00000    6.19477E-05
   11    1.92308E-02    4.40000E-02    4.15274    43.4709    1.00000    4.03510E-05
   11    1.92308E-02    4.60000E-02    3.76401    43.9935    1.00000    2.86550E-05
   11    1.92308E-02    4.80000E-02    2.95713    44.6472    1.00000    1.49404E-05
   11    1.92308E-02    5.00000E-02   -8.60094    53.9790    1.00000    3.80382E-05
   11    2.30769E-02   -4.80000E-02   -18.1980    1.51205E-02    1.00000    6.79339E-09
   11    2.30769E-02   -4.60000E-02   -14.9513    7.29647    1.00000    1.13876E-03
   11    2.30769E-02   -4.40000E-02   -3.75537    24.1404    1.00000    2.93782E-04
   11    2.30769E-02   -4.20000E-02  -0.720958    27.6689    1.00000    1.27017E-05
   11    2.30769E-02   -4.00000E-02  -0.912579    27.6841    1.00000    2.02975E-05
   11    2.30769E-02   -3.80000E-02  -0.862501    27.8509    1.00000    1.76559E-05
   11    2.30769E-02   -3.60000E-02  -0.973033    27.8753    1.00000    2.19123E-05
   11    2.30769E-02   -3.40000E-02  -0.922727    28.0445    1.00000    1.91845E-05
   11    2.30769E-02   -3.20000E-02  -0.871291    28.2158    1.00000    1.66512E-05
   11    2.30769E-02   -3.00000E-02  -0.818846    28.3890    1.00000    1.43149E-05
   11    2.30769E-02   -2.80000E-02  -0.923814    28.4443    1.00000    1.77362E-05
   11    2.30769E-02   -2.60000E-02  -0.880113    28.5904    1.00000    1.56852E-05
   11    2.30769E-02   -2.40000E-02  -0.987602    28.6461    1.00000    1.92212E-05
   11    2.30769E-02   -2.20000E-02  -0.934228    28.8249    1.00000    1.67330E-05
   11    2.30769E-02   -2.00000E-02  -0.879780    29.0058    1.00000    1.44349E-05
   11    2.30769E-02   -1.80000E-02  -0.999601    29.0323    1.00000    1.81524E-05
   11    2.30769E-02   -1.60000E-02  -0.795869    29.2814    1.00000    1.13302E-05
   11    2.30769E-02   -1.40000E-02  -0.916944    29.3086    1.00000    1.46480E-05
   11    2.30769E-02   -1.20000E-02  -0.860330    29.4956    1.00000    1.25379E-05
   11    2.30769E-02   -1.00000E-02  -0.983600    29.5233    1.00000    1.59574E-05
   11    2.30769E-02   -8.00000E-03  -0.945552    29.6500    1.00000    1.45200E-05
   11    2.30769E-02   -6.00000E-03  -0.897764    29.8089    1.00000    1.27399E-05
   11    2.30769E-02   -4.00000E-03   -1.01454    29.8694    1.00000    1.58154E-05
   11    2.30769E-02   -2.00000E-03  -0.631516    30.2344    1.00000    6.03772E-06
   11    2.30769E-02  0.   0.346695    31.1250    1.00000    1.76500E-06
   11    2.30769E-02    2.00000E-03    1.52862    32.0929    1.00000    3.37189E-05
   11    2.30769E-02    4.00000E-03    2.61725    33.0665    1.00000    9.57018E-05
   11    2.30769E-02    6.00000E-03    3.70741    33.9637    1.00000    1.88501E-04
   11    2.30769E-02    8.00000E-03    4.68429    34.9440    1.00000    2.90007E-04
   11    2.30769E-02    1.00000E-02    5.66458    35.9700    1.00000    4.12422E-04
   11    2.30769E-02    1.20000E-02    6.77280    37.1179    1.00000    5.66000E-04
   11    2.30769E-02    1.40000E-02    7.66030    38.0487    1.00000    7.05102E-04
   11    2.30769E-02    1.60000E-02    8.64334    39.0806    1.00000    8.62964E-04
   11    2.30769E-02    1.80000E-02    9.85927    40.2387    1.00000    1.09247E-03
   11    2.30769E-02    2.00000E-02   10.53224    41.0981    1.00000    1.18385E-03
   11    2.30769E-02    2.20000E-02   10.07036    41.4246    1.00000    9.52351E-04
   11    2.30769E-02    2.40000E-02    9.56863    41.7495    1.00000    7.54367E-04
   11    2.30769E-02    2.60000E-02    8.85964    41.9210    1.00000    5.61296E-04
   11    2.30769E-02    2.80000E-02    8.29017    42.1904    1.00000    4.25033E-04
   11    2.30769E-02    3.00000E-02    7.72601    42.4474    1.00000    3.19083E-04
   11    2.30769E-02    3.20000E-02    7.46698    42.8255    1.00000    2.67233E-04
   11    2.30769E-02    3.40000E-02    6.72908    42.9897    1.00000    1.88657E-04
   11    2.30769E-02    3.60000E-02    6.38024    43.3607    1.00000    1.51116E-04
   11    2.30769E-02    3.80000E-02    5.69994    43.6224    1.00000    1.01590E-04
   11    2.30769E-02    4.00000E-02    4.86164    43.7827    1.00000    6.27577E-05
   11    2.30769E-02    4.20000E-02    4.29835    44.1788    1.00000    4.14234E-05
   11    2.30769E-02    4.40000E-02    3.90006    44.6479    1.00000    2.95502E-05
   11    2.30769E-02    4.60000E-02    3.07448    45.1906    1.00000    1.55896E-05
   11    2.30769E-02    4.80000E-02    2.18452    46.1364    1.00000    6.53500E-06
   11    2.30769E-02    5.00000E-02   -10.9681    56.9771    1.00000    4.66668E-05
   11    2.69231E-02   -4.80000E-02   -18.1864    5.63201E-02    1.00000    4.45959E-08
   11    2.69231E-02   -4.60000E-02   -15.9469    5.15630    1.00000    9.69971E-04
   11    2.69231E-02   -4.40000E-02   -3.45445    23.9799    1.00000    2.78222E-04
   11    2.69231E-02   -4.20000E-02  -0.749033    27.1867    1.00000    1.50535E-05
   11    2.69231E-02   -4.00000E-02  -0.805103    27.2708    1.00000    1.75329E-05
   11    2.69231E-02   -3.80000E-02  -0.756067    27.4437    1.00000    1.50517E-05
   11    2.69231E-02   -3.60000E-02  -0.853755    27.4954    1.00000    1.87001E-05
   11    2.69231E-02   -3.40000E-02  -0.937248    27.6013    1.00000    2.16949E-05
   11    2.69231E-02   -3.20000E-02  -0.896009    27.7392    1.00000    1.93337E-05
   11    2.69231E-02   -3.00000E-02  -0.997905    27.7914    1.00000    2.33566E-05
   11    2.69231E-02   -2.80000E-02  -0.811360    28.0197    1.00000    1.52130E-05
   11    2.69231E-02   -2.60000E-02  -0.759127    28.1906    1.00000    1.29652E-05
   11    2.69231E-02   -2.40000E-02  -0.871291    28.2158    1.00000    1.66512E-05
   11    2.69231E-02   -2.20000E-02  -0.818846    28.3890    1.00000    1.43149E-05
   11    2.69231E-02   -2.00000E-02  -0.923814    28.4443    1.00000    1.77362E-05
   11    2.69231E-02   -1.80000E-02  -0.880113    28.5904    1.00000    1.56852E-05
   11    2.69231E-02   -1.60000E-02  -0.987602    28.6461    1.00000    1.92212E-05
   11    2.69231E-02   -1.40000E-02  -0.798842    28.8581    1.00000    1.24014E-05
   11    2.69231E-02   -1.20000E-02  -0.907179    28.9151    1.00000    1.55618E-05
   11    2.69231E-02   -1.00000E-02  -0.359527    29.4459    1.00000    2.37860E-06
   11    2.69231E-02   -8.00000E-03    1.06705    30.6185    1.00000    2.05690E-05
   11    2.69231E-02   -6.00000E-03    2.24330    31.6213    1.00000    8.82060E-05
   11    2.69231E-02   -4.00000E-03    3.29676    32.5573    1.00000    1.84532E-04
   11    2.69231E-02   -2.00000E-03    4.55089    33.5711    1.00000    3.44883E-04
   11    2.69231E-02  0.    5.49276    34.6236    1.00000    4.82155E-04
   11    2.69231E-02    2.00000E-03    6.67430    35.8133    1.00000    6.91015E-04
   11    2.69231E-02    4.00000E-03    7.78331    36.9722    1.00000    9.01684E-04
   11    2.69231E-02    6.00000E-03    8.88592    38.0527    1.00000    1.14351E-03
   11    2.69231E-02    8.00000E-03    9.89457    39.1156    1.00000    1.36223E-03
   11    2.69231E-02    1.00000E-02    11.1374    40.3083    1.00000    1.67745E-03
   11    2.69231E-02    1.20000E-02    10.9576    40.7707    1.00000    1.45216E-03
   11    2.69231E-02    1.40000E-02   10.39280    41.0776    1.00000    1.13663E-03
   11    2.69231E-02    1.60000E-02    9.73131    41.3160    1.00000    8.65256E-04
   11    2.69231E-02    1.80000E-02    9.41195    41.7237    1.00000    7.19175E-04
   11    2.69231E-02    2.00000E-02    9.06447    42.1357    1.00000    5.91240E-04
   11    2.69231E-02    2.20000E-02    8.68627    42.5515    1.00000    4.79995E-04
   11    2.69231E-02    2.40000E-02    8.39126    42.8823    1.00000    4.07534E-04
   11    2.69231E-02    2.60000E-02    7.69211    43.0356    1.00000    2.99242E-04
   11    2.69231E-02    2.80000E-02    7.26059    43.3419    1.00000    2.32962E-04
   11    2.69231E-02    3.00000E-02    6.65461    43.5280    1.00000    1.74746E-04
   11    2.69231E-02    3.20000E-02    6.54442    43.9706    1.00000    1.53188E-04
   11    2.69231E-02    3.40000E-02    6.18502    44.2778    1.00000    1.22176E-04
   11    2.69231E-02    3.60000E-02    5.71894    44.5634    1.00000    9.40508E-05
   11    2.69231E-02    3.80000E-02    5.13145    44.8013    1.00000    6.54461E-05
   11    2.69231E-02    4.00000E-02    4.54922    45.1074    1.00000    4.35899E-05
   11    2.69231E-02    4.20000E-02    3.74403    45.3904    1.00000    2.54474E-05
   11    2.69231E-02    4.40000E-02    3.60213    45.8245    1.00000    2.08648E-05
   11    2.69231E-02    4.60000E-02    2.62100    46.4322    1.00000    9.41929E-06
   11    2.69231E-02    4.80000E-02    1.26650    47.7387    1.00000    1.74295E-06
   11    2.69231E-02    5.00000E-02   -10.8622    58.5513    1.00000    4.03283E-05
   11    3.07692E-02   -4.80000E-02   -18.1747   0.118740    1.00000    7.88451E-08
   11    3.07692E-02   -4.60000E-02   -16.6128    3.78747    1.00000    8.35014E-04
   11    3.07692E-02   -4.40000E-02   -3.81325    23.0382    1.00000    3.66129E-04
   11    3.07692E-02   -4.20000E-02  -0.501503    26.9989    1.00000    7.42336E-06
   11    3.07692E-02   -4.00000E-02  -0.820709    26.8292    1.00000    1.99486E-05
   11    3.07692E-02   -3.80000E-02  -0.924544    26.8850    1.00000    2.46477E-05
   11    3.07692E-02   -3.60000E-02  -0.877611    27.0424    1.00000    2.16429E-05
   11    3.07692E-02   -3.40000E-02  -0.829664    27.2016    1.00000    1.88474E-05
   11    3.07692E-02   -3.20000E-02  -0.780942    27.3625    1.00000    1.62696E-05
   11    3.07692E-02   -3.00000E-02  -0.886803    27.3863    1.00000    2.04678E-05
   11    3.07692E-02   -2.80000E-02  -0.837671    27.5496    1.00000    1.77892E-05
   11    3.07692E-02   -2.60000E-02  -0.937248    27.6013    1.00000    2.16949E-05
   11    3.07692E-02   -2.40000E-02  -0.762076    27.7980    1.00000    1.41515E-05
   11    3.07692E-02   -2.20000E-02  -0.862501    27.8509    1.00000    1.76559E-05
   11    3.07692E-02   -2.00000E-02  -0.811360    28.0197    1.00000    1.52130E-05
   11    3.07692E-02   -1.80000E-02   0.179560    28.8780    1.00000    7.24987E-07
   11    3.07692E-02   -1.60000E-02    1.40441    29.9345    1.00000    4.30336E-05
   11    3.07692E-02   -1.40000E-02    2.83955    31.0813    1.00000    1.72685E-04
   11    3.07692E-02   -1.20000E-02    4.03776    32.1159    1.00000    3.38145E-04
   11    3.07692E-02   -1.00000E-02    5.29896    33.2248    1.00000    5.62709E-04
   11    3.07692E-02   -8.00000E-03    6.55455    34.5049    1.00000    8.33777E-04
   11    3.07692E-02   -6.00000E-03    7.58581    35.6354    1.00000    1.07057E-03
   11    3.07692E-02   -4.00000E-03    8.84689    36.8716    1.00000    1.41286E-03
   11    3.07692E-02   -2.00000E-03   10.05864    38.1203    1.00000    1.75033E-03
   11    3.07692E-02  0.    11.0723    39.1713    1.00000    2.03913E-03
   11    3.07692E-02    2.00000E-03    12.3090    40.3465    1.00000    2.44994E-03
   11    3.07692E-02    4.00000E-03    11.4555    40.6053    1.00000    1.76729E-03
   11    3.07692E-02    6.00000E-03    10.9948    41.0239    1.00000    1.40073E-03
   11    3.07692E-02    8.00000E-03   10.23437    41.2506    1.00000    1.04154E-03
   11    3.07692E-02    1.00000E-02    9.74870    41.5751    1.00000    8.30217E-04
   11    3.07692E-02    1.20000E-02    9.22120    41.8975    1.00000    6.50587E-04
   11    3.07692E-02    1.40000E-02    8.85893    42.3109    1.00000    5.31560E-04
   11    3.07692E-02    1.60000E-02    8.39992    42.6083    1.00000    4.28506E-04
   11    3.07692E-02    1.80000E-02    7.86573    42.8371    1.00000    3.36696E-04
   11    3.07692E-02    2.00000E-02    7.82738    43.3937    1.00000    3.02157E-04
   11    3.07692E-02    2.20000E-02    7.47595    43.7296    1.00000    2.49692E-04
   11    3.07692E-02    2.40000E-02    7.34873    44.1776    1.00000    2.21521E-04
   11    3.07692E-02    2.60000E-02    6.67738    44.2583    1.00000    1.63702E-04
   11    3.07692E-02    2.80000E-02    6.31693    44.5295    1.00000    1.31171E-04
   11    3.07692E-02    3.00000E-02    6.18664    45.0001    1.00000    1.13644E-04
   11    3.07692E-02    3.20000E-02    5.44459    45.1157    1.00000    7.81641E-05
   11    3.07692E-02    3.40000E-02    5.17448    45.4323    1.00000    6.46143E-05
   11    3.07692E-02    3.60000E-02    5.22057    45.9152    1.00000    6.11564E-05
   11    3.07692E-02    3.80000E-02    4.51660    46.0831    1.00000    3.93729E-05
   11    3.07692E-02    4.00000E-02    3.70738    46.3465    1.00000    2.28901E-05
   11    3.07692E-02    4.20000E-02    3.52124    46.7366    1.00000    1.82829E-05
   11    3.07692E-02    4.40000E-02    2.83434    47.1335    1.00000    1.04463E-05
   11    3.07692E-02    4.60000E-02    2.45582    47.5951    1.00000    7.06091E-06
   11    3.07692E-02    4.80000E-02   0.938121    48.9347    1.00000    8.23585E-07
   11    3.07692E-02    5.00000E-02   -13.0513    61.7339    1.00000    4.49453E-05
