   2   -3.07692E-02   -4.80000E-02   -18.2179   0.339160    1.00000    5.82325E-09
   2   -3.07692E-02   -4.60000E-02   -18.2068    2.68109E-02    1.00000    2.28931E-09
   2   -3.07692E-02   -4.40000E-02   -18.1716   -7.43202E-02    1.00000    1.39125E-07
   2   -3.07692E-02   -4.20000E-02   -18.0996  -0.292728    1.00000    9.37700E-06
   2   -3.07692E-02   -4.00000E-02   -14.9898   -7.94120    1.00000    5.83072E-03
   2   -3.07692E-02   -3.80000E-02   -14.6093   -8.77596    1.00000    6.62049E-03
   2   -3.07692E-02   -3.60000E-02   -14.5801   -8.86530    1.00000    6.61375E-03
   2   -3.07692E-02   -3.40000E-02   -14.5519   -8.95315    1.00000    6.60269E-03
   2   -3.07692E-02   -3.20000E-02   -14.5114   -9.08192    1.00000    6.57805E-03
   2   -3.07692E-02   -3.00000E-02   -14.4857   -9.16582    1.00000    6.55646E-03
   2   -3.07692E-02   -2.80000E-02   -14.4611   -9.24789    1.00000    6.53055E-03
   2   -3.07692E-02   -2.60000E-02   -14.4262   -9.36770    1.00000    6.48389E-03
   2   -3.07692E-02   -2.40000E-02   -14.4045   -9.44519    1.00000    6.44765E-03
   2   -3.07692E-02   -2.20000E-02   -14.3839   -9.52073    1.00000    6.40733E-03
   2   -3.07692E-02   -2.00000E-02   -14.3647   -9.59414    1.00000    6.36282E-03
   2   -3.07692E-02   -1.80000E-02   -14.3467   -9.66545    1.00000    6.31441E-03
   2   -3.07692E-02   -1.60000E-02   -14.3301   -9.73451    1.00000    6.26197E-03
   2   -3.07692E-02   -1.40000E-02  -10.06726   -17.2494    1.00000    6.20557E-03
   2   -3.07692E-02   -1.20000E-02   -9.94889   -17.5008    1.00000    6.14534E-03
   2   -3.07692E-02   -1.00000E-02   -9.82971   -17.7540    1.00000    6.08141E-03
   2   -3.07692E-02   -8.00000E-03   -9.70957   -18.0093    1.00000    6.01369E-03
   2   -3.07692E-02   -6.00000E-03   -9.58849   -18.2665    1.00000    5.94218E-03
   2   -3.07692E-02   -4.00000E-03   -9.46650   -18.5257    1.00000    5.86719E-03
   2   -3.07692E-02   -2.00000E-03   -9.34355   -18.7869    1.00000    5.78862E-03
   2   -3.07692E-02  0.   -9.21962   -19.0501    1.00000    5.70658E-03
   2   -3.07692E-02    2.00000E-03   -9.15736   -19.1824    1.00000    5.66437E-03
   2   -3.07692E-02    4.00000E-03   -9.03209   -19.4486    1.00000    5.57744E-03
   2   -3.07692E-02    6.00000E-03   -8.90578   -19.7169    1.00000    5.48725E-03
   2   -3.07692E-02    8.00000E-03   -8.77846   -19.9874    1.00000    5.39390E-03
   2   -3.07692E-02    1.00000E-02   -8.71446   -20.1234    1.00000    5.34613E-03
   2   -3.07692E-02    1.20000E-02   -8.58564   -20.3971    1.00000    5.24825E-03
   2   -3.07692E-02    1.40000E-02   -8.45582   -20.6729    1.00000    5.14760E-03
   2   -3.07692E-02    1.60000E-02   -8.39052   -20.8116    1.00000    5.09621E-03
   2   -3.07692E-02    1.80000E-02   -8.25916   -21.0906    1.00000    4.99144E-03
   2   -3.07692E-02    2.00000E-02   -8.19313   -21.2309    1.00000    4.93809E-03
   2   -3.07692E-02    2.20000E-02   -7.55506   -22.9136    1.00000    4.13286E-03
   2   -3.07692E-02    2.40000E-02   -8.01474   -23.3460    1.00000    3.91404E-03
   2   -3.07692E-02    2.60000E-02   -7.92216   -24.8035    1.00000    3.45851E-03
   2   -3.07692E-02    2.80000E-02   -7.08618   -27.4666    1.00000    2.71713E-03
   2   -3.07692E-02    3.00000E-02   -7.24758   -28.3556    1.00000    2.52515E-03
   2   -3.07692E-02    3.20000E-02   -6.81786   -30.1684    1.00000    2.15812E-03
   2   -3.07692E-02    3.40000E-02   -7.16382   -30.7118    1.00000    2.11254E-03
   2   -3.07692E-02    3.60000E-02   -7.45064   -31.3440    1.00000    1.98637E-03
   2   -3.07692E-02    3.80000E-02   -11.9832   -29.6743    1.00000    2.45551E-03
   2   -3.07692E-02    4.00000E-02   -18.3557   -27.8765    1.00000    2.34187E-03
   2   -3.07692E-02    4.20000E-02   -26.0262   -27.9780    1.00000    1.87068E-03
   2   -3.07692E-02    4.40000E-02   -38.7400   -29.1154    1.00000    1.21507E-03
   2   -3.07692E-02    4.60000E-02   -51.4627   -42.0849    1.00000    8.38543E-04
   2   -3.07692E-02    4.80000E-02   -77.3324   -66.7174    1.00000    5.91268E-04
   2   -3.07692E-02    5.00000E-02   -159.227   -140.526    1.00000    3.78629E-04
   2   -2.69231E-02   -4.80000E-02   -18.2060    2.96239E-02    1.00000    1.03762E-10
   2   -2.69231E-02   -4.60000E-02   -18.2188    8.93397E-02    1.00000    3.60961E-08
   2   -2.69231E-02   -4.40000E-02   -18.1838   -3.03278E-02    1.00000    2.86516E-08
   2   -2.69231E-02   -4.20000E-02   -17.5170   -2.01226    1.00000    3.79525E-04
   2   -2.69231E-02   -4.00000E-02   -14.5987   -8.87266    1.00000    6.43218E-03
   2   -2.69231E-02   -3.80000E-02   -14.4857   -9.16582    1.00000    6.55646E-03
   2   -2.69231E-02   -3.60000E-02   -14.4611   -9.24789    1.00000    6.53055E-03
   2   -2.69231E-02   -3.40000E-02   -14.4375   -9.32827    1.00000    6.50055E-03
   2   -2.69231E-02   -3.20000E-02   -14.4045   -9.44519    1.00000    6.44765E-03
   2   -2.69231E-02   -3.00000E-02   -14.3839   -9.52073    1.00000    6.40733E-03
   2   -2.69231E-02   -2.80000E-02   -14.3555   -9.63015    1.00000    6.33922E-03
   2   -2.69231E-02   -2.60000E-02   -14.3382   -9.70025    1.00000    6.28868E-03
   2   -2.69231E-02   -2.40000E-02   -14.3223   -9.76816    1.00000    6.23429E-03
   2   -2.69231E-02   -2.20000E-02  -10.00818   -17.3749    1.00000    6.17597E-03
   2   -2.69231E-02   -2.00000E-02   -9.88938   -17.6273    1.00000    6.11384E-03
   2   -2.69231E-02   -1.80000E-02   -9.70957   -18.0093    1.00000    6.01369E-03
   2   -2.69231E-02   -1.60000E-02   -9.58849   -18.2665    1.00000    5.94218E-03
   2   -2.69231E-02   -1.40000E-02   -9.46650   -18.5257    1.00000    5.86719E-03
   2   -2.69231E-02   -1.20000E-02   -9.34355   -18.7869    1.00000    5.78862E-03
   2   -2.69231E-02   -1.00000E-02   -9.21962   -19.0501    1.00000    5.70658E-03
   2   -2.69231E-02   -8.00000E-03   -9.09480   -19.3153    1.00000    5.62128E-03
   2   -2.69231E-02   -6.00000E-03   -8.96902   -19.5826    1.00000    5.53274E-03
   2   -2.69231E-02   -4.00000E-03   -8.90578   -19.7169    1.00000    5.48725E-03
   2   -2.69231E-02   -2.00000E-03   -8.77846   -19.9874    1.00000    5.39390E-03
   2   -2.69231E-02  0.   -8.65016   -20.2600    1.00000    5.29755E-03
   2   -2.69231E-02    2.00000E-03   -8.52088   -20.5346    1.00000    5.19830E-03
   2   -2.69231E-02    4.00000E-03   -8.39052   -20.8116    1.00000    5.09621E-03
   2   -2.69231E-02    6.00000E-03   -8.25916   -21.0906    1.00000    4.99144E-03
   2   -2.69231E-02    8.00000E-03   -8.19313   -21.2309    1.00000    4.93809E-03
   2   -2.69231E-02    1.00000E-02   -8.06020   -21.5134    1.00000    4.82953E-03
   2   -2.69231E-02    1.20000E-02   -7.92616   -21.7981    1.00000    4.71847E-03
   2   -2.69231E-02    1.40000E-02   -7.93113   -21.8346    1.00000    4.74614E-03
   2   -2.69231E-02    1.60000E-02   -8.01015   -21.8070    1.00000    4.88294E-03
   2   -2.69231E-02    1.80000E-02   -8.01506   -21.8897    1.00000    4.93266E-03
   2   -2.69231E-02    2.00000E-02   -8.08544   -21.8325    1.00000    5.03946E-03
   2   -2.69231E-02    2.20000E-02   -8.08595   -21.9238    1.00000    5.08405E-03
   2   -2.69231E-02    2.40000E-02   -8.36060   -21.9091    1.00000    4.27622E-03
   2   -2.69231E-02    2.60000E-02   -9.57054   -20.6437    1.00000    4.63573E-03
   2   -2.69231E-02    2.80000E-02   -9.77148   -21.2553    1.00000    4.53370E-03
   2   -2.69231E-02    3.00000E-02   -9.53586   -22.9771    1.00000    4.00037E-03
   2   -2.69231E-02    3.20000E-02   -9.57996   -24.1833    1.00000    3.63956E-03
   2   -2.69231E-02    3.40000E-02   -9.01239   -26.3753    1.00000    3.17838E-03
   2   -2.69231E-02    3.60000E-02   -9.18451   -27.3091    1.00000    2.90271E-03
   2   -2.69231E-02    3.80000E-02   -13.0855   -26.1458    1.00000    2.86462E-03
   2   -2.69231E-02    4.00000E-02   -18.5281   -25.5964    1.00000    2.56866E-03
   2   -2.69231E-02    4.20000E-02   -28.1631   -23.2640    1.00000    1.88681E-03
   2   -2.69231E-02    4.40000E-02   -38.2905   -26.7413    1.00000    1.28277E-03
   2   -2.69231E-02    4.60000E-02   -50.6390   -38.8794    1.00000    8.91399E-04
   2   -2.69231E-02    4.80000E-02   -75.9962   -61.4922    1.00000    5.93830E-04
   2   -2.69231E-02    5.00000E-02   -153.969   -128.966    1.00000    4.01873E-04
   2   -2.30769E-02   -4.80000E-02   -18.2182   0.159193    1.00000    6.40569E-09
   2   -2.30769E-02   -4.60000E-02   -18.1950    7.50667E-03    1.00000    3.13118E-10
   2   -2.30769E-02   -4.40000E-02   -18.2198    4.13401E-02    1.00000    6.07956E-08
   2   -2.30769E-02   -4.20000E-02   -17.0655   -3.35166    1.00000    9.00405E-04
   2   -2.30769E-02   -4.00000E-02   -14.3454   -9.58844    1.00000    6.69153E-03
   2   -2.30769E-02   -3.80000E-02   -14.3105   -9.70903    1.00000    6.63603E-03
   2   -2.30769E-02   -3.60000E-02   -14.2888   -9.78706    1.00000    6.59399E-03
   2   -2.30769E-02   -3.40000E-02   -14.2328   -9.96540    1.00000    6.60012E-03
   2   -2.30769E-02   -3.20000E-02   -14.2135  -10.03961    1.00000    6.54847E-03
   2   -2.30769E-02   -3.00000E-02  -10.27572   -16.9866    1.00000    6.49274E-03
   2   -2.30769E-02   -2.80000E-02  -10.09872   -17.3632    1.00000    6.40174E-03
   2   -2.30769E-02   -2.60000E-02   -9.97960   -17.6167    1.00000    6.33626E-03
   2   -2.30769E-02   -2.40000E-02   -9.85959   -17.8720    1.00000    6.26691E-03
   2   -2.30769E-02   -2.20000E-02   -9.74433   -18.1625    1.00000    6.23687E-03
   2   -2.30769E-02   -2.00000E-02   -9.62226   -18.4223    1.00000    6.15878E-03
   2   -2.30769E-02   -1.80000E-02   -9.49920   -18.6842    1.00000    6.07698E-03
   2   -2.30769E-02   -1.60000E-02   -9.37518   -18.9482    1.00000    5.99168E-03
   2   -2.30769E-02   -1.40000E-02   -9.25022   -19.2141    1.00000    5.90298E-03
   2   -2.30769E-02   -1.20000E-02   -9.12430   -19.4822    1.00000    5.81096E-03
   2   -2.30769E-02   -1.00000E-02   -9.06490   -19.6542    1.00000    5.79855E-03
   2   -2.30769E-02   -8.00000E-03   -8.93729   -19.9259    1.00000    5.70039E-03
   2   -2.30769E-02   -6.00000E-03   -8.80872   -20.1997    1.00000    5.59917E-03
   2   -2.30769E-02   -4.00000E-03   -8.67907   -20.4758    1.00000    5.49485E-03
   2   -2.30769E-02   -2.00000E-03   -8.54838   -20.7541    1.00000    5.38774E-03
   2   -2.30769E-02  0.   -8.41662   -21.0346    1.00000    5.27777E-03
   2   -2.30769E-02    2.00000E-03   -8.35248   -21.2174    1.00000    5.24858E-03
   2   -2.30769E-02    4.00000E-03   -8.21897   -21.5018    1.00000    5.13351E-03
   2   -2.30769E-02    6.00000E-03   -8.15171   -21.6450    1.00000    5.07496E-03
   2   -2.30769E-02    8.00000E-03   -8.01660   -21.9328    1.00000    4.95630E-03
   2   -2.30769E-02    1.00000E-02   -8.08595   -21.9238    1.00000    5.08405E-03
   2   -2.30769E-02    1.20000E-02   -8.08410   -22.0198    1.00000    5.12524E-03
   2   -2.30769E-02    1.40000E-02   -8.14827   -21.9744    1.00000    5.22655E-03
   2   -2.30769E-02    1.60000E-02   -8.14225   -22.0786    1.00000    5.26236E-03
   2   -2.30769E-02    1.80000E-02   -8.13404   -22.1873    1.00000    5.29477E-03
   2   -2.30769E-02    2.00000E-02   -8.25475   -22.0646    1.00000    5.47023E-03
   2   -2.30769E-02    2.20000E-02   -8.24152   -22.1831    1.00000    5.49626E-03
   2   -2.30769E-02    2.40000E-02   -8.34001   -22.2874    1.00000    4.86068E-03
   2   -2.30769E-02    2.60000E-02   -8.34032   -22.7711    1.00000    4.09934E-03
   2   -2.30769E-02    2.80000E-02   -9.17859   -22.0269    1.00000    4.10396E-03
   2   -2.30769E-02    3.00000E-02   -9.98177   -21.4160    1.00000    4.32808E-03
   2   -2.30769E-02    3.20000E-02   -11.1883   -20.3003    1.00000    4.49116E-03
   2   -2.30769E-02    3.40000E-02   -11.0330   -21.6622    1.00000    4.24579E-03
   2   -2.30769E-02    3.60000E-02   -11.0681   -22.9376    1.00000    3.85067E-03
   2   -2.30769E-02    3.80000E-02   -13.4776   -23.6568    1.00000    3.18211E-03
   2   -2.30769E-02    4.00000E-02   -22.2409   -18.6943    1.00000    2.68894E-03
   2   -2.30769E-02    4.20000E-02   -28.2219   -20.9325    1.00000    1.98646E-03
   2   -2.30769E-02    4.40000E-02   -38.3053   -24.0942    1.00000    1.24951E-03
   2   -2.30769E-02    4.60000E-02   -49.7768   -35.9466    1.00000    9.43135E-04
   2   -2.30769E-02    4.80000E-02   -73.8753   -56.9550    1.00000    6.30776E-04
   2   -2.30769E-02    5.00000E-02   -150.996   -117.984    1.00000    3.97015E-04
   2   -1.92308E-02   -4.80000E-02   -18.1943   -8.11099E-03    1.00000    2.50586E-11
   2   -1.92308E-02   -4.60000E-02   -18.1831   -5.55169E-02    1.00000    2.08384E-08
   2   -1.92308E-02   -4.40000E-02   -18.1959   -7.15005E-03    1.00000    2.06134E-09
   2   -1.92308E-02   -4.20000E-02   -16.4466   -5.08695    1.00000    1.75064E-03
   2   -1.92308E-02   -4.00000E-02   -13.8741   -10.9194    1.00000    7.67127E-03
   2   -1.92308E-02   -3.80000E-02   -11.2375   -15.5847    1.00000    7.62956E-03
   2   -1.92308E-02   -3.60000E-02   -11.0678   -15.9485    1.00000    7.55879E-03
   2   -1.92308E-02   -3.40000E-02   -10.8962   -16.3163    1.00000    7.47828E-03
   2   -1.92308E-02   -3.20000E-02   -10.8366   -16.4864    1.00000    7.49133E-03
   2   -1.92308E-02   -3.00000E-02   -10.7204   -16.7355    1.00000    7.42859E-03
   2   -1.92308E-02   -2.80000E-02  -10.54445   -17.1127    1.00000    7.32660E-03
   2   -1.92308E-02   -2.60000E-02  -10.42602   -17.3666    1.00000    7.25344E-03
   2   -1.92308E-02   -2.40000E-02  -10.24661   -17.7512    1.00000    7.13613E-03
   2   -1.92308E-02   -2.20000E-02  -10.12583   -18.0101    1.00000    7.05282E-03
   2   -1.92308E-02   -2.00000E-02  -10.00407   -18.2711    1.00000    6.96573E-03
   2   -1.92308E-02   -1.80000E-02   -9.93936   -18.4531    1.00000    6.95174E-03
   2   -1.92308E-02   -1.60000E-02   -9.81593   -18.7178    1.00000    6.85749E-03
   2   -1.92308E-02   -1.40000E-02   -9.62901   -19.1186    1.00000    6.70937E-03
   2   -1.92308E-02   -1.20000E-02   -9.50314   -19.3885    1.00000    6.60618E-03
   2   -1.92308E-02   -1.00000E-02   -9.37630   -19.6604    1.00000    6.49965E-03
   2   -1.92308E-02   -8.00000E-03   -9.24835   -19.9348    1.00000    6.38960E-03
   2   -1.92308E-02   -6.00000E-03   -9.11938   -20.2112    1.00000    6.27642E-03
   2   -1.92308E-02   -4.00000E-03   -9.04928   -20.4058    1.00000    6.23944E-03
   2   -1.92308E-02   -2.00000E-03   -8.91854   -20.6862    1.00000    6.12040E-03
   2   -1.92308E-02  0.   -8.78678   -20.9688    1.00000    5.99846E-03
   2   -1.92308E-02    2.00000E-03   -8.72039   -21.1111    1.00000    5.93634E-03
   2   -1.92308E-02    4.00000E-03   -8.58698   -21.3973    1.00000    5.81022E-03
   2   -1.92308E-02    6.00000E-03   -8.45238   -21.6859    1.00000    5.68142E-03
   2   -1.92308E-02    8.00000E-03   -8.31668   -21.9769    1.00000    5.55021E-03
   2   -1.92308E-02    1.00000E-02   -8.24152   -22.1831    1.00000    5.49626E-03
   2   -1.92308E-02    1.20000E-02   -8.29485   -22.1585    1.00000    5.58701E-03
   2   -1.92308E-02    1.40000E-02   -8.27760   -22.2850    1.00000    5.60701E-03
   2   -1.92308E-02    1.60000E-02   -8.25838   -22.4156    1.00000    5.62348E-03
   2   -1.92308E-02    1.80000E-02   -8.23702   -22.5507    1.00000    5.63627E-03
   2   -1.92308E-02    2.00000E-02   -8.28280   -22.5408    1.00000    5.71766E-03
   2   -1.92308E-02    2.20000E-02   -8.25760   -22.6836    1.00000    5.72422E-03
   2   -1.92308E-02    2.40000E-02   -8.42951   -22.5900    1.00000    5.52717E-03
   2   -1.92308E-02    2.60000E-02   -8.48089   -22.9729    1.00000    4.75208E-03
   2   -1.92308E-02    2.80000E-02   -8.60424   -23.2169    1.00000    4.16492E-03
   2   -1.92308E-02    3.00000E-02   -8.73422   -23.5462    1.00000    3.82126E-03
   2   -1.92308E-02    3.20000E-02   -9.56802   -22.9138    1.00000    3.84778E-03
   2   -1.92308E-02    3.40000E-02  -10.34335   -22.4217    1.00000    3.99657E-03
   2   -1.92308E-02    3.60000E-02   -11.6368   -21.2197    1.00000    4.19464E-03
   2   -1.92308E-02    3.80000E-02   -19.1525   -13.1113    1.00000    3.37140E-03
   2   -1.92308E-02    4.00000E-02   -22.4912   -16.3204    1.00000    2.80817E-03
   2   -1.92308E-02    4.20000E-02   -28.3277   -18.5814    1.00000    2.04211E-03
   2   -1.92308E-02    4.40000E-02   -37.9226   -21.8201    1.00000    1.28535E-03
   2   -1.92308E-02    4.60000E-02   -50.1332   -32.3579    1.00000    9.09156E-04
   2   -1.92308E-02    4.80000E-02   -72.7760   -52.6112    1.00000    6.63795E-04
   2   -1.92308E-02    5.00000E-02   -140.216   -106.555    1.00000    4.29372E-04
   2   -1.53846E-02   -4.80000E-02   -18.1704  -0.144990    1.00000    1.16210E-08
   2   -1.53846E-02   -4.60000E-02   -18.2071    3.85859E-02    1.00000    1.22312E-08
   2   -1.53846E-02   -4.40000E-02   -18.2199    6.96378E-02    1.00000    2.09744E-07
   2   -1.53846E-02   -4.20000E-02   -15.9712   -6.51855    1.00000    2.38000E-03
   2   -1.53846E-02   -4.00000E-02   -11.6500   -15.3504    1.00000    8.51209E-03
   2   -1.53846E-02   -3.80000E-02   -11.5398   -15.5891    1.00000    8.46499E-03
   2   -1.53846E-02   -3.60000E-02   -11.4188   -15.8911    1.00000    8.44769E-03
   2   -1.53846E-02   -3.40000E-02   -11.2504   -16.2560    1.00000    8.35924E-03
   2   -1.53846E-02   -3.20000E-02   -11.1369   -16.5018    1.00000    8.29456E-03
   2   -1.53846E-02   -3.00000E-02   -10.9649   -16.8744    1.00000    8.18896E-03
   2   -1.53846E-02   -2.80000E-02   -10.8490   -17.1252    1.00000    8.11312E-03
   2   -1.53846E-02   -2.60000E-02   -10.7321   -17.3782    1.00000    8.03287E-03
   2   -1.53846E-02   -2.40000E-02  -10.55505   -17.7615    1.00000    7.90459E-03
   2   -1.53846E-02   -2.20000E-02  -10.43566   -18.0198    1.00000    7.81369E-03
   2   -1.53846E-02   -2.00000E-02  -10.31534   -18.2801    1.00000    7.71890E-03
   2   -1.53846E-02   -1.80000E-02  -10.18259   -18.6090    1.00000    7.63912E-03
   2   -1.53846E-02   -1.60000E-02  -10.06011   -18.8741    1.00000    7.53508E-03
   2   -1.53846E-02   -1.40000E-02   -9.93652   -19.1415    1.00000    7.42698E-03
   2   -1.53846E-02   -1.20000E-02   -9.81191   -19.4111    1.00000    7.31536E-03
   2   -1.53846E-02   -1.00000E-02   -9.68623   -19.6830    1.00000    7.20004E-03
   2   -1.53846E-02   -8.00000E-03   -9.55951   -19.9571    1.00000    7.08132E-03
   2   -1.53846E-02   -6.00000E-03   -9.43169   -20.2336    1.00000    6.95912E-03
   2   -1.53846E-02   -4.00000E-03   -9.30281   -20.5124    1.00000    6.83371E-03
   2   -1.53846E-02   -2.00000E-03   -9.17273   -20.7936    1.00000    6.70502E-03
   2   -1.53846E-02  0.   -9.09416   -21.0065    1.00000    6.64696E-03
   2   -1.53846E-02    2.00000E-03   -8.96229   -21.2918    1.00000    6.51272E-03
   2   -1.53846E-02    4.00000E-03   -8.82930   -21.5795    1.00000    6.37557E-03
   2   -1.53846E-02    6.00000E-03   -8.69511   -21.8697    1.00000    6.23580E-03
   2   -1.53846E-02    8.00000E-03   -8.55974   -22.1625    1.00000    6.09339E-03
   2   -1.53846E-02    1.00000E-02   -8.49161   -22.3098    1.00000    6.02131E-03
   2   -1.53846E-02    1.20000E-02   -8.35448   -22.6064    1.00000    5.87539E-03
   2   -1.53846E-02    1.40000E-02   -8.32475   -22.7584    1.00000    5.87486E-03
   2   -1.53846E-02    1.60000E-02   -8.29301   -22.9145    1.00000    5.87050E-03
   2   -1.53846E-02    1.80000E-02   -8.32875   -22.9243    1.00000    5.93895E-03
   2   -1.53846E-02    2.00000E-02   -8.29342   -23.0879    1.00000    5.92827E-03
   2   -1.53846E-02    2.20000E-02   -8.25613   -23.2557    1.00000    5.91379E-03
   2   -1.53846E-02    2.40000E-02   -8.28658   -23.2760    1.00000    5.97439E-03
   2   -1.53846E-02    2.60000E-02   -8.49317   -23.4152    1.00000    5.36374E-03
   2   -1.53846E-02    2.80000E-02   -8.73250   -23.4873    1.00000    4.79548E-03
   2   -1.53846E-02    3.00000E-02   -8.93155   -23.7144    1.00000    4.48389E-03
   2   -1.53846E-02    3.20000E-02   -9.00848   -24.1067    1.00000    3.88975E-03
   2   -1.53846E-02    3.40000E-02   -9.19058   -24.3340    1.00000    3.40887E-03
   2   -1.53846E-02    3.60000E-02   -9.98055   -23.8371    1.00000    3.57626E-03
   2   -1.53846E-02    3.80000E-02   -12.1764   -22.6913    1.00000    3.02103E-03
   2   -1.53846E-02    4.00000E-02   -22.8360   -13.8502    1.00000    2.82570E-03
   2   -1.53846E-02    4.20000E-02   -29.4598   -14.9517    1.00000    1.77932E-03
   2   -1.53846E-02    4.40000E-02   -38.0371   -19.3529    1.00000    1.26390E-03
   2   -1.53846E-02    4.60000E-02   -49.4953   -29.5819    1.00000    9.41309E-04
   2   -1.53846E-02    4.80000E-02   -71.4656   -48.4372    1.00000    6.93738E-04
   2   -1.53846E-02    5.00000E-02   -137.866   -97.5214    1.00000    4.46167E-04
   2   -1.15385E-02   -5.00000E-02   -18.1691   -1.27580    1.00000    2.56227E-10
   2   -1.15385E-02   -4.80000E-02   -18.2066    9.86463E-02    1.00000    6.62178E-09
   2   -1.15385E-02   -4.60000E-02   -18.1833   -6.96192E-03    1.00000    4.39102E-10
   2   -1.15385E-02   -4.40000E-02   -18.0747  -0.422196    1.00000    7.66380E-06
   2   -1.15385E-02   -4.20000E-02   -15.5607   -7.76086    1.00000    2.81660E-03
   2   -1.15385E-02   -4.00000E-02   -11.6350   -16.0426    1.00000    9.12539E-03
   2   -1.15385E-02   -3.80000E-02   -11.6350   -16.0426    1.00000    9.12539E-03
   2   -1.15385E-02   -3.60000E-02   -11.5806   -16.1619    1.00000    9.09552E-03
   2   -1.15385E-02   -3.40000E-02   -11.4711   -16.4021    1.00000    9.03213E-03
   2   -1.15385E-02   -3.20000E-02   -11.3050   -16.7665    1.00000    8.92812E-03
   2   -1.15385E-02   -3.00000E-02   -11.1366   -17.1355    1.00000    8.81356E-03
   2   -1.15385E-02   -2.80000E-02   -11.0618   -17.3383    1.00000    8.78761E-03
   2   -1.15385E-02   -2.60000E-02   -10.9477   -17.5885    1.00000    8.70196E-03
   2   -1.15385E-02   -2.40000E-02   -10.7744   -17.9681    1.00000    8.56506E-03
   2   -1.15385E-02   -2.20000E-02   -10.6576   -18.2239    1.00000    8.46829E-03
   2   -1.15385E-02   -2.00000E-02  -10.48046   -18.6119    1.00000    8.31540E-03
   2   -1.15385E-02   -1.80000E-02  -10.36099   -18.8734    1.00000    8.20823E-03
   2   -1.15385E-02   -1.60000E-02  -10.24044   -19.1373    1.00000    8.09706E-03
   2   -1.15385E-02   -1.40000E-02  -10.11881   -19.4034    1.00000    7.98195E-03
   2   -1.15385E-02   -1.20000E-02   -9.99602   -19.6719    1.00000    7.86296E-03
   2   -1.15385E-02   -1.00000E-02   -9.80976   -20.0792    1.00000    7.67755E-03
   2   -1.15385E-02   -8.00000E-03   -9.68416   -20.3538    1.00000    7.54948E-03
   2   -1.15385E-02   -6.00000E-03   -9.55744   -20.6307    1.00000    7.41799E-03
   2   -1.15385E-02   -4.00000E-03   -9.47372   -20.8549    1.00000    7.34797E-03
   2   -1.15385E-02   -2.00000E-03   -9.34506   -21.1362    1.00000    7.21031E-03
   2   -1.15385E-02  0.   -9.21535   -21.4197    1.00000    7.06973E-03
   2   -1.15385E-02    2.00000E-03   -9.08434   -21.7060    1.00000    6.92595E-03
   2   -1.15385E-02    4.00000E-03   -8.95214   -21.9948    1.00000    6.77943E-03
   2   -1.15385E-02    6.00000E-03   -8.81872   -22.2863    1.00000    6.63008E-03
   2   -1.15385E-02    8.00000E-03   -8.75158   -22.4329    1.00000    6.55454E-03
   2   -1.15385E-02    1.00000E-02   -8.61632   -22.7283    1.00000    6.40148E-03
   2   -1.15385E-02    1.20000E-02   -8.47980   -23.0263    1.00000    6.24603E-03
   2   -1.15385E-02    1.40000E-02   -8.34209   -23.3270    1.00000    6.08849E-03
   2   -1.15385E-02    1.60000E-02   -8.25076   -23.5692    1.00000    5.99565E-03
   2   -1.15385E-02    1.80000E-02   -8.27512   -23.6016    1.00000    6.04725E-03
   2   -1.15385E-02    2.00000E-02   -8.22813   -23.7897    1.00000    6.01506E-03
   2   -1.15385E-02    2.20000E-02   -8.17942   -23.9817    1.00000    5.97932E-03
   2   -1.15385E-02    2.40000E-02   -8.19877   -24.0242    1.00000    6.02279E-03
   2   -1.15385E-02    2.60000E-02   -8.34973   -24.1673    1.00000    5.70873E-03
   2   -1.15385E-02    2.80000E-02   -8.67411   -24.0966    1.00000    5.24430E-03
   2   -1.15385E-02    3.00000E-02   -8.92285   -24.2462    1.00000    4.97905E-03
   2   -1.15385E-02    3.20000E-02   -9.10679   -24.4698    1.00000    4.44817E-03
   2   -1.15385E-02    3.40000E-02   -9.32880   -24.6174    1.00000    3.96091E-03
   2   -1.15385E-02    3.60000E-02   -9.44505   -25.0017    1.00000    3.66142E-03
   2   -1.15385E-02    3.80000E-02   -9.54160   -26.2816    1.00000    2.47456E-03
   2   -1.15385E-02    4.00000E-02   -21.7871   -14.4767    1.00000    2.93269E-03
   2   -1.15385E-02    4.20000E-02   -29.8496   -12.4386    1.00000    1.61875E-03
   2   -1.15385E-02    4.40000E-02   -37.8986   -17.0318    1.00000    1.23690E-03
   2   -1.15385E-02    4.60000E-02   -49.3517   -26.8066    1.00000    9.43184E-04
   2   -1.15385E-02    4.80000E-02   -70.8357   -44.2143    1.00000    7.13779E-04
   2   -1.15385E-02    5.00000E-02   -132.795   -89.5820    1.00000    4.67466E-04
   2   -7.69231E-03   -5.00000E-02   -18.1695   -1.20814    1.00000    6.89914E-10
   2   -7.69231E-03   -4.80000E-02   -18.2064    4.96943E-02    1.00000    1.95699E-09
   2   -7.69231E-03   -4.60000E-02   -18.1952   -2.05074E-02    1.00000    4.12951E-09
   2   -7.69231E-03   -4.40000E-02   -17.6344   -2.13290    1.00000    1.58833E-04
   2   -7.69231E-03   -4.20000E-02   -15.0471   -9.34071    1.00000    3.30455E-03
   2   -7.69231E-03   -4.00000E-02   -11.2711   -17.4789    1.00000    9.33247E-03
   2   -7.69231E-03   -3.80000E-02   -11.2711   -17.4789    1.00000    9.33247E-03
   2   -7.69231E-03   -3.60000E-02   -11.2711   -17.4789    1.00000    9.33247E-03
   2   -7.69231E-03   -3.40000E-02   -11.2711   -17.4789    1.00000    9.33247E-03
   2   -7.69231E-03   -3.20000E-02   -11.2711   -17.4789    1.00000    9.33247E-03
   2   -7.69231E-03   -3.00000E-02   -11.2164   -17.6006    1.00000    9.29090E-03
   2   -7.69231E-03   -2.80000E-02   -11.1062   -17.8458    1.00000    9.20439E-03
   2   -7.69231E-03   -2.60000E-02   -10.9387   -18.2181    1.00000    9.06597E-03
   2   -7.69231E-03   -2.40000E-02   -10.8569   -18.4371    1.00000    9.01470E-03
   2   -7.69231E-03   -2.20000E-02   -10.7433   -18.6896    1.00000    8.91334E-03
   2   -7.69231E-03   -2.00000E-02  -10.57063   -19.0731    1.00000    8.75321E-03
   2   -7.69231E-03   -1.80000E-02  -10.45403   -19.3319    1.00000    8.64095E-03
   2   -7.69231E-03   -1.60000E-02  -10.33635   -19.5930    1.00000    8.52477E-03
   2   -7.69231E-03   -1.40000E-02  -10.15763   -19.9893    1.00000    8.34290E-03
   2   -7.69231E-03   -1.20000E-02  -10.03698   -20.2567    1.00000    8.21676E-03
   2   -7.69231E-03   -1.00000E-02   -9.91511   -20.5267    1.00000    8.08684E-03
   2   -7.69231E-03   -8.00000E-03   -9.79207   -20.7992    1.00000    7.95327E-03
   2   -7.69231E-03   -6.00000E-03   -9.66781   -21.0742    1.00000    7.81620E-03
   2   -7.69231E-03   -4.00000E-03   -9.54233   -21.3519    1.00000    7.67571E-03
   2   -7.69231E-03   -2.00000E-03   -9.41562   -21.6321    1.00000    7.53193E-03
   2   -7.69231E-03  0.   -9.28769   -21.9150    1.00000    7.38502E-03
   2   -7.69231E-03    2.00000E-03   -9.15855   -22.2005    1.00000    7.23513E-03
   2   -7.69231E-03    4.00000E-03   -9.02807   -22.4888    1.00000    7.08230E-03
   2   -7.69231E-03    6.00000E-03   -8.89634   -22.7798    1.00000    6.92672E-03
   2   -7.69231E-03    8.00000E-03   -8.80211   -23.0288    1.00000    6.82563E-03
   2   -7.69231E-03    1.00000E-02   -8.66827   -23.3245    1.00000    6.66539E-03
   2   -7.69231E-03    1.20000E-02   -8.53314   -23.6230    1.00000    6.50280E-03
   2   -7.69231E-03    1.40000E-02   -8.39666   -23.9243    1.00000    6.33804E-03
   2   -7.69231E-03    1.60000E-02   -8.32791   -24.0761    1.00000    6.25486E-03
   2   -7.69231E-03    1.80000E-02   -8.18942   -24.3817    1.00000    6.08714E-03
   2   -7.69231E-03    2.00000E-02   -8.09040   -24.6422    1.00000    5.97554E-03
   2   -7.69231E-03    2.20000E-02   -8.03056   -24.8581    1.00000    5.91870E-03
   2   -7.69231E-03    2.40000E-02   -8.03920   -24.9225    1.00000    5.94459E-03
   2   -7.69231E-03    2.60000E-02   -8.06746   -25.1832    1.00000    5.82610E-03
   2   -7.69231E-03    2.80000E-02   -8.45643   -25.0012    1.00000    5.48184E-03
   2   -7.69231E-03    3.00000E-02   -8.75175   -25.0389    1.00000    5.01476E-03
   2   -7.69231E-03    3.20000E-02   -9.02813   -25.1693    1.00000    4.78678E-03
   2   -7.69231E-03    3.40000E-02   -9.34440   -25.1693    1.00000    4.37640E-03
   2   -7.69231E-03    3.60000E-02   -9.52306   -25.4643    1.00000    4.11047E-03
   2   -7.69231E-03    3.80000E-02   -9.97843   -26.0591    1.00000    3.37800E-03
   2   -7.69231E-03    4.00000E-02   -13.9003   -24.4127    1.00000    2.63712E-03
   2   -7.69231E-03    4.20000E-02   -27.4186   -14.6276    1.00000    2.07427E-03
   2   -7.69231E-03    4.40000E-02   -38.3124   -14.2911    1.00000    1.10918E-03
   2   -7.69231E-03    4.60000E-02   -48.9056   -24.1818    1.00000    9.49497E-04
   2   -7.69231E-03    4.80000E-02   -71.1164   -40.1099    1.00000    6.75898E-04
   2   -7.69231E-03    5.00000E-02   -129.994   -81.8255    1.00000    4.81437E-04
   2   -3.84615E-03   -5.00000E-02   -18.2058   0.155026    1.00000    3.40509E-11
   2   -3.84615E-03   -4.80000E-02   -18.1827   -3.01204E-02    1.00000    8.53823E-10
   2   -3.84615E-03   -4.60000E-02   -18.1952   -2.05074E-02    1.00000    4.12951E-09
   2   -3.84615E-03   -4.40000E-02   -17.2466   -3.62324    1.00000    3.64198E-04
   2   -3.84615E-03   -4.20000E-02   -14.4568   -11.4124    1.00000    3.84218E-03
   2   -3.84615E-03   -4.00000E-02   -10.8104   -19.1573    1.00000    9.23569E-03
   2   -3.84615E-03   -3.80000E-02   -10.8104   -19.1573    1.00000    9.23569E-03
   2   -3.84615E-03   -3.60000E-02   -10.8104   -19.1573    1.00000    9.23569E-03
   2   -3.84615E-03   -3.40000E-02   -10.8104   -19.1573    1.00000    9.23569E-03
   2   -3.84615E-03   -3.20000E-02   -10.8104   -19.1573    1.00000    9.23569E-03
   2   -3.84615E-03   -3.00000E-02   -10.8104   -19.1573    1.00000    9.23569E-03
   2   -3.84615E-03   -2.80000E-02   -10.8104   -19.1573    1.00000    9.23569E-03
   2   -3.84615E-03   -2.60000E-02   -10.8651   -19.0337    1.00000    9.28646E-03
   2   -3.84615E-03   -2.40000E-02   -10.8104   -19.1573    1.00000    9.23569E-03
   2   -3.84615E-03   -2.20000E-02   -10.6447   -19.5316    1.00000    9.07679E-03
   2   -3.84615E-03   -2.00000E-02  -10.53269   -19.7845    1.00000    8.96534E-03
   2   -3.84615E-03   -1.80000E-02  -10.41943   -20.0400    1.00000    8.84966E-03
   2   -3.84615E-03   -1.60000E-02  -10.24722   -20.4281    1.00000    8.66841E-03
   2   -3.84615E-03   -1.40000E-02  -10.13080   -20.6902    1.00000    8.54245E-03
   2   -3.84615E-03   -1.20000E-02  -10.01320   -20.9548    1.00000    8.41271E-03
   2   -3.84615E-03   -1.00000E-02   -9.89434   -21.2221    1.00000    8.27918E-03
   2   -3.84615E-03   -8.00000E-03   -9.71359   -21.6282    1.00000    8.07199E-03
   2   -3.84615E-03   -6.00000E-03   -9.59150   -21.9024    1.00000    7.92949E-03
   2   -3.84615E-03   -4.00000E-03   -9.46810   -22.1793    1.00000    7.78359E-03
   2   -3.84615E-03   -2.00000E-03   -9.34338   -22.4590    1.00000    7.63440E-03
   2   -3.84615E-03  0.   -9.21736   -22.7414    1.00000    7.48222E-03
   2   -3.84615E-03    2.00000E-03   -9.09006   -23.0267    1.00000    7.32707E-03
   2   -3.84615E-03    4.00000E-03   -8.96140   -23.3148    1.00000    7.16913E-03
   2   -3.84615E-03    6.00000E-03   -8.83138   -23.6058    1.00000    7.00843E-03
   2   -3.84615E-03    8.00000E-03   -8.69995   -23.8998    1.00000    6.84519E-03
   2   -3.84615E-03    1.00000E-02   -8.56722   -24.1966    1.00000    6.67965E-03
   2   -3.84615E-03    1.20000E-02   -8.43305   -24.4965    1.00000    6.51182E-03
   2   -3.84615E-03    1.40000E-02   -8.36545   -24.6475    1.00000    6.42713E-03
   2   -3.84615E-03    1.60000E-02   -8.26232   -24.9182    1.00000    6.30412E-03
   2   -3.84615E-03    1.80000E-02   -8.12517   -25.2247    1.00000    6.13188E-03
   2   -3.84615E-03    2.00000E-02   -7.98654   -25.5344    1.00000    5.95788E-03
   2   -3.84615E-03    2.20000E-02   -7.91670   -25.6903    1.00000    5.87033E-03
   2   -3.84615E-03    2.40000E-02   -7.81021   -25.9691    1.00000    5.74227E-03
   2   -3.84615E-03    2.60000E-02   -7.66335   -26.4366    1.00000    5.70869E-03
   2   -3.84615E-03    2.80000E-02   -8.13423   -26.1314    1.00000    5.47143E-03
   2   -3.84615E-03    3.00000E-02   -8.48830   -26.0706    1.00000    5.11418E-03
   2   -3.84615E-03    3.20000E-02   -8.76338   -26.1792    1.00000    4.97097E-03
   2   -3.84615E-03    3.40000E-02   -9.12769   -26.0979    1.00000    4.57052E-03
   2   -3.84615E-03    3.60000E-02   -9.38030   -26.2786    1.00000    4.43597E-03
   2   -3.84615E-03    3.80000E-02   -9.86418   -26.7075    1.00000    3.93791E-03
   2   -3.84615E-03    4.00000E-02   -10.9176   -28.0429    1.00000    1.99863E-03
   2   -3.84615E-03    4.20000E-02   -25.6046   -16.1645    1.00000    2.30640E-03
   2   -3.84615E-03    4.40000E-02   -36.3886   -14.6563    1.00000    1.27849E-03
   2   -3.84615E-03    4.60000E-02   -49.1849   -21.2443    1.00000    9.02096E-04
   2   -3.84615E-03    4.80000E-02   -71.2657   -36.2116    1.00000    6.64544E-04
   2   -3.84615E-03    5.00000E-02   -133.264   -74.9065    1.00000    4.71704E-04
   2  0.   -5.00000E-02   -18.2058   0.155026    1.00000    3.40509E-11
   2  0.   -4.80000E-02   -18.1827   -3.01204E-02    1.00000    8.53823E-10
   2  0.   -4.60000E-02   -18.1952   -2.05074E-02    1.00000    4.12951E-09
   2  0.   -4.40000E-02   -16.8556   -5.15776    1.00000    5.80230E-04
   2  0.   -4.20000E-02   -12.5986   -16.3630    1.00000    4.23324E-03
   2  0.   -4.00000E-02   -9.09192   -23.6661    1.00000    7.44027E-03
   2  0.   -3.80000E-02   -9.09192   -23.6661    1.00000    7.44027E-03
   2  0.   -3.60000E-02   -9.09192   -23.6661    1.00000    7.44027E-03
   2  0.   -3.40000E-02   -9.09192   -23.6661    1.00000    7.44027E-03
   2  0.   -3.20000E-02   -9.09192   -23.6661    1.00000    7.44027E-03
   2  0.   -3.00000E-02   -9.09192   -23.6661    1.00000    7.44027E-03
   2  0.   -2.80000E-02   -9.09192   -23.6661    1.00000    7.44027E-03
   2  0.   -2.60000E-02   -9.09192   -23.6661    1.00000    7.44027E-03
   2  0.   -2.40000E-02   -9.09192   -23.6661    1.00000    7.44027E-03
   2  0.   -2.20000E-02   -9.09192   -23.6661    1.00000    7.44027E-03
   2  0.   -2.00000E-02   -9.09192   -23.6661    1.00000    7.44027E-03
   2  0.   -1.80000E-02   -9.09192   -23.6661    1.00000    7.44027E-03
   2  0.   -1.60000E-02   -9.09192   -23.6661    1.00000    7.44027E-03
   2  0.   -1.40000E-02   -9.09192   -23.6661    1.00000    7.44027E-03
   2  0.   -1.20000E-02   -9.09192   -23.6661    1.00000    7.44027E-03
   2  0.   -1.00000E-02   -9.09192   -23.6661    1.00000    7.44027E-03
   2  0.   -8.00000E-03   -9.09192   -23.6661    1.00000    7.44027E-03
   2  0.   -6.00000E-03   -9.09192   -23.6661    1.00000    7.44027E-03
   2  0.   -4.00000E-03   -9.09192   -23.6661    1.00000    7.44027E-03
   2  0.   -2.00000E-03   -9.09192   -23.6661    1.00000    7.44027E-03
   2  0.  0.   -9.09192   -23.6661    1.00000    7.44027E-03
   2  0.    2.00000E-03   -8.96719   -23.9498    1.00000    7.28345E-03
   2  0.    4.00000E-03   -8.77751   -24.3809    1.00000    7.04321E-03
   2  0.    6.00000E-03   -8.71360   -24.5261    1.00000    6.96188E-03
   2  0.    8.00000E-03   -8.60845   -24.8025    1.00000    6.83187E-03
   2  0.    1.00000E-02   -8.47859   -25.0974    1.00000    6.66562E-03
   2  0.    1.20000E-02   -8.34722   -25.3956    1.00000    6.49710E-03
   2  0.    1.40000E-02   -8.21443   -25.6967    1.00000    6.32662E-03
   2  0.    1.60000E-02   -8.08013   -26.0011    1.00000    6.15425E-03
   2  0.    1.80000E-02   -7.94435   -26.3087    1.00000    5.98022E-03
   2  0.    2.00000E-02   -7.87590   -26.4637    1.00000    5.89261E-03
   2  0.    2.20000E-02   -7.73787   -26.7761    1.00000    5.71643E-03
   2  0.    2.40000E-02   -7.59825   -27.0919    1.00000    5.53891E-03
   2  0.    2.60000E-02   -7.33660   -27.6086    1.00000    5.44460E-03
   2  0.    2.80000E-02   -7.66175   -27.5270    1.00000    5.26831E-03
   2  0.    3.00000E-02   -8.13822   -27.2190    1.00000    5.11331E-03
   2  0.    3.20000E-02   -8.34763   -27.4615    1.00000    4.87816E-03
   2  0.    3.40000E-02   -8.78607   -27.2605    1.00000    4.66285E-03
   2  0.    3.60000E-02   -9.08864   -27.3805    1.00000    4.53753E-03
   2  0.    3.80000E-02   -9.47037   -27.8055    1.00000    4.33017E-03
   2  0.    4.00000E-02   -10.9211   -28.4340    1.00000    2.48609E-03
   2  0.    4.20000E-02   -24.7701   -16.5514    1.00000    2.15925E-03
   2  0.    4.40000E-02   -33.3282   -17.0319    1.00000    1.61909E-03
   2  0.    4.60000E-02   -49.5420   -18.2037    1.00000    8.20615E-04
   2  0.    4.80000E-02   -71.2246   -32.5674    1.00000    6.46193E-04
   2  0.    5.00000E-02   -130.033   -68.3885    1.00000    4.81018E-04
   2    3.84615E-03   -5.00000E-02   -18.2058   0.155026    1.00000    3.40509E-11
   2    3.84615E-03   -4.80000E-02   -18.1827   -3.01204E-02    1.00000    8.53823E-10
   2    3.84615E-03   -4.60000E-02   -18.1952   -2.05074E-02    1.00000    4.12951E-09
   2    3.84615E-03   -4.40000E-02   -16.4730   -6.70546    1.00000    7.62569E-04
   2    3.84615E-03   -4.20000E-02  -10.52806   -22.7662    1.00000    3.64658E-03
   2    3.84615E-03   -4.00000E-02   -6.08153   -31.8208    1.00000    3.72123E-03
   2    3.84615E-03   -3.80000E-02   -6.08153   -31.8208    1.00000    3.72123E-03
   2    3.84615E-03   -3.60000E-02   -6.08153   -31.8208    1.00000    3.72123E-03
   2    3.84615E-03   -3.40000E-02   -6.08153   -31.8208    1.00000    3.72123E-03
   2    3.84615E-03   -3.20000E-02   -6.08153   -31.8208    1.00000    3.72123E-03
   2    3.84615E-03   -3.00000E-02   -6.08153   -31.8208    1.00000    3.72123E-03
   2    3.84615E-03   -2.80000E-02   -6.08153   -31.8208    1.00000    3.72123E-03
   2    3.84615E-03   -2.60000E-02   -6.08153   -31.8208    1.00000    3.72123E-03
   2    3.84615E-03   -2.40000E-02   -6.08153   -31.8208    1.00000    3.72123E-03
   2    3.84615E-03   -2.20000E-02   -6.08153   -31.8208    1.00000    3.72123E-03
   2    3.84615E-03   -2.00000E-02   -6.08153   -31.8208    1.00000    3.72123E-03
   2    3.84615E-03   -1.80000E-02   -6.08153   -31.8208    1.00000    3.72123E-03
   2    3.84615E-03   -1.60000E-02   -6.08153   -31.8208    1.00000    3.72123E-03
   2    3.84615E-03   -1.40000E-02   -6.08153   -31.8208    1.00000    3.72123E-03
   2    3.84615E-03   -1.20000E-02   -6.08153   -31.8208    1.00000    3.72123E-03
   2    3.84615E-03   -1.00000E-02   -6.08153   -31.8208    1.00000    3.72123E-03
   2    3.84615E-03   -8.00000E-03   -6.08153   -31.8208    1.00000    3.72123E-03
   2    3.84615E-03   -6.00000E-03   -6.08153   -31.8208    1.00000    3.72123E-03
   2    3.84615E-03   -4.00000E-03   -6.08153   -31.8208    1.00000    3.72123E-03
   2    3.84615E-03   -2.00000E-03   -6.08153   -31.8208    1.00000    3.72123E-03
   2    3.84615E-03  0.   -6.08153   -31.8208    1.00000    3.72123E-03
   2    3.84615E-03    2.00000E-03   -6.08153   -31.8208    1.00000    3.72123E-03
   2    3.84615E-03    4.00000E-03   -6.08153   -31.8208    1.00000    3.72123E-03
   2    3.84615E-03    6.00000E-03   -6.08153   -31.8208    1.00000    3.72123E-03
   2    3.84615E-03    8.00000E-03   -6.08153   -31.8208    1.00000    3.72123E-03
   2    3.84615E-03    1.00000E-02   -6.08153   -31.8208    1.00000    3.72123E-03
   2    3.84615E-03    1.20000E-02   -6.08153   -31.8208    1.00000    3.72123E-03
   2    3.84615E-03    1.40000E-02   -6.08153   -31.8208    1.00000    3.72123E-03
   2    3.84615E-03    1.60000E-02   -6.08153   -31.8208    1.00000    3.72123E-03
   2    3.84615E-03    1.80000E-02   -6.08153   -31.8208    1.00000    3.72123E-03
   2    3.84615E-03    2.00000E-02   -6.08153   -31.8208    1.00000    3.72123E-03
   2    3.84615E-03    2.20000E-02   -6.08153   -31.8208    1.00000    3.72123E-03
   2    3.84615E-03    2.40000E-02   -6.08153   -31.8208    1.00000    3.72123E-03
   2    3.84615E-03    2.60000E-02   -5.87511   -32.2063    1.00000    3.64481E-03
   2    3.84615E-03    2.80000E-02   -6.16397   -31.9586    1.00000    3.73505E-03
   2    3.84615E-03    3.00000E-02   -6.72676   -31.3908    1.00000    3.86105E-03
   2    3.84615E-03    3.20000E-02   -7.04549   -31.2844    1.00000    3.89594E-03
   2    3.84615E-03    3.40000E-02   -7.61251   -30.7847    1.00000    3.90792E-03
   2    3.84615E-03    3.60000E-02   -7.94053   -30.7351    1.00000    3.88511E-03
   2    3.84615E-03    3.80000E-02   -8.16037   -31.1423    1.00000    3.87324E-03
   2    3.84615E-03    4.00000E-02  -10.46851   -30.4789    1.00000    2.88805E-03
   2    3.84615E-03    4.20000E-02   -11.1658   -32.7075    1.00000    1.47982E-03
   2    3.84615E-03    4.40000E-02   -29.7913   -20.5799    1.00000    1.85662E-03
   2    3.84615E-03    4.60000E-02   -46.4287   -19.1606    1.00000    9.64085E-04
   2    3.84615E-03    4.80000E-02   -72.2203   -28.3741    1.00000    5.95033E-04
   2    3.84615E-03    5.00000E-02   -132.030   -61.9044    1.00000    4.61735E-04
   2    7.69231E-03   -5.00000E-02   -18.1695   -1.20814    1.00000    6.89914E-10
   2    7.69231E-03   -4.80000E-02   -18.2064    4.96943E-02    1.00000    1.95699E-09
   2    7.69231E-03   -4.60000E-02   -18.1952   -2.05074E-02    1.00000    4.12951E-09
   2    7.69231E-03   -4.40000E-02   -15.7334  -10.01731    1.00000    9.05933E-04
   2    7.69231E-03   -4.20000E-02   -7.62596   -32.9121    1.00000    2.14028E-03
   2    7.69231E-03   -4.00000E-02   -2.27323   -43.4216    1.00000    5.26526E-04
   2    7.69231E-03   -3.80000E-02   -2.27323   -43.4216    1.00000    5.26526E-04
   2    7.69231E-03   -3.60000E-02   -2.27323   -43.4216    1.00000    5.26526E-04
   2    7.69231E-03   -3.40000E-02   -2.32890   -43.3446    1.00000    5.47154E-04
   2    7.69231E-03   -3.20000E-02   -2.32890   -43.3446    1.00000    5.47154E-04
   2    7.69231E-03   -3.00000E-02   -2.32890   -43.3446    1.00000    5.47154E-04
   2    7.69231E-03   -2.80000E-02   -2.32890   -43.3446    1.00000    5.47154E-04
   2    7.69231E-03   -2.60000E-02   -2.32890   -43.3446    1.00000    5.47154E-04
   2    7.69231E-03   -2.40000E-02   -2.32890   -43.3446    1.00000    5.47154E-04
   2    7.69231E-03   -2.20000E-02   -2.32890   -43.3446    1.00000    5.47154E-04
   2    7.69231E-03   -2.00000E-02   -2.38470   -43.2673    1.00000    5.67990E-04
   2    7.69231E-03   -1.80000E-02   -2.38470   -43.2673    1.00000    5.67990E-04
   2    7.69231E-03   -1.60000E-02   -2.38470   -43.2673    1.00000    5.67990E-04
   2    7.69231E-03   -1.40000E-02   -2.38470   -43.2673    1.00000    5.67990E-04
   2    7.69231E-03   -1.20000E-02   -2.38470   -43.2673    1.00000    5.67990E-04
   2    7.69231E-03   -1.00000E-02   -2.38470   -43.2673    1.00000    5.67990E-04
   2    7.69231E-03   -8.00000E-03   -2.44055   -43.1900    1.00000    5.88978E-04
   2    7.69231E-03   -6.00000E-03   -2.44055   -43.1900    1.00000    5.88978E-04
   2    7.69231E-03   -4.00000E-03   -2.44055   -43.1900    1.00000    5.88978E-04
   2    7.69231E-03   -2.00000E-03   -2.44055   -43.1900    1.00000    5.88978E-04
   2    7.69231E-03  0.   -2.44055   -43.1900    1.00000    5.88978E-04
   2    7.69231E-03    2.00000E-03   -2.49653   -43.1126    1.00000    6.10151E-04
   2    7.69231E-03    4.00000E-03   -2.49653   -43.1126    1.00000    6.10151E-04
   2    7.69231E-03    6.00000E-03   -2.49653   -43.1126    1.00000    6.10151E-04
   2    7.69231E-03    8.00000E-03   -2.49653   -43.1126    1.00000    6.10151E-04
   2    7.69231E-03    1.00000E-02   -2.49653   -43.1126    1.00000    6.10151E-04
   2    7.69231E-03    1.20000E-02   -2.49653   -43.1126    1.00000    6.10151E-04
   2    7.69231E-03    1.40000E-02   -2.55260   -43.0351    1.00000    6.31476E-04
   2    7.69231E-03    1.60000E-02   -2.55260   -43.0351    1.00000    6.31476E-04
   2    7.69231E-03    1.80000E-02   -2.55260   -43.0351    1.00000    6.31476E-04
   2    7.69231E-03    2.00000E-02   -2.55260   -43.0351    1.00000    6.31476E-04
   2    7.69231E-03    2.20000E-02   -2.55260   -43.0351    1.00000    6.31476E-04
   2    7.69231E-03    2.40000E-02   -2.60875   -42.9575    1.00000    6.52940E-04
   2    7.69231E-03    2.60000E-02   -2.44352   -43.2428    1.00000    5.88967E-04
   2    7.69231E-03    2.80000E-02   -2.27841   -43.5206    1.00000    5.26526E-04
   2    7.69231E-03    3.00000E-02   -2.78947   -42.9028    1.00000    7.18139E-04
   2    7.69231E-03    3.20000E-02   -3.14320   -42.5865    1.00000    8.51090E-04
   2    7.69231E-03    3.40000E-02   -3.85430   -41.7840    1.00000    1.11962E-03
   2    7.69231E-03    3.60000E-02   -4.23105   -41.5194    1.00000    1.25127E-03
   2    7.69231E-03    3.80000E-02   -4.08265   -42.0737    1.00000    1.18583E-03
   2    7.69231E-03    4.00000E-02   -7.32866   -39.8263    1.00000    2.00682E-03
   2    7.69231E-03    4.20000E-02   -11.0021   -38.3863    1.00000    2.04220E-03
   2    7.69231E-03    4.40000E-02   -13.7243   -39.4299    1.00000    1.45540E-03
   2    7.69231E-03    4.60000E-02   -23.4127   -38.7561    1.00000    1.24592E-03
   2    7.69231E-03    4.80000E-02   -58.8956   -34.3948    1.00000    8.53877E-04
   2    7.69231E-03    5.00000E-02   -133.421   -55.6161    1.00000    4.37067E-04
   2    1.15385E-02   -5.00000E-02   -18.1691   -1.27580    1.00000    2.56227E-10
   2    1.15385E-02   -4.80000E-02   -18.2066    9.86463E-02    1.00000    6.62178E-09
   2    1.15385E-02   -4.60000E-02   -18.0110  -0.991190    1.00000    7.57382E-06
   2    1.15385E-02   -4.40000E-02  -10.33465   -29.8559    1.00000    7.09951E-04
   2    1.15385E-02   -4.20000E-02   -3.57582   -48.5977    1.00000    4.18611E-04
   2    1.15385E-02   -4.00000E-02   -8.96567E-02   -55.4333    1.00000    4.19862E-07
   2    1.15385E-02   -3.80000E-02   -8.96567E-02   -55.4333    1.00000    4.19862E-07
   2    1.15385E-02   -3.60000E-02   -8.96567E-02   -55.4333    1.00000    4.19862E-07
   2    1.15385E-02   -3.40000E-02   -8.96567E-02   -55.4333    1.00000    4.19862E-07
   2    1.15385E-02   -3.20000E-02   -8.96567E-02   -55.4333    1.00000    4.19862E-07
   2    1.15385E-02   -3.00000E-02   -8.96567E-02   -55.4333    1.00000    4.19862E-07
   2    1.15385E-02   -2.80000E-02   -8.96567E-02   -55.4333    1.00000    4.19862E-07
   2    1.15385E-02   -2.60000E-02   -8.96567E-02   -55.4333    1.00000    4.19862E-07
   2    1.15385E-02   -2.40000E-02   -8.96567E-02   -55.4333    1.00000    4.19862E-07
   2    1.15385E-02   -2.20000E-02   -8.96567E-02   -55.4333    1.00000    4.19862E-07
   2    1.15385E-02   -2.00000E-02   -8.96567E-02   -55.4333    1.00000    4.19862E-07
   2    1.15385E-02   -1.80000E-02   -8.96567E-02   -55.4333    1.00000    4.19862E-07
   2    1.15385E-02   -1.60000E-02   -8.96567E-02   -55.4333    1.00000    4.19862E-07
   2    1.15385E-02   -1.40000E-02   -8.96567E-02   -55.4333    1.00000    4.19862E-07
   2    1.15385E-02   -1.20000E-02   -8.96567E-02   -55.4333    1.00000    4.19862E-07
   2    1.15385E-02   -1.00000E-02   -8.96567E-02   -55.4333    1.00000    4.19862E-07
   2    1.15385E-02   -8.00000E-03   -8.96567E-02   -55.4333    1.00000    4.19862E-07
   2    1.15385E-02   -6.00000E-03   -8.96567E-02   -55.4333    1.00000    4.19862E-07
   2    1.15385E-02   -4.00000E-03   -8.96567E-02   -55.4333    1.00000    4.19862E-07
   2    1.15385E-02   -2.00000E-03   -8.96567E-02   -55.4333    1.00000    4.19862E-07
   2    1.15385E-02  0.   -8.96567E-02   -55.4333    1.00000    4.19862E-07
   2    1.15385E-02    2.00000E-03   -8.96567E-02   -55.4333    1.00000    4.19862E-07
   2    1.15385E-02    4.00000E-03   -8.96567E-02   -55.4333    1.00000    4.19862E-07
   2    1.15385E-02    6.00000E-03   -8.96567E-02   -55.4333    1.00000    4.19862E-07
   2    1.15385E-02    8.00000E-03   -8.96567E-02   -55.4333    1.00000    4.19862E-07
   2    1.15385E-02    1.00000E-02   -8.96567E-02   -55.4333    1.00000    4.19862E-07
   2    1.15385E-02    1.20000E-02   -8.96567E-02   -55.4333    1.00000    4.19862E-07
   2    1.15385E-02    1.40000E-02   -8.96567E-02   -55.4333    1.00000    4.19862E-07
   2    1.15385E-02    1.60000E-02   -8.96567E-02   -55.4333    1.00000    4.19862E-07
   2    1.15385E-02    1.80000E-02   -8.96567E-02   -55.4333    1.00000    4.19862E-07
   2    1.15385E-02    2.00000E-02   -8.96567E-02   -55.4333    1.00000    4.19862E-07
   2    1.15385E-02    2.20000E-02   -8.96567E-02   -55.4333    1.00000    4.19862E-07
   2    1.15385E-02    2.40000E-02   -8.96567E-02   -55.4333    1.00000    4.19862E-07
   2    1.15385E-02    2.60000E-02   -8.96768E-02   -55.4357    1.00000    4.20013E-07
   2    1.15385E-02    2.80000E-02   -8.96647E-02   -55.4382    1.00000    4.19862E-07
   2    1.15385E-02    3.00000E-02   -8.96728E-02   -55.4432    1.00000    4.19862E-07
   2    1.15385E-02    3.20000E-02   -8.96607E-02   -55.4457    1.00000    4.19711E-07
   2    1.15385E-02    3.40000E-02   -8.97130E-02   -55.4481    1.00000    4.20164E-07
   2    1.15385E-02    3.60000E-02   -8.96888E-02   -55.4532    1.00000    4.19862E-07
   2    1.15385E-02    3.80000E-02   -8.96889E-02   -55.4631    1.00000    4.19711E-07
   2    1.15385E-02    4.00000E-02  -0.908766   -54.7647    1.00000    3.76179E-05
   2    1.15385E-02    4.20000E-02   -5.07763   -52.0466    1.00000    5.88961E-04
   2    1.15385E-02    4.40000E-02   -9.50379   -51.0374    1.00000    9.94525E-04
   2    1.15385E-02    4.60000E-02   -14.9613   -51.5331    1.00000    9.92990E-04
   2    1.15385E-02    4.80000E-02   -19.4045   -55.5636    1.00000    6.48928E-04
   2    1.15385E-02    5.00000E-02   -77.2209   -65.4690    1.00000    6.39124E-04
   2    1.53846E-02   -4.80000E-02   -18.1704  -0.144990    1.00000    1.16210E-08
   2    1.53846E-02   -4.60000E-02   -16.8097   -8.59421    1.00000    1.46328E-04
   2    1.53846E-02   -4.40000E-02   -8.08544   -45.2906    1.00000    4.15283E-04
   2    1.53846E-02   -4.20000E-02   -6.60599E-02   -68.7474    1.00000    6.32892E-08
   2    1.53846E-02   -4.00000E-02   -6.61058E-02   -68.7952    1.00000    6.32892E-08
   2    1.53846E-02   -3.80000E-02   -6.61058E-02   -68.7952    1.00000    6.32892E-08
   2    1.53846E-02   -3.60000E-02   -6.61058E-02   -68.7952    1.00000    6.32892E-08
   2    1.53846E-02   -3.40000E-02   -6.61058E-02   -68.7952    1.00000    6.32892E-08
   2    1.53846E-02   -3.20000E-02   -6.61058E-02   -68.7952    1.00000    6.32892E-08
   2    1.53846E-02   -3.00000E-02   -6.61058E-02   -68.7952    1.00000    6.32892E-08
   2    1.53846E-02   -2.80000E-02   -6.61058E-02   -68.7952    1.00000    6.32892E-08
   2    1.53846E-02   -2.60000E-02   -6.61058E-02   -68.7952    1.00000    6.32892E-08
   2    1.53846E-02   -2.40000E-02   -6.61058E-02   -68.7952    1.00000    6.32892E-08
   2    1.53846E-02   -2.20000E-02   -6.61058E-02   -68.7952    1.00000    6.32892E-08
   2    1.53846E-02   -2.00000E-02   -6.61058E-02   -68.7952    1.00000    6.32892E-08
   2    1.53846E-02   -1.80000E-02   -6.61058E-02   -68.7952    1.00000    6.32892E-08
   2    1.53846E-02   -1.60000E-02   -6.61058E-02   -68.7952    1.00000    6.32892E-08
   2    1.53846E-02   -1.40000E-02   -6.61058E-02   -68.7952    1.00000    6.32892E-08
   2    1.53846E-02   -1.20000E-02   -6.61058E-02   -68.7952    1.00000    6.32892E-08
   2    1.53846E-02   -1.00000E-02   -6.61058E-02   -68.7952    1.00000    6.32892E-08
   2    1.53846E-02   -8.00000E-03   -6.61058E-02   -68.7952    1.00000    6.32892E-08
   2    1.53846E-02   -6.00000E-03   -6.61058E-02   -68.7952    1.00000    6.32892E-08
   2    1.53846E-02   -4.00000E-03   -6.61058E-02   -68.7952    1.00000    6.32892E-08
   2    1.53846E-02   -2.00000E-03   -6.61058E-02   -68.7952    1.00000    6.32892E-08
   2    1.53846E-02  0.   -6.61058E-02   -68.7952    1.00000    6.32892E-08
   2    1.53846E-02    2.00000E-03   -6.61058E-02   -68.7952    1.00000    6.32892E-08
   2    1.53846E-02    4.00000E-03   -6.61058E-02   -68.7952    1.00000    6.32892E-08
   2    1.53846E-02    6.00000E-03   -6.61058E-02   -68.7952    1.00000    6.32892E-08
   2    1.53846E-02    8.00000E-03   -6.61058E-02   -68.7952    1.00000    6.32892E-08
   2    1.53846E-02    1.00000E-02   -6.61058E-02   -68.7952    1.00000    6.32892E-08
   2    1.53846E-02    1.20000E-02   -6.61058E-02   -68.7952    1.00000    6.32892E-08
   2    1.53846E-02    1.40000E-02   -6.61058E-02   -68.7952    1.00000    6.32892E-08
   2    1.53846E-02    1.60000E-02   -6.61058E-02   -68.7952    1.00000    6.32892E-08
   2    1.53846E-02    1.80000E-02   -6.61058E-02   -68.7952    1.00000    6.32892E-08
   2    1.53846E-02    2.00000E-02   -6.61058E-02   -68.7952    1.00000    6.32892E-08
   2    1.53846E-02    2.20000E-02   -6.61058E-02   -68.7952    1.00000    6.32892E-08
   2    1.53846E-02    2.40000E-02   -6.61058E-02   -68.7952    1.00000    6.32892E-08
   2    1.53846E-02    2.60000E-02   -6.61386E-02   -68.7974    1.00000    6.33478E-08
   2    1.53846E-02    2.80000E-02   -6.60797E-02   -68.7998    1.00000    6.32307E-08
   2    1.53846E-02    3.00000E-02   -6.61146E-02   -68.8043    1.00000    6.32892E-08
   2    1.53846E-02    3.20000E-02   -6.61169E-02   -68.8065    1.00000    6.32892E-08
   2    1.53846E-02    3.40000E-02   -6.61496E-02   -68.8088    1.00000    6.33478E-08
   2    1.53846E-02    3.60000E-02   -6.61540E-02   -68.8133    1.00000    6.33478E-08
   2    1.53846E-02    3.80000E-02   -6.61627E-02   -68.8224    1.00000    6.33478E-08
   2    1.53846E-02    4.00000E-02   -6.61627E-02   -68.8384    1.00000    6.33185E-08
   2    1.53846E-02    4.20000E-02   -6.61606E-02   -68.8521    1.00000    6.32892E-08
   2    1.53846E-02    4.40000E-02   -6.61759E-02   -68.8680    1.00000    6.32892E-08
   2    1.53846E-02    4.60000E-02   -4.85438   -68.4806    1.00000    1.69207E-04
   2    1.53846E-02    4.80000E-02   -11.4282   -70.9107    1.00000    3.91585E-04
   2    1.53846E-02    5.00000E-02   -22.2695   -78.3579    1.00000    4.33002E-04
   2    1.92308E-02   -4.80000E-02   -18.1943   -8.11099E-03    1.00000    2.50586E-11
   2    1.92308E-02   -4.60000E-02   -12.3778   -36.0378    1.00000    1.08065E-04
   2    1.92308E-02   -4.40000E-02   -4.27213E-02   -90.3194    1.00000    5.17604E-09
   2    1.92308E-02   -4.20000E-02   -4.26741E-02   -90.3660    1.00000    5.15930E-09
   2    1.92308E-02   -4.00000E-02   -4.26941E-02   -90.4084    1.00000    5.15930E-09
   2    1.92308E-02   -3.80000E-02   -4.26941E-02   -90.4084    1.00000    5.15930E-09
   2    1.92308E-02   -3.60000E-02   -4.26941E-02   -90.4084    1.00000    5.15930E-09
   2    1.92308E-02   -3.40000E-02   -4.26941E-02   -90.4084    1.00000    5.15930E-09
   2    1.92308E-02   -3.20000E-02   -4.26941E-02   -90.4084    1.00000    5.15930E-09
   2    1.92308E-02   -3.00000E-02   -4.26941E-02   -90.4084    1.00000    5.15930E-09
   2    1.92308E-02   -2.80000E-02   -4.26941E-02   -90.4084    1.00000    5.15930E-09
   2    1.92308E-02   -2.60000E-02   -4.26941E-02   -90.4084    1.00000    5.15930E-09
   2    1.92308E-02   -2.40000E-02   -4.26941E-02   -90.4084    1.00000    5.15930E-09
   2    1.92308E-02   -2.20000E-02   -4.26941E-02   -90.4084    1.00000    5.15930E-09
   2    1.92308E-02   -2.00000E-02   -4.26941E-02   -90.4084    1.00000    5.15930E-09
   2    1.92308E-02   -1.80000E-02   -4.26941E-02   -90.4084    1.00000    5.15930E-09
   2    1.92308E-02   -1.60000E-02   -4.26941E-02   -90.4084    1.00000    5.15930E-09
   2    1.92308E-02   -1.40000E-02   -4.26941E-02   -90.4084    1.00000    5.15930E-09
   2    1.92308E-02   -1.20000E-02   -4.26941E-02   -90.4084    1.00000    5.15930E-09
   2    1.92308E-02   -1.00000E-02   -4.26941E-02   -90.4084    1.00000    5.15930E-09
   2    1.92308E-02   -8.00000E-03   -4.26941E-02   -90.4084    1.00000    5.15930E-09
   2    1.92308E-02   -6.00000E-03   -4.26941E-02   -90.4084    1.00000    5.15930E-09
   2    1.92308E-02   -4.00000E-03   -4.26941E-02   -90.4084    1.00000    5.15930E-09
   2    1.92308E-02   -2.00000E-03   -4.26941E-02   -90.4084    1.00000    5.15930E-09
   2    1.92308E-02  0.   -4.26941E-02   -90.4084    1.00000    5.15930E-09
   2    1.92308E-02    2.00000E-03   -4.26941E-02   -90.4084    1.00000    5.15930E-09
   2    1.92308E-02    4.00000E-03   -4.26941E-02   -90.4084    1.00000    5.15930E-09
   2    1.92308E-02    6.00000E-03   -4.26941E-02   -90.4084    1.00000    5.15930E-09
   2    1.92308E-02    8.00000E-03   -4.26941E-02   -90.4084    1.00000    5.15930E-09
   2    1.92308E-02    1.00000E-02   -4.26941E-02   -90.4084    1.00000    5.15930E-09
   2    1.92308E-02    1.20000E-02   -4.26941E-02   -90.4084    1.00000    5.15930E-09
   2    1.92308E-02    1.40000E-02   -4.26941E-02   -90.4084    1.00000    5.15930E-09
   2    1.92308E-02    1.60000E-02   -4.26941E-02   -90.4084    1.00000    5.15930E-09
   2    1.92308E-02    1.80000E-02   -4.26941E-02   -90.4084    1.00000    5.15930E-09
   2    1.92308E-02    2.00000E-02   -4.26941E-02   -90.4084    1.00000    5.15930E-09
   2    1.92308E-02    2.20000E-02   -4.26941E-02   -90.4084    1.00000    5.15930E-09
   2    1.92308E-02    2.40000E-02   -4.26941E-02   -90.4084    1.00000    5.15930E-09
   2    1.92308E-02    2.60000E-02   -4.27296E-02   -90.4103    1.00000    5.16766E-09
   2    1.92308E-02    2.80000E-02   -4.27650E-02   -90.4121    1.00000    5.17604E-09
   2    1.92308E-02    3.00000E-02   -4.26978E-02   -90.4161    1.00000    5.15930E-09
   2    1.92308E-02    3.20000E-02   -4.26987E-02   -90.4181    1.00000    5.15930E-09
   2    1.92308E-02    3.40000E-02   -4.27005E-02   -90.4219    1.00000    5.15930E-09
   2    1.92308E-02    3.60000E-02   -4.27014E-02   -90.4238    1.00000    5.15930E-09
   2    1.92308E-02    3.80000E-02   -4.27051E-02   -90.4316    1.00000    5.15930E-09
   2    1.92308E-02    4.00000E-02   -4.26941E-02   -90.4451    1.00000    5.15512E-09
   2    1.92308E-02    4.20000E-02   -4.27178E-02   -90.4586    1.00000    5.15930E-09
   2    1.92308E-02    4.40000E-02   -4.27319E-02   -90.4702    1.00000    5.16139E-09
   2    1.92308E-02    4.60000E-02   -4.27331E-02   -90.4818    1.00000    5.16034E-09
   2    1.92308E-02    4.80000E-02   -4.27373E-02   -90.4953    1.00000    5.15982E-09
   2    1.92308E-02    5.00000E-02   -1.67744   -91.9862    1.00000    6.35604E-06
   2    2.30769E-02   -4.80000E-02   -18.2182   0.159193    1.00000    6.40569E-09
   2    2.30769E-02   -4.60000E-02   -5.15533  -100.4377    1.00000    7.96645E-06
   2    2.30769E-02   -4.40000E-02  -0.343263   -130.171    1.00000    3.48464E-08
   2    2.30769E-02   -4.20000E-02  -0.344681   -130.709    1.00000    3.48464E-08
   2    2.30769E-02   -4.00000E-02  -0.346113   -131.252    1.00000    3.48464E-08
   2    2.30769E-02   -3.80000E-02  -0.346113   -131.252    1.00000    3.48464E-08
   2    2.30769E-02   -3.60000E-02  -0.346113   -131.252    1.00000    3.48464E-08
   2    2.30769E-02   -3.40000E-02  -0.346113   -131.252    1.00000    3.48464E-08
   2    2.30769E-02   -3.20000E-02  -0.346113   -131.252    1.00000    3.48464E-08
   2    2.30769E-02   -3.00000E-02  -0.346113   -131.252    1.00000    3.48464E-08
   2    2.30769E-02   -2.80000E-02  -0.346113   -131.252    1.00000    3.48464E-08
   2    2.30769E-02   -2.60000E-02  -0.346113   -131.252    1.00000    3.48464E-08
   2    2.30769E-02   -2.40000E-02  -0.346113   -131.252    1.00000    3.48464E-08
   2    2.30769E-02   -2.20000E-02  -0.346113   -131.252    1.00000    3.48464E-08
   2    2.30769E-02   -2.00000E-02  -0.346113   -131.252    1.00000    3.48464E-08
   2    2.30769E-02   -1.80000E-02  -0.346113   -131.252    1.00000    3.48464E-08
   2    2.30769E-02   -1.60000E-02  -0.346113   -131.252    1.00000    3.48464E-08
   2    2.30769E-02   -1.40000E-02  -0.346113   -131.252    1.00000    3.48464E-08
   2    2.30769E-02   -1.20000E-02  -0.346113   -131.252    1.00000    3.48464E-08
   2    2.30769E-02   -1.00000E-02  -0.346113   -131.252    1.00000    3.48464E-08
   2    2.30769E-02   -8.00000E-03  -0.346113   -131.252    1.00000    3.48464E-08
   2    2.30769E-02   -6.00000E-03  -0.346113   -131.252    1.00000    3.48464E-08
   2    2.30769E-02   -4.00000E-03  -0.346113   -131.252    1.00000    3.48464E-08
   2    2.30769E-02   -2.00000E-03  -0.346113   -131.252    1.00000    3.48464E-08
   2    2.30769E-02  0.  -0.346113   -131.252    1.00000    3.48464E-08
   2    2.30769E-02    2.00000E-03  -0.346113   -131.252    1.00000    3.48464E-08
   2    2.30769E-02    4.00000E-03  -0.346113   -131.252    1.00000    3.48464E-08
   2    2.30769E-02    6.00000E-03  -0.346113   -131.252    1.00000    3.48464E-08
   2    2.30769E-02    8.00000E-03  -0.346113   -131.252    1.00000    3.48464E-08
   2    2.30769E-02    1.00000E-02  -0.346113   -131.252    1.00000    3.48464E-08
   2    2.30769E-02    1.20000E-02  -0.346113   -131.252    1.00000    3.48464E-08
   2    2.30769E-02    1.40000E-02  -0.346113   -131.252    1.00000    3.48464E-08
   2    2.30769E-02    1.60000E-02  -0.346113   -131.252    1.00000    3.48464E-08
   2    2.30769E-02    1.80000E-02  -0.346113   -131.252    1.00000    3.48464E-08
   2    2.30769E-02    2.00000E-02  -0.346113   -131.252    1.00000    3.48464E-08
   2    2.30769E-02    2.20000E-02  -0.346113   -131.252    1.00000    3.48464E-08
   2    2.30769E-02    2.40000E-02  -0.346113   -131.252    1.00000    3.48464E-08
   2    2.30769E-02    2.60000E-02  -0.346227   -131.274    1.00000    3.48573E-08
   2    2.30769E-02    2.80000E-02  -0.346233   -131.297    1.00000    3.48464E-08
   2    2.30769E-02    3.00000E-02  -0.346407   -131.343    1.00000    3.48573E-08
   2    2.30769E-02    3.20000E-02  -0.346413   -131.365    1.00000    3.48464E-08
   2    2.30769E-02    3.40000E-02  -0.346533   -131.411    1.00000    3.48464E-08
   2    2.30769E-02    3.60000E-02  -0.346620   -131.434    1.00000    3.48519E-08
   2    2.30769E-02    3.80000E-02  -0.346921   -131.548    1.00000    3.48519E-08
   2    2.30769E-02    4.00000E-02  -0.347242   -131.685    1.00000    3.48437E-08
   2    2.30769E-02    4.20000E-02  -0.347685   -131.845    1.00000    3.48478E-08
   2    2.30769E-02    4.40000E-02  -0.348054   -131.983    1.00000    3.48491E-08
   2    2.30769E-02    4.60000E-02  -0.348452   -132.144    1.00000    3.48437E-08
   2    2.30769E-02    4.80000E-02  -0.348803   -132.282    1.00000    3.48410E-08
   2    2.30769E-02    5.00000E-02  -0.349195   -132.421    1.00000    3.48464E-08
   2    2.69231E-02   -4.80000E-02   -15.5885   -43.5872    1.00000    1.81342E-06
   2    2.69231E-02   -4.60000E-02  -0.282480   -240.500    1.00000    6.06235E-10
   2    2.69231E-02   -4.40000E-02  -0.283739   -241.281    1.00000    6.07669E-10
   2    2.69231E-02   -4.20000E-02  -0.284747   -242.140    1.00000    6.07669E-10
   2    2.69231E-02   -4.00000E-02  -0.285555   -242.970    1.00000    6.06952E-10
   2    2.69231E-02   -3.80000E-02  -0.285680   -243.005    1.00000    6.07310E-10
   2    2.69231E-02   -3.60000E-02  -0.285680   -243.005    1.00000    6.07310E-10
   2    2.69231E-02   -3.40000E-02  -0.285680   -243.005    1.00000    6.07310E-10
   2    2.69231E-02   -3.20000E-02  -0.285680   -243.005    1.00000    6.07310E-10
   2    2.69231E-02   -3.00000E-02  -0.285680   -243.005    1.00000    6.07310E-10
   2    2.69231E-02   -2.80000E-02  -0.285680   -243.005    1.00000    6.07310E-10
   2    2.69231E-02   -2.60000E-02  -0.285680   -243.005    1.00000    6.07310E-10
   2    2.69231E-02   -2.40000E-02  -0.285680   -243.005    1.00000    6.07310E-10
   2    2.69231E-02   -2.20000E-02  -0.285680   -243.005    1.00000    6.07310E-10
   2    2.69231E-02   -2.00000E-02  -0.285680   -243.005    1.00000    6.07310E-10
   2    2.69231E-02   -1.80000E-02  -0.285680   -243.005    1.00000    6.07310E-10
   2    2.69231E-02   -1.60000E-02  -0.285680   -243.005    1.00000    6.07310E-10
   2    2.69231E-02   -1.40000E-02  -0.285680   -243.005    1.00000    6.07310E-10
   2    2.69231E-02   -1.20000E-02  -0.285680   -243.005    1.00000    6.07310E-10
   2    2.69231E-02   -1.00000E-02  -0.285680   -243.005    1.00000    6.07310E-10
   2    2.69231E-02   -8.00000E-03  -0.285680   -243.005    1.00000    6.07310E-10
   2    2.69231E-02   -6.00000E-03  -0.285680   -243.005    1.00000    6.07310E-10
   2    2.69231E-02   -4.00000E-03  -0.285680   -243.005    1.00000    6.07310E-10
   2    2.69231E-02   -2.00000E-03  -0.285680   -243.005    1.00000    6.07310E-10
   2    2.69231E-02  0.  -0.285680   -243.005    1.00000    6.07310E-10
   2    2.69231E-02    2.00000E-03  -0.285680   -243.005    1.00000    6.07310E-10
   2    2.69231E-02    4.00000E-03  -0.285680   -243.005    1.00000    6.07310E-10
   2    2.69231E-02    6.00000E-03  -0.285680   -243.005    1.00000    6.07310E-10
   2    2.69231E-02    8.00000E-03  -0.285680   -243.005    1.00000    6.07310E-10
   2    2.69231E-02    1.00000E-02  -0.285680   -243.005    1.00000    6.07310E-10
   2    2.69231E-02    1.20000E-02  -0.285680   -243.005    1.00000    6.07310E-10
   2    2.69231E-02    1.40000E-02  -0.285680   -243.005    1.00000    6.07310E-10
   2    2.69231E-02    1.60000E-02  -0.285680   -243.005    1.00000    6.07310E-10
   2    2.69231E-02    1.80000E-02  -0.285680   -243.005    1.00000    6.07310E-10
   2    2.69231E-02    2.00000E-02  -0.285680   -243.005    1.00000    6.07310E-10
   2    2.69231E-02    2.20000E-02  -0.285680   -243.005    1.00000    6.07310E-10
   2    2.69231E-02    2.40000E-02  -0.285680   -243.005    1.00000    6.07310E-10
   2    2.69231E-02    2.60000E-02  -0.285721   -243.039    1.00000    6.07310E-10
   2    2.69231E-02    2.80000E-02  -0.285802   -243.109    1.00000    6.07310E-10
   2    2.69231E-02    3.00000E-02  -0.285928   -243.143    1.00000    6.07669E-10
   2    2.69231E-02    3.20000E-02  -0.285884   -243.178    1.00000    6.07310E-10
   2    2.69231E-02    3.40000E-02  -0.285966   -243.248    1.00000    6.07310E-10
   2    2.69231E-02    3.60000E-02  -0.285964   -243.283    1.00000    6.07131E-10
   2    2.69231E-02    3.80000E-02  -0.286190   -243.457    1.00000    6.07221E-10
   2    2.69231E-02    4.00000E-02  -0.286456   -243.701    1.00000    6.07131E-10
   2    2.69231E-02    4.20000E-02  -0.286660   -243.910    1.00000    6.06952E-10
   2    2.69231E-02    4.40000E-02  -0.286948   -244.155    1.00000    6.06952E-10
   2    2.69231E-02    4.60000E-02  -0.287195   -244.366    1.00000    6.06952E-10
   2    2.69231E-02    4.80000E-02  -0.287614   -244.577    1.00000    6.07669E-10
   2    2.69231E-02    5.00000E-02  -0.288075   -244.824    1.00000    6.08387E-10
   2    3.07692E-02   -4.80000E-02   -14.2879   -444.598    1.00000    1.95360E-10
   2    3.07692E-02   -4.60000E-02   -16.9491   -527.697    1.00000    1.95563E-10
   2    3.07692E-02   -4.40000E-02   -21.0688   -654.748    1.00000    1.95869E-10
   2    3.07692E-02   -4.20000E-02   -28.9919   -902.283    1.00000    1.95614E-10
   2    3.07692E-02   -4.00000E-02   -44.4714   -1383.61    1.00000    1.95703E-10
   2    3.07692E-02   -3.80000E-02   -47.6492   -1482.51    1.00000    1.95697E-10
   2    3.07692E-02   -3.60000E-02   -47.6492   -1482.51    1.00000    1.95697E-10
   2    3.07692E-02   -3.40000E-02   -47.6492   -1482.51    1.00000    1.95697E-10
   2    3.07692E-02   -3.20000E-02   -47.6492   -1482.51    1.00000    1.95697E-10
   2    3.07692E-02   -3.00000E-02   -47.6492   -1482.51    1.00000    1.95697E-10
   2    3.07692E-02   -2.80000E-02   -47.6492   -1482.51    1.00000    1.95697E-10
   2    3.07692E-02   -2.60000E-02   -47.6492   -1482.51    1.00000    1.95697E-10
   2    3.07692E-02   -2.40000E-02   -47.6492   -1482.51    1.00000    1.95697E-10
   2    3.07692E-02   -2.20000E-02   -47.6492   -1482.51    1.00000    1.95697E-10
   2    3.07692E-02   -2.00000E-02   -47.6492   -1482.51    1.00000    1.95697E-10
   2    3.07692E-02   -1.80000E-02   -47.6492   -1482.51    1.00000    1.95697E-10
   2    3.07692E-02   -1.60000E-02   -47.6492   -1482.51    1.00000    1.95697E-10
   2    3.07692E-02   -1.40000E-02   -47.6492   -1482.51    1.00000    1.95697E-10
   2    3.07692E-02   -1.20000E-02   -47.6492   -1482.51    1.00000    1.95697E-10
   2    3.07692E-02   -1.00000E-02   -47.6492   -1482.51    1.00000    1.95697E-10
   2    3.07692E-02   -8.00000E-03   -47.6492   -1482.51    1.00000    1.95697E-10
   2    3.07692E-02   -6.00000E-03   -47.6492   -1482.51    1.00000    1.95697E-10
   2    3.07692E-02   -4.00000E-03   -47.6492   -1482.51    1.00000    1.95697E-10
   2    3.07692E-02   -2.00000E-03   -47.6492   -1482.51    1.00000    1.95697E-10
   2    3.07692E-02  0.   -47.6492   -1482.51    1.00000    1.95697E-10
   2    3.07692E-02    2.00000E-03   -47.6492   -1482.51    1.00000    1.95697E-10
   2    3.07692E-02    4.00000E-03   -47.6492   -1482.51    1.00000    1.95697E-10
   2    3.07692E-02    6.00000E-03   -47.6492   -1482.51    1.00000    1.95697E-10
   2    3.07692E-02    8.00000E-03   -47.6492   -1482.51    1.00000    1.95697E-10
   2    3.07692E-02    1.00000E-02   -47.6492   -1482.51    1.00000    1.95697E-10
   2    3.07692E-02    1.20000E-02   -47.6492   -1482.51    1.00000    1.95697E-10
   2    3.07692E-02    1.40000E-02   -47.6492   -1482.51    1.00000    1.95697E-10
   2    3.07692E-02    1.60000E-02   -47.6492   -1482.51    1.00000    1.95697E-10
   2    3.07692E-02    1.80000E-02   -47.6492   -1482.51    1.00000    1.95697E-10
   2    3.07692E-02    2.00000E-02   -47.6492   -1482.51    1.00000    1.95697E-10
   2    3.07692E-02    2.20000E-02   -47.6492   -1482.51    1.00000    1.95697E-10
   2    3.07692E-02    2.40000E-02   -47.6492   -1482.51    1.00000    1.95697E-10
   2    3.07692E-02    2.60000E-02   -48.8121   -1518.69    1.00000    1.95697E-10
   2    3.07692E-02    2.80000E-02   -51.3175   -1596.63    1.00000    1.95700E-10
   2    3.07692E-02    3.00000E-02   -52.6689   -1638.67    1.00000    1.95700E-10
   2    3.07692E-02    3.20000E-02   -55.5957   -1729.78    1.00000    1.95690E-10
   2    3.07692E-02    3.40000E-02   -57.1872   -1779.24    1.00000    1.95703E-10
   2    3.07692E-02    3.60000E-02   -58.8708   -1831.61    1.00000    1.95703E-10
   2    3.07692E-02    3.80000E-02   -71.4975   -2224.48    1.00000    1.95690E-10
   2    3.07692E-02    4.00000E-02   -91.0315   -2832.05    1.00000    1.95716E-10
   2    3.07692E-02    4.20000E-02   -133.585   -4156.06    1.00000    1.95716E-10
   2    3.07692E-02    4.40000E-02   -222.860   -6933.99    1.00000    1.95665E-10
   2    3.07692E-02    4.60000E-02   -676.052   -21026.0    1.00000    1.95665E-10
   2    3.07692E-02    4.80000E-02    494.848    15390.4    1.00000    1.95665E-10
   2    3.07692E-02    5.00000E-02    200.014    6227.33    1.00000    1.95665E-10
