   3   -3.07692E-02   -4.80000E-02   -18.1746  -0.118838    1.00000    7.89759E-08
   3   -3.07692E-02   -4.60000E-02   -16.6128   -3.78740    1.00000    8.34987E-04
   3   -3.07692E-02   -4.40000E-02   -3.81342   -23.0379    1.00000    3.66164E-04
   3   -3.07692E-02   -4.20000E-02  -0.501545   -26.9989    1.00000    7.42463E-06
   3   -3.07692E-02   -4.00000E-02  -0.820750   -26.8292    1.00000    1.99507E-05
   3   -3.07692E-02   -3.80000E-02  -0.924543   -26.8850    1.00000    2.46477E-05
   3   -3.07692E-02   -3.60000E-02  -0.877567   -27.0424    1.00000    2.16407E-05
   3   -3.07692E-02   -3.40000E-02  -0.829750   -27.2015    1.00000    1.88515E-05
   3   -3.07692E-02   -3.20000E-02  -0.780896   -27.3625    1.00000    1.62677E-05
   3   -3.07692E-02   -3.00000E-02  -0.886757   -27.3863    1.00000    2.04657E-05
   3   -3.07692E-02   -2.80000E-02  -0.837715   -27.5495    1.00000    1.77912E-05
   3   -3.07692E-02   -2.60000E-02  -0.937295   -27.6013    1.00000    2.16971E-05
   3   -3.07692E-02   -2.40000E-02  -0.762075   -27.7980    1.00000    1.41515E-05
   3   -3.07692E-02   -2.20000E-02  -0.862500   -27.8509    1.00000    1.76559E-05
   3   -3.07692E-02   -2.00000E-02  -0.811358   -28.0197    1.00000    1.52130E-05
   3   -3.07692E-02   -1.80000E-02   0.179608   -28.8780    1.00000    7.25384E-07
   3   -3.07692E-02   -1.60000E-02    1.40441   -29.9345    1.00000    4.30336E-05
   3   -3.07692E-02   -1.40000E-02    2.83949   -31.0812    1.00000    1.72679E-04
   3   -3.07692E-02   -1.20000E-02    4.03770   -32.1159    1.00000    3.38137E-04
   3   -3.07692E-02   -1.00000E-02    5.29891   -33.2247    1.00000    5.62698E-04
   3   -3.07692E-02   -8.00000E-03    6.55457   -34.5049    1.00000    8.33783E-04
   3   -3.07692E-02   -6.00000E-03    7.58579   -35.6354    1.00000    1.07057E-03
   3   -3.07692E-02   -4.00000E-03    8.84694   -36.8717    1.00000    1.41288E-03
   3   -3.07692E-02   -2.00000E-03   10.05854   -38.1203    1.00000    1.75030E-03
   3   -3.07692E-02  0.    11.0722   -39.1713    1.00000    2.03911E-03
   3   -3.07692E-02    2.00000E-03    12.3089   -40.3464    1.00000    2.44993E-03
   3   -3.07692E-02    4.00000E-03    11.4554   -40.6053    1.00000    1.76728E-03
   3   -3.07692E-02    6.00000E-03    10.9947   -41.0239    1.00000    1.40072E-03
   3   -3.07692E-02    8.00000E-03   10.23435   -41.2506    1.00000    1.04154E-03
   3   -3.07692E-02    1.00000E-02    9.74862   -41.5751    1.00000    8.30204E-04
   3   -3.07692E-02    1.20000E-02    9.22118   -41.8975    1.00000    6.50587E-04
   3   -3.07692E-02    1.40000E-02    8.85882   -42.3109    1.00000    5.31549E-04
   3   -3.07692E-02    1.60000E-02    8.39990   -42.6083    1.00000    4.28506E-04
   3   -3.07692E-02    1.80000E-02    7.86578   -42.8371    1.00000    3.36700E-04
   3   -3.07692E-02    2.00000E-02    7.82732   -43.3936    1.00000    3.02153E-04
   3   -3.07692E-02    2.20000E-02    7.47595   -43.7296    1.00000    2.49692E-04
   3   -3.07692E-02    2.40000E-02    7.34865   -44.1775    1.00000    2.21518E-04
   3   -3.07692E-02    2.60000E-02    6.67738   -44.2582    1.00000    1.63702E-04
   3   -3.07692E-02    2.80000E-02    6.31699   -44.5295    1.00000    1.31174E-04
   3   -3.07692E-02    3.00000E-02    6.18666   -45.0001    1.00000    1.13645E-04
   3   -3.07692E-02    3.20000E-02    5.44447   -45.1157    1.00000    7.81610E-05
   3   -3.07692E-02    3.40000E-02    5.17448   -45.4323    1.00000    6.46143E-05
   3   -3.07692E-02    3.60000E-02    5.22052   -45.9152    1.00000    6.11555E-05
   3   -3.07692E-02    3.80000E-02    4.51653   -46.0831    1.00000    3.93718E-05
   3   -3.07692E-02    4.00000E-02    3.70736   -46.3465    1.00000    2.28899E-05
   3   -3.07692E-02    4.20000E-02    3.52123   -46.7366    1.00000    1.82828E-05
   3   -3.07692E-02    4.40000E-02    2.83436   -47.1335    1.00000    1.04464E-05
   3   -3.07692E-02    4.60000E-02    2.45577   -47.5951    1.00000    7.06060E-06
   3   -3.07692E-02    4.80000E-02   0.938119   -48.9347    1.00000    8.23585E-07
   3   -3.07692E-02    5.00000E-02   -13.0517   -61.7342    1.00000    4.49476E-05
   3   -2.69231E-02   -4.80000E-02   -18.1864   -5.61960E-02    1.00000    4.43994E-08
   3   -2.69231E-02   -4.60000E-02   -15.9468   -5.15649    1.00000    9.70058E-04
   3   -2.69231E-02   -4.40000E-02   -3.45457   -23.9797    1.00000    2.78238E-04
   3   -2.69231E-02   -4.20000E-02  -0.748989   -27.1868    1.00000    1.50517E-05
   3   -2.69231E-02   -4.00000E-02  -0.805101   -27.2708    1.00000    1.75329E-05
   3   -2.69231E-02   -3.80000E-02  -0.756067   -27.4437    1.00000    1.50517E-05
   3   -2.69231E-02   -3.60000E-02  -0.853663   -27.4954    1.00000    1.86961E-05
   3   -2.69231E-02   -3.40000E-02  -0.937295   -27.6013    1.00000    2.16971E-05
   3   -2.69231E-02   -3.20000E-02  -0.896008   -27.7392    1.00000    1.93337E-05
   3   -2.69231E-02   -3.00000E-02  -0.998000   -27.7914    1.00000    2.33611E-05
   3   -2.69231E-02   -2.80000E-02  -0.811358   -28.0197    1.00000    1.52130E-05
   3   -2.69231E-02   -2.60000E-02  -0.759223   -28.1905    1.00000    1.29686E-05
   3   -2.69231E-02   -2.40000E-02  -0.871290   -28.2158    1.00000    1.66512E-05
   3   -2.69231E-02   -2.20000E-02  -0.818843   -28.3890    1.00000    1.43149E-05
   3   -2.69231E-02   -2.00000E-02  -0.923814   -28.4443    1.00000    1.77362E-05
   3   -2.69231E-02   -1.80000E-02  -0.880110   -28.5904    1.00000    1.56852E-05
   3   -2.69231E-02   -1.60000E-02  -0.987600   -28.6461    1.00000    1.92212E-05
   3   -2.69231E-02   -1.40000E-02  -0.798790   -28.8581    1.00000    1.23998E-05
   3   -2.69231E-02   -1.20000E-02  -0.907179   -28.9151    1.00000    1.55618E-05
   3   -2.69231E-02   -1.00000E-02  -0.359581   -29.4458    1.00000    2.37932E-06
   3   -2.69231E-02   -8.00000E-03    1.06710   -30.6185    1.00000    2.05711E-05
   3   -2.69231E-02   -6.00000E-03    2.24330   -31.6213    1.00000    8.82060E-05
   3   -2.69231E-02   -4.00000E-03    3.29682   -32.5573    1.00000    1.84539E-04
   3   -2.69231E-02   -2.00000E-03    4.55082   -33.5710    1.00000    3.44875E-04
   3   -2.69231E-02  0.    5.49276   -34.6235    1.00000    4.82155E-04
   3   -2.69231E-02    2.00000E-03    6.67430   -35.8133    1.00000    6.91015E-04
   3   -2.69231E-02    4.00000E-03    7.78329   -36.9722    1.00000    9.01684E-04
   3   -2.69231E-02    6.00000E-03    8.88593   -38.0527    1.00000    1.14352E-03
   3   -2.69231E-02    8.00000E-03    9.89459   -39.1156    1.00000    1.36224E-03
   3   -2.69231E-02    1.00000E-02    11.1374   -40.3084    1.00000    1.67747E-03
   3   -2.69231E-02    1.20000E-02    10.9576   -40.7707    1.00000    1.45216E-03
   3   -2.69231E-02    1.40000E-02   10.39272   -41.0775    1.00000    1.13663E-03
   3   -2.69231E-02    1.60000E-02    9.73122   -41.3159    1.00000    8.65243E-04
   3   -2.69231E-02    1.80000E-02    9.41194   -41.7237    1.00000    7.19175E-04
   3   -2.69231E-02    2.00000E-02    9.06437   -42.1356    1.00000    5.91229E-04
   3   -2.69231E-02    2.20000E-02    8.68625   -42.5515    1.00000    4.79995E-04
   3   -2.69231E-02    2.40000E-02    8.39125   -42.8823    1.00000    4.07534E-04
   3   -2.69231E-02    2.60000E-02    7.69204   -43.0355    1.00000    2.99238E-04
   3   -2.69231E-02    2.80000E-02    7.26052   -43.3419    1.00000    2.32959E-04
   3   -2.69231E-02    3.00000E-02    6.65464   -43.5280    1.00000    1.74747E-04
   3   -2.69231E-02    3.20000E-02    6.54441   -43.9705    1.00000    1.53188E-04
   3   -2.69231E-02    3.40000E-02    6.18498   -44.2778    1.00000    1.22175E-04
   3   -2.69231E-02    3.60000E-02    5.71886   -44.5633    1.00000    9.40485E-05
   3   -2.69231E-02    3.80000E-02    5.13137   -44.8013    1.00000    6.54442E-05
   3   -2.69231E-02    4.00000E-02    4.54921   -45.1074    1.00000    4.35899E-05
   3   -2.69231E-02    4.20000E-02    3.74401   -45.3904    1.00000    2.54472E-05
   3   -2.69231E-02    4.40000E-02    3.60212   -45.8245    1.00000    2.08647E-05
   3   -2.69231E-02    4.60000E-02    2.62097   -46.4322    1.00000    9.41911E-06
   3   -2.69231E-02    4.80000E-02    1.26644   -47.7387    1.00000    1.74280E-06
   3   -2.69231E-02    5.00000E-02   -10.8623   -58.5514    1.00000    4.03290E-05
   3   -2.30769E-02   -4.80000E-02   -18.1980   -1.51633E-02    1.00000    6.83183E-09
   3   -2.30769E-02   -4.60000E-02   -14.9513   -7.29656    1.00000    1.13879E-03
   3   -2.30769E-02   -4.40000E-02   -3.75537   -24.1404    1.00000    2.93782E-04
   3   -2.30769E-02   -4.20000E-02  -0.721049   -27.6688    1.00000    1.27050E-05
   3   -2.30769E-02   -4.00000E-02  -0.912531   -27.6841    1.00000    2.02954E-05
   3   -2.30769E-02   -3.80000E-02  -0.862500   -27.8509    1.00000    1.76559E-05
   3   -2.30769E-02   -3.60000E-02  -0.973079   -27.8753    1.00000    2.19145E-05
   3   -2.30769E-02   -3.40000E-02  -0.922677   -28.0446    1.00000    1.91824E-05
   3   -2.30769E-02   -3.20000E-02  -0.871290   -28.2158    1.00000    1.66512E-05
   3   -2.30769E-02   -3.00000E-02  -0.818843   -28.3890    1.00000    1.43149E-05
   3   -2.30769E-02   -2.80000E-02  -0.923814   -28.4443    1.00000    1.77362E-05
   3   -2.30769E-02   -2.60000E-02  -0.880110   -28.5904    1.00000    1.56852E-05
   3   -2.30769E-02   -2.40000E-02  -0.987600   -28.6461    1.00000    1.92212E-05
   3   -2.30769E-02   -2.20000E-02  -0.934228   -28.8249    1.00000    1.67330E-05
   3   -2.30769E-02   -2.00000E-02  -0.879779   -29.0058    1.00000    1.44349E-05
   3   -2.30769E-02   -1.80000E-02  -0.999547   -29.0324    1.00000    1.81505E-05
   3   -2.30769E-02   -1.60000E-02  -0.795977   -29.2813    1.00000    1.13333E-05
   3   -2.30769E-02   -1.40000E-02  -0.916944   -29.3086    1.00000    1.46480E-05
   3   -2.30769E-02   -1.20000E-02  -0.860385   -29.4956    1.00000    1.25395E-05
   3   -2.30769E-02   -1.00000E-02  -0.983656   -29.5232    1.00000    1.59593E-05
   3   -2.30769E-02   -8.00000E-03  -0.945494   -29.6500    1.00000    1.45182E-05
   3   -2.30769E-02   -6.00000E-03  -0.897763   -29.8089    1.00000    1.27399E-05
   3   -2.30769E-02   -4.00000E-03   -1.01453   -29.8694    1.00000    1.58154E-05
   3   -2.30769E-02   -2.00000E-03  -0.631516   -30.2344    1.00000    6.03772E-06
   3   -2.30769E-02  0.   0.346757   -31.1251    1.00000    1.76562E-06
   3   -2.30769E-02    2.00000E-03    1.52865   -32.0930    1.00000    3.37202E-05
   3   -2.30769E-02    4.00000E-03    2.61718   -33.0665    1.00000    9.56972E-05
   3   -2.30769E-02    6.00000E-03    3.70744   -33.9637    1.00000    1.88504E-04
   3   -2.30769E-02    8.00000E-03    4.68424   -34.9439    1.00000    2.90003E-04
   3   -2.30769E-02    1.00000E-02    5.66447   -35.9699    1.00000    4.12408E-04
   3   -2.30769E-02    1.20000E-02    6.77275   -37.1178    1.00000    5.65994E-04
   3   -2.30769E-02    1.40000E-02    7.66033   -38.0487    1.00000    7.05108E-04
   3   -2.30769E-02    1.60000E-02    8.64328   -39.0805    1.00000    8.62957E-04
   3   -2.30769E-02    1.80000E-02    9.85930   -40.2387    1.00000    1.09248E-03
   3   -2.30769E-02    2.00000E-02   10.53231   -41.0981    1.00000    1.18387E-03
   3   -2.30769E-02    2.20000E-02   10.07034   -41.4246    1.00000    9.52351E-04
   3   -2.30769E-02    2.40000E-02    9.56868   -41.7495    1.00000    7.54374E-04
   3   -2.30769E-02    2.60000E-02    8.85972   -41.9210    1.00000    5.61307E-04
   3   -2.30769E-02    2.80000E-02    8.29016   -42.1904    1.00000    4.25033E-04
   3   -2.30769E-02    3.00000E-02    7.72594   -42.4474    1.00000    3.19078E-04
   3   -2.30769E-02    3.20000E-02    7.46692   -42.8255    1.00000    2.67230E-04
   3   -2.30769E-02    3.40000E-02    6.72910   -42.9897    1.00000    1.88659E-04
   3   -2.30769E-02    3.60000E-02    6.38013   -43.3607    1.00000    1.51112E-04
   3   -2.30769E-02    3.80000E-02    5.69994   -43.6224    1.00000    1.01590E-04
   3   -2.30769E-02    4.00000E-02    4.86163   -43.7827    1.00000    6.27577E-05
   3   -2.30769E-02    4.20000E-02    4.29833   -44.1788    1.00000    4.14232E-05
   3   -2.30769E-02    4.40000E-02    3.90003   -44.6479    1.00000    2.95498E-05
   3   -2.30769E-02    4.60000E-02    3.07443   -45.1906    1.00000    1.55892E-05
   3   -2.30769E-02    4.80000E-02    2.18452   -46.1364    1.00000    6.53500E-06
   3   -2.30769E-02    5.00000E-02   -10.9682   -56.9771    1.00000    4.66676E-05
   3   -1.92308E-02   -4.80000E-02   -18.1821   -5.33312E-02    1.00000    1.27731E-07
   3   -1.92308E-02   -4.60000E-02   -13.4105  -10.48680    1.00000    1.22601E-03
   3   -1.92308E-02   -4.40000E-02   -4.20248   -24.1891    1.00000    3.25146E-04
   3   -1.92308E-02   -4.20000E-02  -0.700488   -28.1448    1.00000    1.09140E-05
   3   -1.92308E-02   -4.00000E-02  -0.897194   -28.1299    1.00000    1.78954E-05
   3   -1.92308E-02   -3.80000E-02  -0.845207   -28.3021    1.00000    1.54591E-05
   3   -1.92308E-02   -3.60000E-02  -0.932864   -28.4147    1.00000    1.81088E-05
   3   -1.92308E-02   -3.40000E-02   -1.03977   -28.4696    1.00000    2.18971E-05
   3   -1.92308E-02   -3.20000E-02  -0.987600   -28.6461    1.00000    1.92212E-05
   3   -1.92308E-02   -3.00000E-02  -0.934228   -28.8249    1.00000    1.67330E-05
   3   -1.92308E-02   -2.80000E-02   -1.05322   -28.8509    1.00000    2.07192E-05
   3   -1.92308E-02   -2.60000E-02  -0.999547   -29.0324    1.00000    1.81505E-05
   3   -1.92308E-02   -2.40000E-02  -0.944782   -29.2160    1.00000    1.57701E-05
   3   -1.92308E-02   -2.20000E-02   -1.05737   -29.2742    1.00000    1.92110E-05
   3   -1.92308E-02   -2.00000E-02   -1.01163   -29.4292    1.00000    1.71200E-05
   3   -1.92308E-02   -1.80000E-02  -0.802557   -29.6850    1.00000    1.06070E-05
   3   -1.92308E-02   -1.60000E-02  -0.916820   -29.7454    1.00000    1.34586E-05
   3   -1.92308E-02   -1.40000E-02  -0.868588   -29.9053    1.00000    1.17565E-05
   3   -1.92308E-02   -1.20000E-02  -0.985603   -29.9663    1.00000    1.47140E-05
   3   -1.92308E-02   -1.00000E-02  -0.936447   -30.1290    1.00000    1.29242E-05
   3   -1.92308E-02   -8.00000E-03  -0.896986   -30.2607    1.00000    1.16721E-05
   3   -1.92308E-02   -6.00000E-03   -1.01653   -30.3234    1.00000    1.45661E-05
   3   -1.92308E-02   -4.00000E-03  -0.967233   -30.4895    1.00000    1.28273E-05
   3   -1.92308E-02   -2.00000E-03  -0.926000   -30.6249    1.00000    1.15705E-05
   3   -1.92308E-02  0.  -0.875125   -30.7941    1.00000    1.00496E-05
   3   -1.92308E-02    2.00000E-03   -1.00909   -30.8244    1.00000    1.29954E-05
   3   -1.92308E-02    4.00000E-03  -0.967613   -30.9625    1.00000    1.17573E-05
   3   -1.92308E-02    6.00000E-03   -1.10456   -30.9925    1.00000    1.48977E-05
   3   -1.92308E-02    8.00000E-03   -1.00064E-01   -31.8612    1.00000    1.20110E-07
   3   -1.92308E-02    1.00000E-02   0.770508   -32.6538    1.00000    6.90923E-06
   3   -1.92308E-02    1.20000E-02    1.85614   -33.5545    1.00000    3.93861E-05
   3   -1.92308E-02    1.40000E-02    2.82556   -34.4504    1.00000    8.83023E-05
   3   -1.92308E-02    1.60000E-02    3.78119   -35.2525    1.00000    1.55235E-04
   3   -1.92308E-02    1.80000E-02    4.77635   -36.2763    1.00000    2.41088E-04
   3   -1.92308E-02    2.00000E-02    5.66970   -37.2807    1.00000    3.26175E-04
   3   -1.92308E-02    2.20000E-02    6.78856   -38.3727    1.00000    4.55260E-04
   3   -1.92308E-02    2.40000E-02    7.54131   -39.2468    1.00000    5.40243E-04
   3   -1.92308E-02    2.60000E-02    9.02821   -40.5043    1.00000    7.57831E-04
   3   -1.92308E-02    2.80000E-02    9.31277   -41.0769    1.00000    7.50771E-04
   3   -1.92308E-02    3.00000E-02    8.70325   -41.3114    1.00000    5.56881E-04
   3   -1.92308E-02    3.20000E-02    8.39648   -41.7447    1.00000    4.53732E-04
   3   -1.92308E-02    3.40000E-02    7.63741   -41.9611    1.00000    3.19076E-04
   3   -1.92308E-02    3.60000E-02    7.38421   -42.3511    1.00000    2.67230E-04
   3   -1.92308E-02    3.80000E-02    6.24773   -42.3531    1.00000    1.59391E-04
   3   -1.92308E-02    4.00000E-02    5.16977   -42.5586    1.00000    8.75954E-05
   3   -1.92308E-02    4.20000E-02    4.74726   -42.9990    1.00000    6.19475E-05
   3   -1.92308E-02    4.40000E-02    4.15272   -43.4709    1.00000    4.03507E-05
   3   -1.92308E-02    4.60000E-02    3.76399   -43.9935    1.00000    2.86547E-05
   3   -1.92308E-02    4.80000E-02    2.95704   -44.6472    1.00000    1.49395E-05
   3   -1.92308E-02    5.00000E-02   -8.60103   -53.9791    1.00000    3.80389E-05
   3   -1.53846E-02   -4.80000E-02   -18.0576  -0.521671    1.00000    1.36343E-05
   3   -1.53846E-02   -4.60000E-02   -10.7542   -15.5069    1.00000    1.06055E-03
   3   -1.53846E-02   -4.40000E-02   -5.09336   -23.8276    1.00000    4.11468E-04
   3   -1.53846E-02   -4.20000E-02  -0.819154   -28.5209    1.00000    1.34509E-05
   3   -1.53846E-02   -4.00000E-02   -1.01388   -28.5576    1.00000    2.05374E-05
   3   -1.53846E-02   -3.80000E-02  -0.961086   -28.7352    1.00000    1.79546E-05
   3   -1.53846E-02   -3.60000E-02  -0.907179   -28.9151    1.00000    1.55618E-05
   3   -1.53846E-02   -3.40000E-02   -1.01690   -28.9723    1.00000    1.90237E-05
   3   -1.53846E-02   -3.20000E-02  -0.962449   -29.1552    1.00000    1.65734E-05
   3   -1.53846E-02   -3.00000E-02  -0.916944   -29.3086    1.00000    1.46480E-05
   3   -1.53846E-02   -2.80000E-02  -0.860385   -29.4956    1.00000    1.25395E-05
   3   -1.53846E-02   -2.60000E-02  -0.974019   -29.5551    1.00000    1.56271E-05
   3   -1.53846E-02   -2.40000E-02  -0.916820   -29.7454    1.00000    1.34586E-05
   3   -1.53846E-02   -2.20000E-02  -0.858465   -29.9380    1.00000    1.14685E-05
   3   -1.53846E-02   -2.00000E-02  -0.985603   -29.9663    1.00000    1.47140E-05
   3   -1.53846E-02   -1.80000E-02  -0.926861   -30.1619    1.00000    1.26436E-05
   3   -1.53846E-02   -1.60000E-02   -1.04607   -30.2242    1.00000    1.56501E-05
   3   -1.53846E-02   -1.40000E-02  -0.997326   -30.3892    1.00000    1.38379E-05
   3   -1.53846E-02   -1.20000E-02   -1.11952   -30.4521    1.00000    1.69394E-05
   3   -1.53846E-02   -1.00000E-02   -1.06993   -30.6201    1.00000    1.50463E-05
   3   -1.53846E-02   -8.00000E-03   -1.02944   -30.7563    1.00000    1.37066E-05
   3   -1.53846E-02   -6.00000E-03  -0.967613   -30.9625    1.00000    1.17573E-05
   3   -1.53846E-02   -4.00000E-03   -1.10456   -30.9925    1.00000    1.48977E-05
   3   -1.53846E-02   -2.00000E-03  -0.872341   -31.2766    1.00000    9.13968E-06
   3   -1.53846E-02  0.   -1.01082   -31.3076    1.00000    1.19304E-05
   3   -1.53846E-02    2.00000E-03   -1.14003   -31.3745    1.00000    1.47301E-05
   3   -1.53846E-02    4.00000E-03  -0.913726   -31.6290    1.00000    9.31863E-06
   3   -1.53846E-02    6.00000E-03   -1.05553   -31.6607    1.00000    1.20853E-05
   3   -1.53846E-02    8.00000E-03   -1.01152   -31.8066    1.00000    1.09155E-05
   3   -1.53846E-02    1.00000E-02  -0.956695   -31.9895    1.00000    9.48497E-06
   3   -1.53846E-02    1.20000E-02  -0.923007   -32.1005    1.00000    8.69474E-06
   3   -1.53846E-02    1.40000E-02   -1.05768   -32.1709    1.00000    1.10746E-05
   3   -1.53846E-02    1.60000E-02  -0.613566   -32.5940    1.00000    3.66779E-06
   3   -1.53846E-02    1.80000E-02   0.300728   -33.4298    1.00000    8.54185E-07
   3   -1.53846E-02    2.00000E-02    1.22810   -34.2491    1.00000    1.39768E-05
   3   -1.53846E-02    2.20000E-02    2.00523   -34.9809    1.00000    3.60984E-05
   3   -1.53846E-02    2.40000E-02    3.00061   -35.8196    1.00000    7.93356E-05
   3   -1.53846E-02    2.60000E-02    4.27772   -36.9676    1.00000    1.57594E-04
   3   -1.53846E-02    2.80000E-02    5.63037   -38.1630    1.00000    2.66982E-04
   3   -1.53846E-02    3.00000E-02    7.08215   -39.3266    1.00000    4.15786E-04
   3   -1.53846E-02    3.20000E-02    8.33415   -40.3354    1.00000    5.66532E-04
   3   -1.53846E-02    3.40000E-02    8.82443   -41.0201    1.00000    5.91235E-04
   3   -1.53846E-02    3.60000E-02    7.92178   -41.1636    1.00000    4.00765E-04
   3   -1.53846E-02    3.80000E-02    6.98958   -41.2556    1.00000    2.58985E-04
   3   -1.53846E-02    4.00000E-02    5.92231   -41.4864    1.00000    1.46445E-04
   3   -1.53846E-02    4.20000E-02    5.32988   -41.8880    1.00000    9.82041E-05
   3   -1.53846E-02    4.40000E-02    4.37204   -42.3674    1.00000    5.35316E-05
   3   -1.53846E-02    4.60000E-02    3.74934   -42.9107    1.00000    3.33266E-05
   3   -1.53846E-02    4.80000E-02    3.35185   -43.4587    1.00000    2.29806E-05
   3   -1.53846E-02    5.00000E-02   -7.22228   -51.7132    1.00000    3.40149E-05
   3   -1.15385E-02   -5.00000E-02   -18.1805  -0.324980    1.00000    1.94157E-09
   3   -1.15385E-02   -4.80000E-02   -17.7073   -1.70668    1.00000    9.48722E-05
   3   -1.15385E-02   -4.60000E-02   -9.27729   -18.5915    1.00000    7.56819E-04
   3   -1.15385E-02   -4.40000E-02   -6.04666   -23.4021    1.00000    5.03125E-04
   3   -1.15385E-02   -4.20000E-02   -1.08198   -28.8351    1.00000    2.08764E-05
   3   -1.15385E-02   -4.00000E-02  -0.999547   -29.0324    1.00000    1.81505E-05
   3   -1.15385E-02   -3.80000E-02  -0.944782   -29.2160    1.00000    1.57701E-05
   3   -1.15385E-02   -3.60000E-02   -1.03935   -29.3357    1.00000    1.83274E-05
   3   -1.15385E-02   -3.40000E-02  -0.983656   -29.5232    1.00000    1.59593E-05
   3   -1.15385E-02   -3.20000E-02   -1.09930   -29.5825    1.00000    1.93798E-05
   3   -1.15385E-02   -3.00000E-02   -1.04314   -29.7732    1.00000    1.69605E-05
   3   -1.15385E-02   -2.80000E-02  -0.985603   -29.9663    1.00000    1.47140E-05
   3   -1.15385E-02   -2.60000E-02  -0.926861   -30.1619    1.00000    1.26436E-05
   3   -1.15385E-02   -2.40000E-02   -1.04607   -30.2242    1.00000    1.56501E-05
   3   -1.15385E-02   -2.20000E-02  -0.997326   -30.3892    1.00000    1.38379E-05
   3   -1.15385E-02   -2.00000E-02  -0.936822   -30.5904    1.00000    1.18589E-05
   3   -1.15385E-02   -1.80000E-02   -1.05982   -30.6543    1.00000    1.47426E-05
   3   -1.15385E-02   -1.60000E-02  -0.998707   -30.8590    1.00000    1.27116E-05
   3   -1.15385E-02   -1.40000E-02   -1.13518   -30.8888    1.00000    1.59705E-05
   3   -1.15385E-02   -1.20000E-02   -1.07367   -31.0969    1.00000    1.38682E-05
   3   -1.15385E-02   -1.00000E-02   -1.04238   -31.2019    1.00000    1.28782E-05
   3   -1.15385E-02   -8.00000E-03  -0.978785   -31.4141    1.00000    1.10196E-05
   3   -1.15385E-02   -6.00000E-03   -1.10841   -31.4815    1.00000    1.37161E-05
   3   -1.15385E-02   -4.00000E-03   -1.05553   -31.6607    1.00000    1.20853E-05
   3   -1.15385E-02   -2.00000E-03   -1.01152   -31.8066    1.00000    1.09155E-05
   3   -1.15385E-02  0.  -0.956695   -31.9895    1.00000    9.48497E-06
   3   -1.15385E-02    2.00000E-03   -1.09099   -32.0593    1.00000    1.19658E-05
   3   -1.15385E-02    4.00000E-03   -1.05768   -32.1709    1.00000    1.10746E-05
   3   -1.15385E-02    6.00000E-03  -0.989883   -32.3965    1.00000    9.40554E-06
   3   -1.15385E-02    8.00000E-03  -0.955396   -32.5104    1.00000    8.62690E-06
   3   -1.15385E-02    1.00000E-02   -1.10552   -32.5438    1.00000    1.12168E-05
   3   -1.15385E-02    1.20000E-02   -1.03652   -32.7746    1.00000    9.55681E-06
   3   -1.15385E-02    1.40000E-02   -1.00141   -32.8912    1.00000    8.78146E-06
   3   -1.15385E-02    1.60000E-02   -1.15521   -32.9255    1.00000    1.13435E-05
   3   -1.15385E-02    1.80000E-02   -1.10818   -33.0832    1.00000    1.02595E-05
   3   -1.15385E-02    2.00000E-02  -0.856480   -33.3658    1.00000    6.03029E-06
   3   -1.15385E-02    2.20000E-02   -1.01280   -33.4015    1.00000    8.18279E-06
   3   -1.15385E-02    2.40000E-02  -0.963366   -33.5638    1.00000    7.27503E-06
   3   -1.15385E-02    2.60000E-02   -3.04930E-02   -34.3646    1.00000    7.16290E-09
   3   -1.15385E-02    2.80000E-02   0.982030   -35.2515    1.00000    7.20487E-06
   3   -1.15385E-02    3.00000E-02    2.48664   -36.3424    1.00000    4.56410E-05
   3   -1.15385E-02    3.20000E-02    3.80561   -37.3795    1.00000    1.05242E-04
   3   -1.15385E-02    3.40000E-02    4.94035   -38.3576    1.00000    1.74157E-04
   3   -1.15385E-02    3.60000E-02    6.40492   -39.4246    1.00000    2.89761E-04
   3   -1.15385E-02    3.80000E-02    7.61131   -40.2204    1.00000    3.93980E-04
   3   -1.15385E-02    4.00000E-02    6.53261   -40.4344    1.00000    2.24804E-04
   3   -1.15385E-02    4.20000E-02    5.59788   -40.7778    1.00000    1.32650E-04
   3   -1.15385E-02    4.40000E-02    4.79950   -41.2739    1.00000    7.86681E-05
   3   -1.15385E-02    4.60000E-02    4.31542   -41.8189    1.00000    5.35312E-05
   3   -1.15385E-02    4.80000E-02    3.73186   -42.3937    1.00000    3.38779E-05
   3   -1.15385E-02    5.00000E-02   -4.96836   -49.0199    1.00000    2.16277E-05
   3   -7.69231E-03   -5.00000E-02   -18.1974  -0.108719    1.00000    7.23176E-10
   3   -7.69231E-03   -4.80000E-02   -17.2989   -3.01769    1.00000    1.87798E-04
   3   -7.69231E-03   -4.60000E-02   -8.22538   -21.1639    1.00000    5.21739E-04
   3   -7.69231E-03   -4.40000E-02   -6.63313   -23.6100    1.00000    5.05310E-04
   3   -7.69231E-03   -4.20000E-02   -2.12040   -28.5842    1.00000    6.77843E-05
   3   -7.69231E-03   -4.00000E-02  -0.974019   -29.5551    1.00000    1.56271E-05
   3   -7.69231E-03   -3.80000E-02   -1.07137   -29.6775    1.00000    1.81475E-05
   3   -7.69231E-03   -3.60000E-02   -1.01453   -29.8694    1.00000    1.58154E-05
   3   -7.69231E-03   -3.40000E-02  -0.956368   -30.0638    1.00000    1.36566E-05
   3   -7.69231E-03   -3.20000E-02   -1.07524   -30.1256    1.00000    1.67759E-05
   3   -7.69231E-03   -3.00000E-02   -1.17794   -30.2525    1.00000    1.93081E-05
   3   -7.69231E-03   -2.80000E-02   -1.11952   -30.4521    1.00000    1.69394E-05
   3   -7.69231E-03   -2.60000E-02   -1.05982   -30.6543    1.00000    1.47426E-05
   3   -7.69231E-03   -2.40000E-02   -1.00909   -30.8244    1.00000    1.29954E-05
   3   -7.69231E-03   -2.20000E-02   -1.13518   -30.8888    1.00000    1.59705E-05
   3   -7.69231E-03   -2.00000E-02   -1.07367   -31.0969    1.00000    1.38682E-05
   3   -7.69231E-03   -1.80000E-02   -1.01082   -31.3076    1.00000    1.19304E-05
   3   -7.69231E-03   -1.60000E-02   -1.15093   -31.3385    1.00000    1.50346E-05
   3   -7.69231E-03   -1.40000E-02   -1.08767   -31.5526    1.00000    1.30282E-05
   3   -7.69231E-03   -1.20000E-02   -1.04416   -31.6976    1.00000    1.18093E-05
   3   -7.69231E-03   -1.00000E-02  -0.990012   -31.8791    1.00000    1.03133E-05
   3   -7.69231E-03   -8.00000E-03   -1.12387   -31.9484    1.00000    1.28941E-05
   3   -7.69231E-03   -6.00000E-03   -1.05768   -32.1709    1.00000    1.10746E-05
   3   -7.69231E-03   -4.00000E-03   -1.20611   -32.2033    1.00000    1.39873E-05
   3   -7.69231E-03   -2.00000E-03  -0.955396   -32.5104    1.00000    8.62690E-06
   3   -7.69231E-03  0.   -1.10552   -32.5438    1.00000    1.12168E-05
   3   -7.69231E-03    2.00000E-03   -1.03652   -32.7746    1.00000    9.55681E-06
   3   -7.69231E-03    4.00000E-03   -1.00141   -32.8912    1.00000    8.78146E-06
   3   -7.69231E-03    6.00000E-03   -1.14329   -32.9652    1.00000    1.10940E-05
   3   -7.69231E-03    8.00000E-03   -1.08496   -33.1618    1.00000    9.69406E-06
   3   -7.69231E-03    1.00000E-02   -1.03667   -33.3218    1.00000    8.69748E-06
   3   -7.69231E-03    1.20000E-02   -1.19548   -33.3566    1.00000    1.12231E-05
   3   -7.69231E-03    1.40000E-02  -0.938966   -33.6446    1.00000    6.81166E-06
   3   -7.69231E-03    1.60000E-02   -1.08671   -33.7219    1.00000    8.83743E-06
   3   -7.69231E-03    1.80000E-02   -1.04961   -33.8454    1.00000    8.11234E-06
   3   -7.69231E-03    2.00000E-02   -1.21301   -33.8815    1.00000    1.05079E-05
   3   -7.69231E-03    2.20000E-02  -0.935442   -34.2211    1.00000    6.13710E-06
   3   -7.69231E-03    2.40000E-02   -1.10088   -34.2584    1.00000    8.24150E-06
   3   -7.69231E-03    2.60000E-02   -1.06316   -34.4041    1.00000    7.55333E-06
   3   -7.69231E-03    2.80000E-02   -1.02478   -34.5496    1.00000    6.89638E-06
   3   -7.69231E-03    3.00000E-02  -0.985849   -34.6947    1.00000    6.27223E-06
   3   -7.69231E-03    3.20000E-02  -0.228586   -35.3358    1.00000    3.31937E-07
   3   -7.69231E-03    3.40000E-02   0.800777   -36.1084    1.00000    4.02291E-06
   3   -7.69231E-03    3.60000E-02    2.37770   -37.1447    1.00000    3.52474E-05
   3   -7.69231E-03    3.80000E-02    4.29262   -38.3635    1.00000    1.14857E-04
   3   -7.69231E-03    4.00000E-02    7.01924   -39.4017    1.00000    3.24542E-04
   3   -7.69231E-03    4.20000E-02    6.00044   -39.6798    1.00000    1.89279E-04
   3   -7.69231E-03    4.40000E-02    5.14112   -40.2120    1.00000    1.09333E-04
   3   -7.69231E-03    4.60000E-02    4.50087   -40.7716    1.00000    6.93711E-05
   3   -7.69231E-03    4.80000E-02    3.71963   -41.4579    1.00000    3.91301E-05
   3   -7.69231E-03    5.00000E-02   -3.57400   -46.9339    1.00000    1.44190E-05
   3   -3.84615E-03   -5.00000E-02   -18.1949   -8.01000E-02    1.00000    1.02491E-09
   3   -3.84615E-03   -4.80000E-02   -16.8677   -4.35798    1.00000    2.42819E-04
   3   -3.84615E-03   -4.60000E-02   -8.25727   -22.2298    1.00000    4.16927E-04
   3   -3.84615E-03   -4.40000E-02   -6.67448   -24.6542    1.00000    4.09835E-04
   3   -3.84615E-03   -4.20000E-02   -1.92448   -29.9709    1.00000    4.40878E-05
   3   -3.84615E-03   -4.00000E-02    2.35973E-02   -31.3971    1.00000    7.48166E-09
   3   -3.84615E-03   -3.80000E-02    2.35973E-02   -31.3971    1.00000    7.48166E-09
   3   -3.84615E-03   -3.60000E-02    2.35973E-02   -31.3971    1.00000    7.48166E-09
   3   -3.84615E-03   -3.40000E-02  -0.140105   -31.3251    1.00000    2.60353E-07
   3   -3.84615E-03   -3.20000E-02  -0.468396   -31.1810    1.00000    2.83529E-06
   3   -3.84615E-03   -3.00000E-02  -0.789628   -31.0701    1.00000    7.83882E-06
   3   -3.84615E-03   -2.80000E-02   -1.10456   -30.9925    1.00000    1.48977E-05
   3   -3.84615E-03   -2.60000E-02   -1.04238   -31.2019    1.00000    1.28782E-05
   3   -3.84615E-03   -2.40000E-02  -0.978785   -31.4141    1.00000    1.10196E-05
   3   -3.84615E-03   -2.20000E-02   -1.28285   -31.4049    1.00000    1.81276E-05
   3   -3.84615E-03   -2.00000E-02   -1.22039   -31.6201    1.00000    1.59156E-05
   3   -3.84615E-03   -1.80000E-02   -1.15646   -31.8382    1.00000    1.38630E-05
   3   -3.84615E-03   -1.60000E-02   -1.30318   -31.8697    1.00000    1.71017E-05
   3   -3.84615E-03   -1.40000E-02   -1.05768   -32.1709    1.00000    1.10746E-05
   3   -3.84615E-03   -1.20000E-02  -0.989883   -32.3965    1.00000    9.40554E-06
   3   -3.84615E-03   -1.00000E-02   -1.13950   -32.4295    1.00000    1.21039E-05
   3   -3.84615E-03   -8.00000E-03   -1.07124   -32.6588    1.00000    1.03687E-05
   3   -3.84615E-03   -6.00000E-03   -1.21232   -32.7315    1.00000    1.28732E-05
   3   -3.84615E-03   -4.00000E-03   -1.15521   -32.9255    1.00000    1.13435E-05
   3   -3.84615E-03   -2.00000E-03   -1.10818   -33.0832    1.00000    1.02595E-05
   3   -3.84615E-03  0.   -1.04905   -33.2813    1.00000    8.91999E-06
   3   -3.84615E-03    2.00000E-03   -1.19548   -33.3566    1.00000    1.12231E-05
   3   -3.84615E-03    4.00000E-03  -0.938966   -33.6446    1.00000    6.81166E-06
   3   -3.84615E-03    6.00000E-03   -1.08671   -33.7219    1.00000    8.83743E-06
   3   -3.84615E-03    8.00000E-03   -1.24957   -33.7576    1.00000    1.13333E-05
   3   -3.84615E-03    1.00000E-02  -0.973986   -34.0950    1.00000    6.76252E-06
   3   -3.84615E-03    1.20000E-02   -1.13871   -34.1319    1.00000    8.96315E-06
   3   -3.84615E-03    1.40000E-02   -1.08718   -34.3017    1.00000    8.02504E-06
   3   -3.84615E-03    1.60000E-02   -1.02377   -34.5142    1.00000    6.89700E-06
   3   -3.84615E-03    1.80000E-02  -0.984436   -34.6435    1.00000    6.27282E-06
   3   -3.84615E-03    2.00000E-02   -1.14104   -34.7257    1.00000    8.15484E-06
   3   -3.84615E-03    2.20000E-02   -1.10184   -34.8566    1.00000    7.47865E-06
   3   -3.84615E-03    2.40000E-02   -1.27574   -34.8946    1.00000    9.71436E-06
   3   -3.84615E-03    2.60000E-02  -0.995348   -35.2276    1.00000    5.80768E-06
   3   -3.84615E-03    2.80000E-02   -1.19857   -35.2025    1.00000    8.27161E-06
   3   -3.84615E-03    3.00000E-02   -1.37782   -35.2717    1.00000    1.05691E-05
   3   -3.84615E-03    3.20000E-02   -1.34011   -35.4521    1.00000    9.80529E-06
   3   -3.84615E-03    3.40000E-02   -1.30081   -35.6079    1.00000    9.07293E-06
   3   -3.84615E-03    3.60000E-02   -1.26171   -35.7860    1.00000    8.37236E-06
   3   -3.84615E-03    3.80000E-02   0.285000   -36.7450    1.00000    4.31330E-07
   3   -3.84615E-03    4.00000E-02    2.91943   -37.9087    1.00000    4.71188E-05
   3   -3.84615E-03    4.20000E-02    5.37407   -38.6963    1.00000    1.69316E-04
   3   -3.84615E-03    4.40000E-02    5.38649   -39.1401    1.00000    1.46491E-04
   3   -3.84615E-03    4.60000E-02    4.87880   -39.7125    1.00000    9.89982E-05
   3   -3.84615E-03    4.80000E-02    4.21348   -40.3399    1.00000    6.07601E-05
   3   -3.84615E-03    5.00000E-02   -2.39659   -45.1663    1.00000    8.21779E-06
   3  0.   -5.00000E-02   -18.1949   -8.01000E-02    1.00000    1.02491E-09
   3  0.   -4.80000E-02   -16.6745   -5.07996    1.00000    2.23170E-04
   3  0.   -4.60000E-02   -8.41493   -23.1927    1.00000    3.37658E-04
   3  0.   -4.40000E-02   -3.21016   -31.3948    1.00000    6.23319E-05
   3  0.   -4.20000E-02   0.107144   -35.3088    1.00000    7.74134E-08
   3  0.   -4.00000E-02   0.107080   -35.2729    1.00000    7.74782E-08
   3  0.   -3.80000E-02   0.107080   -35.2729    1.00000    7.74782E-08
   3  0.   -3.60000E-02   0.107080   -35.2729    1.00000    7.74782E-08
   3  0.   -3.40000E-02   0.107080   -35.2729    1.00000    7.74782E-08
   3  0.   -3.20000E-02   0.107080   -35.2729    1.00000    7.74782E-08
   3  0.   -3.00000E-02   0.107080   -35.2729    1.00000    7.74782E-08
   3  0.   -2.80000E-02   0.107080   -35.2729    1.00000    7.74782E-08
   3  0.   -2.60000E-02   0.107080   -35.2729    1.00000    7.74782E-08
   3  0.   -2.40000E-02   0.107080   -35.2729    1.00000    7.74782E-08
   3  0.   -2.20000E-02   0.107080   -35.2729    1.00000    7.74782E-08
   3  0.   -2.00000E-02   0.107080   -35.2729    1.00000    7.74782E-08
   3  0.   -1.80000E-02   0.107080   -35.2729    1.00000    7.74782E-08
   3  0.   -1.60000E-02   0.107080   -35.2729    1.00000    7.74782E-08
   3  0.   -1.40000E-02   0.107080   -35.2729    1.00000    7.74782E-08
   3  0.   -1.20000E-02   0.107080   -35.2729    1.00000    7.74782E-08
   3  0.   -1.00000E-02   0.107080   -35.2729    1.00000    7.74782E-08
   3  0.   -8.00000E-03   0.107080   -35.2729    1.00000    7.74782E-08
   3  0.   -6.00000E-03   0.107080   -35.2729    1.00000    7.74782E-08
   3  0.   -4.00000E-03   0.107080   -35.2729    1.00000    7.74782E-08
   3  0.   -2.00000E-03   0.107080   -35.2729    1.00000    7.74782E-08
   3  0.  0.   0.107080   -35.2729    1.00000    7.74782E-08
   3  0.    2.00000E-03   0.107080   -35.2729    1.00000    7.74782E-08
   3  0.    4.00000E-03   -9.87015E-02   -35.1825    1.00000    6.48806E-08
   3  0.    6.00000E-03  -0.305082   -35.0918    1.00000    6.10918E-07
   3  0.    8.00000E-03  -0.707731   -34.9531    1.00000    3.18787E-06
   3  0.    1.00000E-02  -0.904306   -34.9049    1.00000    5.12063E-06
   3  0.    1.20000E-02   -1.07545   -34.9440    1.00000    7.01798E-06
   3  0.    1.40000E-02   -1.23665   -35.0270    1.00000    8.97640E-06
   3  0.    1.60000E-02   -1.19719   -35.1603    1.00000    8.27228E-06
   3  0.    1.80000E-02   -1.11650   -35.4299    1.00000    6.95582E-06
   3  0.    2.00000E-02   -1.07536   -35.5663    1.00000    6.34416E-06
   3  0.    2.20000E-02   -1.25538   -35.6063    1.00000    8.37236E-06
   3  0.    2.40000E-02   -1.19999   -35.7911    1.00000    7.50797E-06
   3  0.    2.60000E-02   -1.15911   -35.9510    1.00000    6.87805E-06
   3  0.    2.80000E-02   -1.34562   -36.0188    1.00000    8.95897E-06
   3  0.    3.00000E-02   -1.30504   -36.1818    1.00000    8.27228E-06
   3  0.    3.20000E-02   -1.26453   -36.3674    1.00000    7.61489E-06
   3  0.    3.40000E-02   -1.22244   -36.5292    1.00000    6.98656E-06
   3  0.    3.60000E-02   -1.18056   -36.7121    1.00000    6.38999E-06
   3  0.    3.80000E-02   -1.42058   -36.7476    1.00000    9.04105E-06
   3  0.    4.00000E-02   -1.15779   -37.0176    1.00000    5.98122E-06
   3  0.    4.20000E-02    1.78337   -37.9402    1.00000    1.53164E-05
   3  0.    4.40000E-02    4.26389   -38.4688    1.00000    9.41707E-05
   3  0.    4.60000E-02    5.17927   -38.6903    1.00000    1.34591E-04
   3  0.    4.80000E-02    4.41232   -39.3729    1.00000    7.90735E-05
   3  0.    5.00000E-02   -1.03956   -43.3200    1.00000    2.00890E-06
   3    3.84615E-03   -5.00000E-02   -18.1949   -8.01000E-02    1.00000    1.02491E-09
   3    3.84615E-03   -4.80000E-02   -16.5425   -5.68201    1.00000    1.80506E-04
   3    3.84615E-03   -4.60000E-02   -5.85225   -30.0407    1.00000    1.00996E-04
   3    3.84615E-03   -4.40000E-02   -2.76781E-02   -40.0990    1.00000    2.34535E-09
   3    3.84615E-03   -4.20000E-02   -2.75542E-02   -40.1124    1.00000    2.32285E-09
   3    3.84615E-03   -4.00000E-02   -2.76946E-02   -40.1228    1.00000    2.34535E-09
   3    3.84615E-03   -3.80000E-02   -2.76946E-02   -40.1228    1.00000    2.34535E-09
   3    3.84615E-03   -3.60000E-02   -2.76946E-02   -40.1228    1.00000    2.34535E-09
   3    3.84615E-03   -3.40000E-02   -2.76946E-02   -40.1228    1.00000    2.34535E-09
   3    3.84615E-03   -3.20000E-02   -2.76946E-02   -40.1228    1.00000    2.34535E-09
   3    3.84615E-03   -3.00000E-02   -2.76946E-02   -40.1228    1.00000    2.34535E-09
   3    3.84615E-03   -2.80000E-02   -2.76946E-02   -40.1228    1.00000    2.34535E-09
   3    3.84615E-03   -2.60000E-02   -2.76946E-02   -40.1228    1.00000    2.34535E-09
   3    3.84615E-03   -2.40000E-02   -2.76946E-02   -40.1228    1.00000    2.34535E-09
   3    3.84615E-03   -2.20000E-02   -2.76946E-02   -40.1228    1.00000    2.34535E-09
   3    3.84615E-03   -2.00000E-02   -2.76946E-02   -40.1228    1.00000    2.34535E-09
   3    3.84615E-03   -1.80000E-02   -2.76946E-02   -40.1228    1.00000    2.34535E-09
   3    3.84615E-03   -1.60000E-02   -2.76946E-02   -40.1228    1.00000    2.34535E-09
   3    3.84615E-03   -1.40000E-02   -2.76946E-02   -40.1228    1.00000    2.34535E-09
   3    3.84615E-03   -1.20000E-02   -2.76946E-02   -40.1228    1.00000    2.34535E-09
   3    3.84615E-03   -1.00000E-02   -2.76946E-02   -40.1228    1.00000    2.34535E-09
   3    3.84615E-03   -8.00000E-03   -2.76946E-02   -40.1228    1.00000    2.34535E-09
   3    3.84615E-03   -6.00000E-03   -2.76946E-02   -40.1228    1.00000    2.34535E-09
   3    3.84615E-03   -4.00000E-03   -2.76946E-02   -40.1228    1.00000    2.34535E-09
   3    3.84615E-03   -2.00000E-03   -2.76946E-02   -40.1228    1.00000    2.34535E-09
   3    3.84615E-03  0.   -2.76946E-02   -40.1228    1.00000    2.34535E-09
   3    3.84615E-03    2.00000E-03   -2.76946E-02   -40.1228    1.00000    2.34535E-09
   3    3.84615E-03    4.00000E-03   -2.76946E-02   -40.1228    1.00000    2.34535E-09
   3    3.84615E-03    6.00000E-03   -2.76946E-02   -40.1228    1.00000    2.34535E-09
   3    3.84615E-03    8.00000E-03   -2.76946E-02   -40.1228    1.00000    2.34535E-09
   3    3.84615E-03    1.00000E-02   -2.76946E-02   -40.1228    1.00000    2.34535E-09
   3    3.84615E-03    1.20000E-02   -2.76946E-02   -40.1228    1.00000    2.34535E-09
   3    3.84615E-03    1.40000E-02   -2.76946E-02   -40.1228    1.00000    2.34535E-09
   3    3.84615E-03    1.60000E-02   -2.76946E-02   -40.1228    1.00000    2.34535E-09
   3    3.84615E-03    1.80000E-02   -2.76946E-02   -40.1228    1.00000    2.34535E-09
   3    3.84615E-03    2.00000E-02   -2.76946E-02   -40.1228    1.00000    2.34535E-09
   3    3.84615E-03    2.20000E-02   -2.76946E-02   -40.1228    1.00000    2.34535E-09
   3    3.84615E-03    2.40000E-02   -2.76946E-02   -40.1228    1.00000    2.34535E-09
   3    3.84615E-03    2.60000E-02   -2.76284E-02   -40.1234    1.00000    2.33408E-09
   3    3.84615E-03    2.80000E-02   -2.75623E-02   -40.1240    1.00000    2.32285E-09
   3    3.84615E-03    3.00000E-02   -2.75626E-02   -40.1246    1.00000    2.32285E-09
   3    3.84615E-03    3.20000E-02   -2.75967E-02   -40.1257    1.00000    2.32846E-09
   3    3.84615E-03    3.40000E-02   -2.75971E-02   -40.1262    1.00000    2.32846E-09
   3    3.84615E-03    3.60000E-02   -2.75978E-02   -40.1273    1.00000    2.32846E-09
   3    3.84615E-03    3.80000E-02   -2.75993E-02   -40.1296    1.00000    2.32846E-09
   3    3.84615E-03    4.00000E-02   -2.76016E-02   -40.1329    1.00000    2.32846E-09
   3    3.84615E-03    4.20000E-02   -2.75876E-02   -40.1368    1.00000    2.32566E-09
   3    3.84615E-03    4.40000E-02   -2.75778E-02   -40.1406    1.00000    2.32355E-09
   3    3.84615E-03    4.60000E-02   -2.75593E-02   -40.1439    1.00000    2.32004E-09
   3    3.84615E-03    4.80000E-02    1.49290   -39.9547    1.00000    7.26530E-06
   3    3.84615E-03    5.00000E-02  -0.224773   -41.7562    1.00000    1.18461E-07
   3    7.69231E-03   -5.00000E-02   -18.1974  -0.108719    1.00000    7.23176E-10
   3    7.69231E-03   -4.80000E-02   -16.3504   -6.75605    1.00000    1.47652E-04
   3    7.69231E-03   -4.60000E-02    9.88226E-02   -46.8273    1.00000    1.21284E-08
   3    7.69231E-03   -4.40000E-02    9.89234E-02   -46.7768    1.00000    1.21797E-08
   3    7.69231E-03   -4.20000E-02    9.85983E-02   -46.7211    1.00000    1.21284E-08
   3    7.69231E-03   -4.00000E-02    9.86619E-02   -46.6775    1.00000    1.21669E-08
   3    7.69231E-03   -3.80000E-02    9.86619E-02   -46.6775    1.00000    1.21669E-08
   3    7.69231E-03   -3.60000E-02    9.86619E-02   -46.6775    1.00000    1.21669E-08
   3    7.69231E-03   -3.40000E-02    9.86619E-02   -46.6775    1.00000    1.21669E-08
   3    7.69231E-03   -3.20000E-02    9.86619E-02   -46.6775    1.00000    1.21669E-08
   3    7.69231E-03   -3.00000E-02    9.86619E-02   -46.6775    1.00000    1.21669E-08
   3    7.69231E-03   -2.80000E-02    9.86619E-02   -46.6775    1.00000    1.21669E-08
   3    7.69231E-03   -2.60000E-02    9.86619E-02   -46.6775    1.00000    1.21669E-08
   3    7.69231E-03   -2.40000E-02    9.86619E-02   -46.6775    1.00000    1.21669E-08
   3    7.69231E-03   -2.20000E-02    9.86619E-02   -46.6775    1.00000    1.21669E-08
   3    7.69231E-03   -2.00000E-02    9.86619E-02   -46.6775    1.00000    1.21669E-08
   3    7.69231E-03   -1.80000E-02    9.86619E-02   -46.6775    1.00000    1.21669E-08
   3    7.69231E-03   -1.60000E-02    9.86619E-02   -46.6775    1.00000    1.21669E-08
   3    7.69231E-03   -1.40000E-02    9.86619E-02   -46.6775    1.00000    1.21669E-08
   3    7.69231E-03   -1.20000E-02    9.86619E-02   -46.6775    1.00000    1.21669E-08
   3    7.69231E-03   -1.00000E-02    9.86619E-02   -46.6775    1.00000    1.21669E-08
   3    7.69231E-03   -8.00000E-03    9.86619E-02   -46.6775    1.00000    1.21669E-08
   3    7.69231E-03   -6.00000E-03    9.86619E-02   -46.6775    1.00000    1.21669E-08
   3    7.69231E-03   -4.00000E-03    9.86619E-02   -46.6775    1.00000    1.21669E-08
   3    7.69231E-03   -2.00000E-03    9.86619E-02   -46.6775    1.00000    1.21669E-08
   3    7.69231E-03  0.    9.86619E-02   -46.6775    1.00000    1.21669E-08
   3    7.69231E-03    2.00000E-03    9.86619E-02   -46.6775    1.00000    1.21669E-08
   3    7.69231E-03    4.00000E-03    9.86619E-02   -46.6775    1.00000    1.21669E-08
   3    7.69231E-03    6.00000E-03    9.86619E-02   -46.6775    1.00000    1.21669E-08
   3    7.69231E-03    8.00000E-03    9.86619E-02   -46.6775    1.00000    1.21669E-08
   3    7.69231E-03    1.00000E-02    9.86619E-02   -46.6775    1.00000    1.21669E-08
   3    7.69231E-03    1.20000E-02    9.86619E-02   -46.6775    1.00000    1.21669E-08
   3    7.69231E-03    1.40000E-02    9.86619E-02   -46.6775    1.00000    1.21669E-08
   3    7.69231E-03    1.60000E-02    9.86619E-02   -46.6775    1.00000    1.21669E-08
   3    7.69231E-03    1.80000E-02    9.86619E-02   -46.6775    1.00000    1.21669E-08
   3    7.69231E-03    2.00000E-02    9.86619E-02   -46.6775    1.00000    1.21669E-08
   3    7.69231E-03    2.20000E-02    9.86619E-02   -46.6775    1.00000    1.21669E-08
   3    7.69231E-03    2.40000E-02    9.86619E-02   -46.6775    1.00000    1.21669E-08
   3    7.69231E-03    2.60000E-02    9.85529E-02   -46.6751    1.00000    1.21412E-08
   3    7.69231E-03    2.80000E-02    9.85480E-02   -46.6728    1.00000    1.21412E-08
   3    7.69231E-03    3.00000E-02    9.85952E-02   -46.6705    1.00000    1.21540E-08
   3    7.69231E-03    3.20000E-02    9.85855E-02   -46.6659    1.00000    1.21540E-08
   3    7.69231E-03    3.40000E-02    9.85806E-02   -46.6636    1.00000    1.21540E-08
   3    7.69231E-03    3.60000E-02    9.85708E-02   -46.6590    1.00000    1.21540E-08
   3    7.69231E-03    3.80000E-02    9.85514E-02   -46.6498    1.00000    1.21540E-08
   3    7.69231E-03    4.00000E-02    9.85434E-02   -46.6338    1.00000    1.21604E-08
   3    7.69231E-03    4.20000E-02    9.85208E-02   -46.6200    1.00000    1.21621E-08
   3    7.69231E-03    4.40000E-02    9.85064E-02   -46.6039    1.00000    1.21669E-08
   3    7.69231E-03    4.60000E-02    9.84513E-02   -46.5901    1.00000    1.21604E-08
   3    7.69231E-03    4.80000E-02    9.84481E-02   -46.5764    1.00000    1.21669E-08
   3    7.69231E-03    5.00000E-02    9.83625E-02   -46.5604    1.00000    1.21540E-08
   3    1.15385E-02   -5.00000E-02   -18.1805  -0.324980    1.00000    1.94157E-09
   3    1.15385E-02   -4.80000E-02   -12.8184   -19.3809    1.00000    7.59892E-05
   3    1.15385E-02   -4.60000E-02  -0.252557   -54.8842    1.00000    2.83372E-08
   3    1.15385E-02   -4.40000E-02  -0.253438   -55.0368    1.00000    2.83764E-08
   3    1.15385E-02   -4.20000E-02  -0.254209   -55.2047    1.00000    2.83764E-08
   3    1.15385E-02   -4.00000E-02  -0.254857   -55.3454    1.00000    2.83764E-08
   3    1.15385E-02   -3.80000E-02  -0.254857   -55.3454    1.00000    2.83764E-08
   3    1.15385E-02   -3.60000E-02  -0.254857   -55.3454    1.00000    2.83764E-08
   3    1.15385E-02   -3.40000E-02  -0.254857   -55.3454    1.00000    2.83764E-08
   3    1.15385E-02   -3.20000E-02  -0.254857   -55.3454    1.00000    2.83764E-08
   3    1.15385E-02   -3.00000E-02  -0.254857   -55.3454    1.00000    2.83764E-08
   3    1.15385E-02   -2.80000E-02  -0.254857   -55.3454    1.00000    2.83764E-08
   3    1.15385E-02   -2.60000E-02  -0.254857   -55.3454    1.00000    2.83764E-08
   3    1.15385E-02   -2.40000E-02  -0.254857   -55.3454    1.00000    2.83764E-08
   3    1.15385E-02   -2.20000E-02  -0.254857   -55.3454    1.00000    2.83764E-08
   3    1.15385E-02   -2.00000E-02  -0.254857   -55.3454    1.00000    2.83764E-08
   3    1.15385E-02   -1.80000E-02  -0.254857   -55.3454    1.00000    2.83764E-08
   3    1.15385E-02   -1.60000E-02  -0.254857   -55.3454    1.00000    2.83764E-08
   3    1.15385E-02   -1.40000E-02  -0.254857   -55.3454    1.00000    2.83764E-08
   3    1.15385E-02   -1.20000E-02  -0.254857   -55.3454    1.00000    2.83764E-08
   3    1.15385E-02   -1.00000E-02  -0.254857   -55.3454    1.00000    2.83764E-08
   3    1.15385E-02   -8.00000E-03  -0.254857   -55.3454    1.00000    2.83764E-08
   3    1.15385E-02   -6.00000E-03  -0.254857   -55.3454    1.00000    2.83764E-08
   3    1.15385E-02   -4.00000E-03  -0.254857   -55.3454    1.00000    2.83764E-08
   3    1.15385E-02   -2.00000E-03  -0.254857   -55.3454    1.00000    2.83764E-08
   3    1.15385E-02  0.  -0.254857   -55.3454    1.00000    2.83764E-08
   3    1.15385E-02    2.00000E-03  -0.254857   -55.3454    1.00000    2.83764E-08
   3    1.15385E-02    4.00000E-03  -0.254857   -55.3454    1.00000    2.83764E-08
   3    1.15385E-02    6.00000E-03  -0.254857   -55.3454    1.00000    2.83764E-08
   3    1.15385E-02    8.00000E-03  -0.254857   -55.3454    1.00000    2.83764E-08
   3    1.15385E-02    1.00000E-02  -0.254857   -55.3454    1.00000    2.83764E-08
   3    1.15385E-02    1.20000E-02  -0.254857   -55.3454    1.00000    2.83764E-08
   3    1.15385E-02    1.40000E-02  -0.254857   -55.3454    1.00000    2.83764E-08
   3    1.15385E-02    1.60000E-02  -0.254857   -55.3454    1.00000    2.83764E-08
   3    1.15385E-02    1.80000E-02  -0.254857   -55.3454    1.00000    2.83764E-08
   3    1.15385E-02    2.00000E-02  -0.254857   -55.3454    1.00000    2.83764E-08
   3    1.15385E-02    2.20000E-02  -0.254857   -55.3454    1.00000    2.83764E-08
   3    1.15385E-02    2.40000E-02  -0.254857   -55.3454    1.00000    2.83764E-08
   3    1.15385E-02    2.60000E-02  -0.254890   -55.3524    1.00000    2.83764E-08
   3    1.15385E-02    2.80000E-02  -0.254922   -55.3595    1.00000    2.83764E-08
   3    1.15385E-02    3.00000E-02  -0.255031   -55.3736    1.00000    2.83862E-08
   3    1.15385E-02    3.20000E-02  -0.255064   -55.3806    1.00000    2.83862E-08
   3    1.15385E-02    3.40000E-02  -0.255096   -55.3877    1.00000    2.83862E-08
   3    1.15385E-02    3.60000E-02  -0.255117   -55.4018    1.00000    2.83764E-08
   3    1.15385E-02    3.80000E-02  -0.255248   -55.4301    1.00000    2.83764E-08
   3    1.15385E-02    4.00000E-02  -0.255498   -55.4797    1.00000    2.83813E-08
   3    1.15385E-02    4.20000E-02  -0.255716   -55.5222    1.00000    2.83862E-08
   3    1.15385E-02    4.40000E-02  -0.255945   -55.5720    1.00000    2.83862E-08
   3    1.15385E-02    4.60000E-02  -0.256186   -55.6147    1.00000    2.83960E-08
   3    1.15385E-02    4.80000E-02  -0.256416   -55.6646    1.00000    2.83960E-08
   3    1.15385E-02    5.00000E-02  -0.256702   -55.7075    1.00000    2.84156E-08
   3    1.53846E-02   -4.80000E-02   -9.48970   -35.9217    1.00000    1.76012E-05
   3    1.53846E-02   -4.60000E-02   -9.47085E-02   -68.4241    1.00000    1.10080E-09
   3    1.53846E-02   -4.40000E-02   -9.51389E-02   -68.4947    1.00000    1.10854E-09
   3    1.53846E-02   -4.20000E-02   -9.50805E-02   -68.5732    1.00000    1.10467E-09
   3    1.53846E-02   -4.00000E-02   -9.54260E-02   -68.6416    1.00000    1.11048E-09
   3    1.53846E-02   -3.80000E-02   -9.54260E-02   -68.6416    1.00000    1.11048E-09
   3    1.53846E-02   -3.60000E-02   -9.54260E-02   -68.6416    1.00000    1.11048E-09
   3    1.53846E-02   -3.40000E-02   -9.54260E-02   -68.6416    1.00000    1.11048E-09
   3    1.53846E-02   -3.20000E-02   -9.54260E-02   -68.6416    1.00000    1.11048E-09
   3    1.53846E-02   -3.00000E-02   -9.54260E-02   -68.6416    1.00000    1.11048E-09
   3    1.53846E-02   -2.80000E-02   -9.54260E-02   -68.6416    1.00000    1.11048E-09
   3    1.53846E-02   -2.60000E-02   -9.54260E-02   -68.6416    1.00000    1.11048E-09
   3    1.53846E-02   -2.40000E-02   -9.54260E-02   -68.6416    1.00000    1.11048E-09
   3    1.53846E-02   -2.20000E-02   -9.54260E-02   -68.6416    1.00000    1.11048E-09
   3    1.53846E-02   -2.00000E-02   -9.54260E-02   -68.6416    1.00000    1.11048E-09
   3    1.53846E-02   -1.80000E-02   -9.54260E-02   -68.6416    1.00000    1.11048E-09
   3    1.53846E-02   -1.60000E-02   -9.54260E-02   -68.6416    1.00000    1.11048E-09
   3    1.53846E-02   -1.40000E-02   -9.54260E-02   -68.6416    1.00000    1.11048E-09
   3    1.53846E-02   -1.20000E-02   -9.54260E-02   -68.6416    1.00000    1.11048E-09
   3    1.53846E-02   -1.00000E-02   -9.54260E-02   -68.6416    1.00000    1.11048E-09
   3    1.53846E-02   -8.00000E-03   -9.54260E-02   -68.6416    1.00000    1.11048E-09
   3    1.53846E-02   -6.00000E-03   -9.54260E-02   -68.6416    1.00000    1.11048E-09
   3    1.53846E-02   -4.00000E-03   -9.54260E-02   -68.6416    1.00000    1.11048E-09
   3    1.53846E-02   -2.00000E-03   -9.54260E-02   -68.6416    1.00000    1.11048E-09
   3    1.53846E-02  0.   -9.54260E-02   -68.6416    1.00000    1.11048E-09
   3    1.53846E-02    2.00000E-03   -9.54260E-02   -68.6416    1.00000    1.11048E-09
   3    1.53846E-02    4.00000E-03   -9.54260E-02   -68.6416    1.00000    1.11048E-09
   3    1.53846E-02    6.00000E-03   -9.54260E-02   -68.6416    1.00000    1.11048E-09
   3    1.53846E-02    8.00000E-03   -9.54260E-02   -68.6416    1.00000    1.11048E-09
   3    1.53846E-02    1.00000E-02   -9.54260E-02   -68.6416    1.00000    1.11048E-09
   3    1.53846E-02    1.20000E-02   -9.54260E-02   -68.6416    1.00000    1.11048E-09
   3    1.53846E-02    1.40000E-02   -9.54260E-02   -68.6416    1.00000    1.11048E-09
   3    1.53846E-02    1.60000E-02   -9.54260E-02   -68.6416    1.00000    1.11048E-09
   3    1.53846E-02    1.80000E-02   -9.54260E-02   -68.6416    1.00000    1.11048E-09
   3    1.53846E-02    2.00000E-02   -9.54260E-02   -68.6416    1.00000    1.11048E-09
   3    1.53846E-02    2.20000E-02   -9.54260E-02   -68.6416    1.00000    1.11048E-09
   3    1.53846E-02    2.40000E-02   -9.54260E-02   -68.6416    1.00000    1.11048E-09
   3    1.53846E-02    2.60000E-02   -9.55138E-02   -68.6448    1.00000    1.11242E-09
   3    1.53846E-02    2.80000E-02   -9.54350E-02   -68.6481    1.00000    1.11048E-09
   3    1.53846E-02    3.00000E-02   -9.54442E-02   -68.6547    1.00000    1.11048E-09
   3    1.53846E-02    3.20000E-02   -9.55322E-02   -68.6579    1.00000    1.11242E-09
   3    1.53846E-02    3.40000E-02   -9.55367E-02   -68.6612    1.00000    1.11242E-09
   3    1.53846E-02    3.60000E-02   -9.55458E-02   -68.6678    1.00000    1.11242E-09
   3    1.53846E-02    3.80000E-02   -9.55432E-02   -68.6809    1.00000    1.11194E-09
   3    1.53846E-02    4.00000E-02   -9.55752E-02   -68.7039    1.00000    1.11194E-09
   3    1.53846E-02    4.20000E-02   -9.56234E-02   -68.7236    1.00000    1.11242E-09
   3    1.53846E-02    4.40000E-02   -9.55720E-02   -68.7466    1.00000    1.11048E-09
   3    1.53846E-02    4.60000E-02   -9.55994E-02   -68.7663    1.00000    1.11048E-09
   3    1.53846E-02    4.80000E-02   -9.57150E-02   -68.7894    1.00000    1.11242E-09
   3    1.53846E-02    5.00000E-02   -9.59099E-02   -68.8093    1.00000    1.11631E-09
   3    1.92308E-02   -4.80000E-02  -0.966108   -85.8483    1.00000    2.36497E-08
   3    1.92308E-02   -4.60000E-02  -0.976686   -86.7256    1.00000    2.36855E-08
   3    1.92308E-02   -4.40000E-02  -0.987039   -87.7127    1.00000    2.36497E-08
   3    1.92308E-02   -4.20000E-02  -0.999242   -88.7635    1.00000    2.36676E-08
   3    1.92308E-02   -4.00000E-02   -1.01024   -89.7501    1.00000    2.36631E-08
   3    1.92308E-02   -3.80000E-02   -1.01024   -89.7501    1.00000    2.36631E-08
   3    1.92308E-02   -3.60000E-02   -1.01024   -89.7501    1.00000    2.36631E-08
   3    1.92308E-02   -3.40000E-02   -1.01024   -89.7501    1.00000    2.36631E-08
   3    1.92308E-02   -3.20000E-02   -1.01024   -89.7501    1.00000    2.36631E-08
   3    1.92308E-02   -3.00000E-02   -1.01024   -89.7501    1.00000    2.36631E-08
   3    1.92308E-02   -2.80000E-02   -1.01024   -89.7501    1.00000    2.36631E-08
   3    1.92308E-02   -2.60000E-02   -1.01024   -89.7501    1.00000    2.36631E-08
   3    1.92308E-02   -2.40000E-02   -1.01024   -89.7501    1.00000    2.36631E-08
   3    1.92308E-02   -2.20000E-02   -1.01024   -89.7501    1.00000    2.36631E-08
   3    1.92308E-02   -2.00000E-02   -1.01024   -89.7501    1.00000    2.36631E-08
   3    1.92308E-02   -1.80000E-02   -1.01024   -89.7501    1.00000    2.36631E-08
   3    1.92308E-02   -1.60000E-02   -1.01024   -89.7501    1.00000    2.36631E-08
   3    1.92308E-02   -1.40000E-02   -1.01024   -89.7501    1.00000    2.36631E-08
   3    1.92308E-02   -1.20000E-02   -1.01024   -89.7501    1.00000    2.36631E-08
   3    1.92308E-02   -1.00000E-02   -1.01024   -89.7501    1.00000    2.36631E-08
   3    1.92308E-02   -8.00000E-03   -1.01024   -89.7501    1.00000    2.36631E-08
   3    1.92308E-02   -6.00000E-03   -1.01024   -89.7501    1.00000    2.36631E-08
   3    1.92308E-02   -4.00000E-03   -1.01024   -89.7501    1.00000    2.36631E-08
   3    1.92308E-02   -2.00000E-03   -1.01024   -89.7501    1.00000    2.36631E-08
   3    1.92308E-02  0.   -1.01024   -89.7501    1.00000    2.36631E-08
   3    1.92308E-02    2.00000E-03   -1.01024   -89.7501    1.00000    2.36631E-08
   3    1.92308E-02    4.00000E-03   -1.01024   -89.7501    1.00000    2.36631E-08
   3    1.92308E-02    6.00000E-03   -1.01024   -89.7501    1.00000    2.36631E-08
   3    1.92308E-02    8.00000E-03   -1.01024   -89.7501    1.00000    2.36631E-08
   3    1.92308E-02    1.00000E-02   -1.01024   -89.7501    1.00000    2.36631E-08
   3    1.92308E-02    1.20000E-02   -1.01024   -89.7501    1.00000    2.36631E-08
   3    1.92308E-02    1.40000E-02   -1.01024   -89.7501    1.00000    2.36631E-08
   3    1.92308E-02    1.60000E-02   -1.01024   -89.7501    1.00000    2.36631E-08
   3    1.92308E-02    1.80000E-02   -1.01024   -89.7501    1.00000    2.36631E-08
   3    1.92308E-02    2.00000E-02   -1.01024   -89.7501    1.00000    2.36631E-08
   3    1.92308E-02    2.20000E-02   -1.01024   -89.7501    1.00000    2.36631E-08
   3    1.92308E-02    2.40000E-02   -1.01024   -89.7501    1.00000    2.36631E-08
   3    1.92308E-02    2.60000E-02   -1.01085   -89.7954    1.00000    2.36676E-08
   3    1.92308E-02    2.80000E-02   -1.01127   -89.8408    1.00000    2.36631E-08
   3    1.92308E-02    3.00000E-02   -1.01229   -89.9318    1.00000    2.36631E-08
   3    1.92308E-02    3.20000E-02   -1.01280   -89.9773    1.00000    2.36631E-08
   3    1.92308E-02    3.40000E-02   -1.01383   -90.0685    1.00000    2.36631E-08
   3    1.92308E-02    3.60000E-02   -1.01430   -90.1142    1.00000    2.36609E-08
   3    1.92308E-02    3.80000E-02   -1.01636   -90.2974    1.00000    2.36609E-08
   3    1.92308E-02    4.00000E-02   -1.01999   -90.6198    1.00000    2.36609E-08
   3    1.92308E-02    4.20000E-02   -1.02349   -90.9443    1.00000    2.36542E-08
   3    1.92308E-02    4.40000E-02   -1.02674   -91.2245    1.00000    2.36587E-08
   3    1.92308E-02    4.60000E-02   -1.03011   -91.5066    1.00000    2.36676E-08
   3    1.92308E-02    4.80000E-02   -1.03383   -91.8377    1.00000    2.36676E-08
   3    1.92308E-02    5.00000E-02   -1.03705   -92.1234    1.00000    2.36676E-08
   3    2.30769E-02   -4.80000E-02   -1.01181   -124.765    1.00000    2.75660E-09
   3    2.30769E-02   -4.60000E-02   -1.02159   -126.110    1.00000    2.75049E-09
   3    2.30769E-02   -4.40000E-02   -1.03147   -127.618    1.00000    2.73829E-09
   3    2.30769E-02   -4.20000E-02   -1.04385   -129.218    1.00000    2.73525E-09
   3    2.30769E-02   -4.00000E-02   -1.05752   -130.857    1.00000    2.73753E-09
   3    2.30769E-02   -3.80000E-02   -1.05752   -130.857    1.00000    2.73753E-09
   3    2.30769E-02   -3.60000E-02   -1.05752   -130.857    1.00000    2.73753E-09
   3    2.30769E-02   -3.40000E-02   -1.05752   -130.857    1.00000    2.73753E-09
   3    2.30769E-02   -3.20000E-02   -1.05752   -130.857    1.00000    2.73753E-09
   3    2.30769E-02   -3.00000E-02   -1.05752   -130.857    1.00000    2.73753E-09
   3    2.30769E-02   -2.80000E-02   -1.05752   -130.857    1.00000    2.73753E-09
   3    2.30769E-02   -2.60000E-02   -1.05752   -130.857    1.00000    2.73753E-09
   3    2.30769E-02   -2.40000E-02   -1.05752   -130.857    1.00000    2.73753E-09
   3    2.30769E-02   -2.20000E-02   -1.05752   -130.857    1.00000    2.73753E-09
   3    2.30769E-02   -2.00000E-02   -1.05752   -130.857    1.00000    2.73753E-09
   3    2.30769E-02   -1.80000E-02   -1.05752   -130.857    1.00000    2.73753E-09
   3    2.30769E-02   -1.60000E-02   -1.05752   -130.857    1.00000    2.73753E-09
   3    2.30769E-02   -1.40000E-02   -1.05752   -130.857    1.00000    2.73753E-09
   3    2.30769E-02   -1.20000E-02   -1.05752   -130.857    1.00000    2.73753E-09
   3    2.30769E-02   -1.00000E-02   -1.05752   -130.857    1.00000    2.73753E-09
   3    2.30769E-02   -8.00000E-03   -1.05752   -130.857    1.00000    2.73753E-09
   3    2.30769E-02   -6.00000E-03   -1.05752   -130.857    1.00000    2.73753E-09
   3    2.30769E-02   -4.00000E-03   -1.05752   -130.857    1.00000    2.73753E-09
   3    2.30769E-02   -2.00000E-03   -1.05752   -130.857    1.00000    2.73753E-09
   3    2.30769E-02  0.   -1.05752   -130.857    1.00000    2.73753E-09
   3    2.30769E-02    2.00000E-03   -1.05752   -130.857    1.00000    2.73753E-09
   3    2.30769E-02    4.00000E-03   -1.05752   -130.857    1.00000    2.73753E-09
   3    2.30769E-02    6.00000E-03   -1.05752   -130.857    1.00000    2.73753E-09
   3    2.30769E-02    8.00000E-03   -1.05752   -130.857    1.00000    2.73753E-09
   3    2.30769E-02    1.00000E-02   -1.05752   -130.857    1.00000    2.73753E-09
   3    2.30769E-02    1.20000E-02   -1.05752   -130.857    1.00000    2.73753E-09
   3    2.30769E-02    1.40000E-02   -1.05752   -130.857    1.00000    2.73753E-09
   3    2.30769E-02    1.60000E-02   -1.05752   -130.857    1.00000    2.73753E-09
   3    2.30769E-02    1.80000E-02   -1.05752   -130.857    1.00000    2.73753E-09
   3    2.30769E-02    2.00000E-02   -1.05752   -130.857    1.00000    2.73753E-09
   3    2.30769E-02    2.20000E-02   -1.05752   -130.857    1.00000    2.73753E-09
   3    2.30769E-02    2.40000E-02   -1.05752   -130.857    1.00000    2.73753E-09
   3    2.30769E-02    2.60000E-02   -1.05793   -130.927    1.00000    2.73677E-09
   3    2.30769E-02    2.80000E-02   -1.05864   -130.996    1.00000    2.73753E-09
   3    2.30769E-02    3.00000E-02   -1.05969   -131.135    1.00000    2.73715E-09
   3    2.30769E-02    3.20000E-02   -1.06018   -131.204    1.00000    2.73677E-09
   3    2.30769E-02    3.40000E-02   -1.06130   -131.343    1.00000    2.73677E-09
   3    2.30769E-02    3.60000E-02   -1.06188   -131.413    1.00000    2.73686E-09
   3    2.30769E-02    3.80000E-02   -1.06462   -131.763    1.00000    2.73639E-09
   3    2.30769E-02    4.00000E-02   -1.06810   -132.185    1.00000    2.73677E-09
   3    2.30769E-02    4.20000E-02   -1.07151   -132.681    1.00000    2.73372E-09
   3    2.30769E-02    4.40000E-02   -1.07467   -133.108    1.00000    2.73220E-09
   3    2.30769E-02    4.60000E-02   -1.07934   -133.612    1.00000    2.73525E-09
   3    2.30769E-02    4.80000E-02   -1.08162   -134.043    1.00000    2.72916E-09
   3    2.30769E-02    5.00000E-02   -1.08635   -134.483    1.00000    2.73525E-09
   3    2.69231E-02   -4.80000E-02    9.46921E-02   -242.528    1.00000    5.72594E-13
   3    2.69231E-02   -4.60000E-02    9.45708E-02   -242.276    1.00000    5.72594E-13
   3    2.69231E-02   -4.40000E-02    9.08474E-02   -241.989    1.00000    5.29396E-13
   3    2.69231E-02   -4.20000E-02    8.89324E-02   -241.708    1.00000    5.08432E-13
   3    2.69231E-02   -4.00000E-02    8.83801E-02   -241.450    1.00000    5.03257E-13
   3    2.69231E-02   -3.80000E-02    8.83761E-02   -241.439    1.00000    5.03257E-13
   3    2.69231E-02   -3.60000E-02    8.83761E-02   -241.439    1.00000    5.03257E-13
   3    2.69231E-02   -3.40000E-02    8.83761E-02   -241.439    1.00000    5.03257E-13
   3    2.69231E-02   -3.20000E-02    8.83761E-02   -241.439    1.00000    5.03257E-13
   3    2.69231E-02   -3.00000E-02    8.83761E-02   -241.439    1.00000    5.03257E-13
   3    2.69231E-02   -2.80000E-02    8.83761E-02   -241.439    1.00000    5.03257E-13
   3    2.69231E-02   -2.60000E-02    8.83761E-02   -241.439    1.00000    5.03257E-13
   3    2.69231E-02   -2.40000E-02    8.83761E-02   -241.439    1.00000    5.03257E-13
   3    2.69231E-02   -2.20000E-02    8.83761E-02   -241.439    1.00000    5.03257E-13
   3    2.69231E-02   -2.00000E-02    8.83761E-02   -241.439    1.00000    5.03257E-13
   3    2.69231E-02   -1.80000E-02    8.83761E-02   -241.439    1.00000    5.03257E-13
   3    2.69231E-02   -1.60000E-02    8.83761E-02   -241.439    1.00000    5.03257E-13
   3    2.69231E-02   -1.40000E-02    8.83761E-02   -241.439    1.00000    5.03257E-13
   3    2.69231E-02   -1.20000E-02    8.83761E-02   -241.439    1.00000    5.03257E-13
   3    2.69231E-02   -1.00000E-02    8.83761E-02   -241.439    1.00000    5.03257E-13
   3    2.69231E-02   -8.00000E-03    8.83761E-02   -241.439    1.00000    5.03257E-13
   3    2.69231E-02   -6.00000E-03    8.83761E-02   -241.439    1.00000    5.03257E-13
   3    2.69231E-02   -4.00000E-03    8.83761E-02   -241.439    1.00000    5.03257E-13
   3    2.69231E-02   -2.00000E-03    8.83761E-02   -241.439    1.00000    5.03257E-13
   3    2.69231E-02  0.    8.83761E-02   -241.439    1.00000    5.03257E-13
   3    2.69231E-02    2.00000E-03    8.83761E-02   -241.439    1.00000    5.03257E-13
   3    2.69231E-02    4.00000E-03    8.83761E-02   -241.439    1.00000    5.03257E-13
   3    2.69231E-02    6.00000E-03    8.83761E-02   -241.439    1.00000    5.03257E-13
   3    2.69231E-02    8.00000E-03    8.83761E-02   -241.439    1.00000    5.03257E-13
   3    2.69231E-02    1.00000E-02    8.83761E-02   -241.439    1.00000    5.03257E-13
   3    2.69231E-02    1.20000E-02    8.83761E-02   -241.439    1.00000    5.03257E-13
   3    2.69231E-02    1.40000E-02    8.83761E-02   -241.439    1.00000    5.03257E-13
   3    2.69231E-02    1.60000E-02    8.83761E-02   -241.439    1.00000    5.03257E-13
   3    2.69231E-02    1.80000E-02    8.83761E-02   -241.439    1.00000    5.03257E-13
   3    2.69231E-02    2.00000E-02    8.83761E-02   -241.439    1.00000    5.03257E-13
   3    2.69231E-02    2.20000E-02    8.83761E-02   -241.439    1.00000    5.03257E-13
   3    2.69231E-02    2.40000E-02    8.83761E-02   -241.439    1.00000    5.03257E-13
   3    2.69231E-02    2.60000E-02    8.85988E-02   -241.428    1.00000    5.05841E-13
   3    2.69231E-02    2.80000E-02    8.83644E-02   -241.407    1.00000    5.03257E-13
   3    2.69231E-02    3.00000E-02    8.84171E-02   -241.396    1.00000    5.03902E-13
   3    2.69231E-02    3.20000E-02    8.83424E-02   -241.385    1.00000    5.03095E-13
   3    2.69231E-02    3.40000E-02    8.83488E-02   -241.364    1.00000    5.03257E-13
   3    2.69231E-02    3.60000E-02    8.81184E-02   -241.354    1.00000    5.00679E-13
   3    2.69231E-02    3.80000E-02    8.78724E-02   -241.301    1.00000    4.98108E-13
   3    2.69231E-02    4.00000E-02    8.78465E-02   -241.226    1.00000    4.98108E-13
   3    2.69231E-02    4.20000E-02    8.69168E-02   -241.165    1.00000    4.87891E-13
   3    2.69231E-02    4.40000E-02    8.68904E-02   -241.092    1.00000    4.87891E-13
   3    2.69231E-02    4.60000E-02    8.50581E-02   -241.036    1.00000    4.67774E-13
   3    2.69231E-02    4.80000E-02    9.04571E-02   -240.949    1.00000    5.29396E-13
   3    2.69231E-02    5.00000E-02    8.68187E-02   -240.893    1.00000    4.87891E-13
   3    3.07692E-02   -4.80000E-02   -19.6087   -34.3729    1.00000    6.77737E-10
   3    3.07692E-02   -4.60000E-02   -24.9924   -44.2324    1.00000    6.78495E-10
   3    3.07692E-02   -4.40000E-02   -35.1006   -61.1980    1.00000    6.78116E-10
   3    3.07692E-02   -4.20000E-02   -64.5844   -112.154    1.00000    6.78305E-10
   3    3.07692E-02   -4.00000E-02   -286.956   -498.734    1.00000    6.78447E-10
   3    3.07692E-02   -3.80000E-02   -503.825   -875.632    1.00000    6.78453E-10
   3    3.07692E-02   -3.60000E-02   -503.825   -875.632    1.00000    6.78453E-10
   3    3.07692E-02   -3.40000E-02   -503.825   -875.632    1.00000    6.78453E-10
   3    3.07692E-02   -3.20000E-02   -503.825   -875.632    1.00000    6.78453E-10
   3    3.07692E-02   -3.00000E-02   -503.825   -875.632    1.00000    6.78453E-10
   3    3.07692E-02   -2.80000E-02   -503.825   -875.632    1.00000    6.78453E-10
   3    3.07692E-02   -2.60000E-02   -503.825   -875.632    1.00000    6.78453E-10
   3    3.07692E-02   -2.40000E-02   -503.825   -875.632    1.00000    6.78453E-10
   3    3.07692E-02   -2.20000E-02   -503.825   -875.632    1.00000    6.78453E-10
   3    3.07692E-02   -2.00000E-02   -503.825   -875.632    1.00000    6.78453E-10
   3    3.07692E-02   -1.80000E-02   -503.825   -875.632    1.00000    6.78453E-10
   3    3.07692E-02   -1.60000E-02   -503.825   -875.632    1.00000    6.78453E-10
   3    3.07692E-02   -1.40000E-02   -503.825   -875.632    1.00000    6.78453E-10
   3    3.07692E-02   -1.20000E-02   -503.825   -875.632    1.00000    6.78453E-10
   3    3.07692E-02   -1.00000E-02   -503.825   -875.632    1.00000    6.78453E-10
   3    3.07692E-02   -8.00000E-03   -503.825   -875.632    1.00000    6.78453E-10
   3    3.07692E-02   -6.00000E-03   -503.825   -875.632    1.00000    6.78453E-10
   3    3.07692E-02   -4.00000E-03   -503.825   -875.632    1.00000    6.78453E-10
   3    3.07692E-02   -2.00000E-03   -503.825   -875.632    1.00000    6.78453E-10
   3    3.07692E-02  0.   -503.825   -875.632    1.00000    6.78453E-10
   3    3.07692E-02    2.00000E-03   -503.825   -875.632    1.00000    6.78453E-10
   3    3.07692E-02    4.00000E-03   -503.825   -875.632    1.00000    6.78453E-10
   3    3.07692E-02    6.00000E-03   -503.825   -875.632    1.00000    6.78453E-10
   3    3.07692E-02    8.00000E-03   -503.825   -875.632    1.00000    6.78453E-10
   3    3.07692E-02    1.00000E-02   -503.825   -875.632    1.00000    6.78453E-10
   3    3.07692E-02    1.20000E-02   -503.825   -875.632    1.00000    6.78453E-10
   3    3.07692E-02    1.40000E-02   -503.825   -875.632    1.00000    6.78453E-10
   3    3.07692E-02    1.60000E-02   -503.825   -875.632    1.00000    6.78453E-10
   3    3.07692E-02    1.80000E-02   -503.825   -875.632    1.00000    6.78453E-10
   3    3.07692E-02    2.00000E-02   -503.825   -875.632    1.00000    6.78453E-10
   3    3.07692E-02    2.20000E-02   -503.825   -875.632    1.00000    6.78453E-10
   3    3.07692E-02    2.40000E-02   -503.825   -875.632    1.00000    6.78453E-10
   3    3.07692E-02    2.60000E-02   -673.487   -1170.49    1.00000    6.78459E-10
   3    3.07692E-02    2.80000E-02   -2062.68   -3584.84    1.00000    6.78459E-10
   3    3.07692E-02    3.00000E-02    65836.8    114422.    1.00000    6.78447E-10
   3    3.07692E-02    3.20000E-02    984.969    1711.76    1.00000    6.78471E-10
   3    3.07692E-02    3.40000E-02    659.916    1146.79    1.00000    6.78495E-10
   3    3.07692E-02    3.60000E-02    496.178    862.214    1.00000    6.78495E-10
   3    3.07692E-02    3.80000E-02    199.395    346.547    1.00000    6.78495E-10
   3    3.07692E-02    4.00000E-02    124.783    217.050    1.00000    6.78684E-10
   3    3.07692E-02    4.20000E-02    86.8167    150.547    1.00000    6.78495E-10
   3    3.07692E-02    4.40000E-02    68.8948    119.760    1.00000    6.78684E-10
   3    3.07692E-02    4.60000E-02    57.0943    99.2472    1.00000    6.78684E-10
   3    3.07692E-02    4.80000E-02    47.5771    82.5024    1.00000    6.78495E-10
   3    3.07692E-02    5.00000E-02    41.6272    71.9786    1.00000    6.78874E-10
