   7   -3.07692E-02   -4.80000E-02   -22.6068   -37.7920    1.00000    4.37737E-06
   7   -3.07692E-02   -4.60000E-02   -33.0069   -197.714    1.00000    4.21413E-04
   7   -3.07692E-02   -4.40000E-02   -54.7385   -448.941    1.00000    2.45660E-03
   7   -3.07692E-02   -4.20000E-02   -166.182   -1626.82    1.00000    7.75853E-03
   7   -3.07692E-02   -4.00000E-02    196.114    2090.05    1.00000    2.10680E-02
   7   -3.07692E-02   -3.80000E-02    106.519   1002.777    1.00000    3.50886E-02
   7   -3.07692E-02   -3.60000E-02    106.519   1002.777    1.00000    3.50886E-02
   7   -3.07692E-02   -3.40000E-02    106.519   1002.777    1.00000    3.50886E-02
   7   -3.07692E-02   -3.20000E-02    106.519   1002.777    1.00000    3.50886E-02
   7   -3.07692E-02   -3.00000E-02    106.519   1002.777    1.00000    3.50886E-02
   7   -3.07692E-02   -2.80000E-02    106.519   1002.777    1.00000    3.50886E-02
   7   -3.07692E-02   -2.60000E-02    106.519   1002.777    1.00000    3.50886E-02
   7   -3.07692E-02   -2.40000E-02    106.519   1002.777    1.00000    3.50886E-02
   7   -3.07692E-02   -2.20000E-02    106.519   1002.777    1.00000    3.50886E-02
   7   -3.07692E-02   -2.00000E-02    106.519   1002.777    1.00000    3.50886E-02
   7   -3.07692E-02   -1.80000E-02    106.519   1002.777    1.00000    3.50886E-02
   7   -3.07692E-02   -1.60000E-02    106.519   1002.777    1.00000    3.50886E-02
   7   -3.07692E-02   -1.40000E-02    106.519   1002.777    1.00000    3.50886E-02
   7   -3.07692E-02   -1.20000E-02    106.519   1002.777    1.00000    3.50886E-02
   7   -3.07692E-02   -1.00000E-02    106.519   1002.777    1.00000    3.50886E-02
   7   -3.07692E-02   -8.00000E-03    106.519   1002.777    1.00000    3.50886E-02
   7   -3.07692E-02   -6.00000E-03    106.519   1002.777    1.00000    3.50886E-02
   7   -3.07692E-02   -4.00000E-03    106.519   1002.777    1.00000    3.50886E-02
   7   -3.07692E-02   -2.00000E-03    106.519   1002.777    1.00000    3.50886E-02
   7   -3.07692E-02  0.    106.519   1002.777    1.00000    3.50886E-02
   7   -3.07692E-02    2.00000E-03    106.519   1002.777    1.00000    3.50886E-02
   7   -3.07692E-02    4.00000E-03    106.519   1002.777    1.00000    3.50886E-02
   7   -3.07692E-02    6.00000E-03    106.519   1002.777    1.00000    3.50886E-02
   7   -3.07692E-02    8.00000E-03    106.519   1002.777    1.00000    3.50886E-02
   7   -3.07692E-02    1.00000E-02    106.519   1002.777    1.00000    3.50886E-02
   7   -3.07692E-02    1.20000E-02    106.519   1002.777    1.00000    3.50886E-02
   7   -3.07692E-02    1.40000E-02    106.519   1002.777    1.00000    3.50886E-02
   7   -3.07692E-02    1.60000E-02    106.519   1002.777    1.00000    3.50886E-02
   7   -3.07692E-02    1.80000E-02    106.519   1002.777    1.00000    3.50886E-02
   7   -3.07692E-02    2.00000E-02    106.519   1002.777    1.00000    3.50886E-02
   7   -3.07692E-02    2.20000E-02    106.519   1002.777    1.00000    3.50886E-02
   7   -3.07692E-02    2.40000E-02    106.519   1002.777    1.00000    3.50886E-02
   7   -3.07692E-02    2.60000E-02   101.1781    950.680    1.00000    3.38834E-02
   7   -3.07692E-02    2.80000E-02    91.9620    860.694    1.00000    3.15661E-02
   7   -3.07692E-02    3.00000E-02    87.9586    821.564    1.00000    3.04529E-02
   7   -3.07692E-02    3.20000E-02    80.9178    752.670    1.00000    2.83148E-02
   7   -3.07692E-02    3.40000E-02    77.8059    722.182    1.00000    2.72888E-02
   7   -3.07692E-02    3.60000E-02    75.3037    699.813    1.00000    2.60047E-02
   7   -3.07692E-02    3.80000E-02    61.5744    564.393    1.00000    2.06233E-02
   7   -3.07692E-02    4.00000E-02    52.1054    470.233    1.00000    1.61205E-02
   7   -3.07692E-02    4.20000E-02    44.3281    393.380    1.00000    1.16873E-02
   7   -3.07692E-02    4.40000E-02    39.2382    341.143    1.00000    8.78088E-03
   7   -3.07692E-02    4.60000E-02    35.2886    300.971    1.00000    6.35188E-03
   7   -3.07692E-02    4.80000E-02    31.5356    260.288    1.00000    4.27874E-03
   7   -3.07692E-02    5.00000E-02    29.0113    233.977    1.00000    2.83620E-03
   7   -2.69231E-02   -4.80000E-02   -24.8437   -13.2808    1.00000    3.13522E-06
   7   -2.69231E-02   -4.60000E-02   -53.8677  -10.05341    1.00000    1.39094E-05
   7   -2.69231E-02   -4.40000E-02    506.796    295.268    1.00000    6.08925E-04
   7   -2.69231E-02   -4.20000E-02    50.2204    127.080    1.00000    6.50852E-03
   7   -2.69231E-02   -4.00000E-02    27.6983   103.3851    1.00000    2.33167E-02
   7   -2.69231E-02   -3.80000E-02    26.4719    94.0540    1.00000    3.57102E-02
   7   -2.69231E-02   -3.60000E-02    26.4719    94.0540    1.00000    3.57102E-02
   7   -2.69231E-02   -3.40000E-02    26.4719    94.0540    1.00000    3.57102E-02
   7   -2.69231E-02   -3.20000E-02    26.4719    94.0540    1.00000    3.57102E-02
   7   -2.69231E-02   -3.00000E-02    26.4719    94.0540    1.00000    3.57102E-02
   7   -2.69231E-02   -2.80000E-02    26.4719    94.0540    1.00000    3.57102E-02
   7   -2.69231E-02   -2.60000E-02    26.4719    94.0540    1.00000    3.57102E-02
   7   -2.69231E-02   -2.40000E-02    26.4719    94.0540    1.00000    3.57102E-02
   7   -2.69231E-02   -2.20000E-02    26.4719    94.0540    1.00000    3.57102E-02
   7   -2.69231E-02   -2.00000E-02    26.4719    94.0540    1.00000    3.57102E-02
   7   -2.69231E-02   -1.80000E-02    26.4719    94.0540    1.00000    3.57102E-02
   7   -2.69231E-02   -1.60000E-02    26.4719    94.0540    1.00000    3.57102E-02
   7   -2.69231E-02   -1.40000E-02    26.4719    94.0540    1.00000    3.57102E-02
   7   -2.69231E-02   -1.20000E-02    26.4719    94.0540    1.00000    3.57102E-02
   7   -2.69231E-02   -1.00000E-02    26.4719    94.0540    1.00000    3.57102E-02
   7   -2.69231E-02   -8.00000E-03    26.4719    94.0540    1.00000    3.57102E-02
   7   -2.69231E-02   -6.00000E-03    26.4719    94.0540    1.00000    3.57102E-02
   7   -2.69231E-02   -4.00000E-03    26.4719    94.0540    1.00000    3.57102E-02
   7   -2.69231E-02   -2.00000E-03    26.4719    94.0540    1.00000    3.57102E-02
   7   -2.69231E-02  0.    26.4719    94.0540    1.00000    3.57102E-02
   7   -2.69231E-02    2.00000E-03    26.4719    94.0540    1.00000    3.57102E-02
   7   -2.69231E-02    4.00000E-03    26.4719    94.0540    1.00000    3.57102E-02
   7   -2.69231E-02    6.00000E-03    26.4719    94.0540    1.00000    3.57102E-02
   7   -2.69231E-02    8.00000E-03    26.4719    94.0540    1.00000    3.57102E-02
   7   -2.69231E-02    1.00000E-02    26.4719    94.0540    1.00000    3.57102E-02
   7   -2.69231E-02    1.20000E-02    26.4719    94.0540    1.00000    3.57102E-02
   7   -2.69231E-02    1.40000E-02    26.4719    94.0540    1.00000    3.57102E-02
   7   -2.69231E-02    1.60000E-02    26.4719    94.0540    1.00000    3.57102E-02
   7   -2.69231E-02    1.80000E-02    26.4719    94.0540    1.00000    3.57102E-02
   7   -2.69231E-02    2.00000E-02    26.4719    94.0540    1.00000    3.57102E-02
   7   -2.69231E-02    2.20000E-02    26.4719    94.0540    1.00000    3.57102E-02
   7   -2.69231E-02    2.40000E-02    26.4719    94.0540    1.00000    3.57102E-02
   7   -2.69231E-02    2.60000E-02    26.2331    92.1790    1.00000    3.42796E-02
   7   -2.69231E-02    2.80000E-02    25.7714    88.5101    1.00000    3.15360E-02
   7   -2.69231E-02    3.00000E-02    25.5482    86.7141    1.00000    3.02218E-02
   7   -2.69231E-02    3.20000E-02    25.3299    84.9426    1.00000    2.89450E-02
   7   -2.69231E-02    3.40000E-02    24.9074    81.4693    1.00000    2.65016E-02
   7   -2.69231E-02    3.60000E-02    24.7181    79.9769    1.00000    2.50529E-02
   7   -2.69231E-02    3.80000E-02    23.7582    71.7343    1.00000    1.97703E-02
   7   -2.69231E-02    4.00000E-02    22.5741    60.8922    1.00000    1.36988E-02
   7   -2.69231E-02    4.20000E-02    21.6995    52.2361    1.00000    9.44946E-03
   7   -2.69231E-02    4.40000E-02    20.7948    42.3435    1.00000    5.81507E-03
   7   -2.69231E-02    4.60000E-02    20.1290    34.1783    1.00000    3.45461E-03
   7   -2.69231E-02    4.80000E-02    19.4513    16.9865    1.00000    1.79860E-03
   7   -2.69231E-02    5.00000E-02    18.9255    11.0853    1.00000    6.15455E-04
   7   -2.30769E-02   -4.80000E-02   -26.6327  -10.50798    1.00000    3.10708E-06
   7   -2.30769E-02   -4.60000E-02   -61.3353   -8.02611    1.00000    8.91587E-06
   7   -2.30769E-02   -4.40000E-02    159.061  -10.26466    1.00000    1.33679E-05
   7   -2.30769E-02   -4.20000E-02    33.0884   -4.15583    1.00000    1.88129E-04
   7   -2.30769E-02   -4.00000E-02    20.1637   10.55106    1.00000    5.40928E-03
   7   -2.30769E-02   -3.80000E-02    19.8201    13.2761    1.00000    1.00183E-02
   7   -2.30769E-02   -3.60000E-02    19.8201    13.2761    1.00000    1.00183E-02
   7   -2.30769E-02   -3.40000E-02    19.8201    13.2761    1.00000    1.00183E-02
   7   -2.30769E-02   -3.20000E-02    19.8201    13.2761    1.00000    1.00183E-02
   7   -2.30769E-02   -3.00000E-02    19.8201    13.2761    1.00000    1.00183E-02
   7   -2.30769E-02   -2.80000E-02    19.8201    13.2761    1.00000    1.00183E-02
   7   -2.30769E-02   -2.60000E-02    19.8201    13.2761    1.00000    1.00183E-02
   7   -2.30769E-02   -2.40000E-02    19.8201    13.2761    1.00000    1.00183E-02
   7   -2.30769E-02   -2.20000E-02    19.8201    13.2761    1.00000    1.00183E-02
   7   -2.30769E-02   -2.00000E-02    19.8201    13.2761    1.00000    1.00183E-02
   7   -2.30769E-02   -1.80000E-02    19.8201    13.2761    1.00000    1.00183E-02
   7   -2.30769E-02   -1.60000E-02    19.8201    13.2761    1.00000    1.00183E-02
   7   -2.30769E-02   -1.40000E-02    19.8201    13.2761    1.00000    1.00183E-02
   7   -2.30769E-02   -1.20000E-02    19.8201    13.2761    1.00000    1.00183E-02
   7   -2.30769E-02   -1.00000E-02    19.8201    13.2761    1.00000    1.00183E-02
   7   -2.30769E-02   -8.00000E-03    19.8201    13.2761    1.00000    1.00183E-02
   7   -2.30769E-02   -6.00000E-03    19.8201    13.2761    1.00000    1.00183E-02
   7   -2.30769E-02   -4.00000E-03    19.8201    13.2761    1.00000    1.00183E-02
   7   -2.30769E-02   -2.00000E-03    19.8201    13.2761    1.00000    1.00183E-02
   7   -2.30769E-02  0.    19.8201    13.2761    1.00000    1.00183E-02
   7   -2.30769E-02    2.00000E-03    19.8201    13.2761    1.00000    1.00183E-02
   7   -2.30769E-02    4.00000E-03    19.8201    13.2761    1.00000    1.00183E-02
   7   -2.30769E-02    6.00000E-03    19.8201    13.2761    1.00000    1.00183E-02
   7   -2.30769E-02    8.00000E-03    19.8201    13.2761    1.00000    1.00183E-02
   7   -2.30769E-02    1.00000E-02    19.8201    13.2761    1.00000    1.00183E-02
   7   -2.30769E-02    1.20000E-02    19.8201    13.2761    1.00000    1.00183E-02
   7   -2.30769E-02    1.40000E-02    19.8201    13.2761    1.00000    1.00183E-02
   7   -2.30769E-02    1.60000E-02    19.8201    13.2761    1.00000    1.00183E-02
   7   -2.30769E-02    1.80000E-02    19.8201    13.2761    1.00000    1.00183E-02
   7   -2.30769E-02    2.00000E-02    19.8201    13.2761    1.00000    1.00183E-02
   7   -2.30769E-02    2.20000E-02    19.8201    13.2761    1.00000    1.00183E-02
   7   -2.30769E-02    2.40000E-02    19.8201    13.2761    1.00000    1.00183E-02
   7   -2.30769E-02    2.60000E-02    19.7402    12.7742    1.00000    9.15683E-03
   7   -2.30769E-02    2.80000E-02    19.6614    12.2701    1.00000    8.33927E-03
   7   -2.30769E-02    3.00000E-02    19.5070    11.2545    1.00000    6.83269E-03
   7   -2.30769E-02    3.20000E-02    19.4314    10.7429    1.00000    6.14225E-03
   7   -2.30769E-02    3.40000E-02    19.2832    9.71123    1.00000    4.88341E-03
   7   -2.30769E-02    3.60000E-02    19.2208    9.09156    1.00000    4.19815E-03
   7   -2.30769E-02    3.80000E-02    18.8733    6.43627    1.00000    1.95712E-03
   7   -2.30769E-02    4.00000E-02    18.4890    3.12359    1.00000    4.20285E-04
   7   -2.30769E-02    4.20000E-02    18.1922  0.    1.00000    2.00000
   7   -2.30769E-02    4.40000E-02    18.1821  0.    1.00000    2.00000
   7   -2.30769E-02    4.60000E-02    18.1922  0.    1.00000    2.00000
   7   -2.30769E-02    4.80000E-02    18.1930  -0.156480    1.00000    3.17155E-07
   7   -2.30769E-02    5.00000E-02    18.2157  -0.173028    1.00000    2.60530E-07
   7   -1.92308E-02   -4.80000E-02   -28.2891   -8.16458    1.00000    2.79916E-06
   7   -1.92308E-02   -4.60000E-02   -69.5594   -5.79033    1.00000    4.36534E-06
   7   -1.92308E-02   -4.40000E-02    125.315   -7.90624    1.00000    1.39849E-05
   7   -1.92308E-02   -4.20000E-02    31.0365   -6.20890    1.00000    5.38609E-04
   7   -1.92308E-02   -4.00000E-02    18.3363   -1.22041    1.00000    1.49063E-04
   7   -1.92308E-02   -3.80000E-02    18.1922  0.    1.00000    2.00000
   7   -1.92308E-02   -3.60000E-02    18.1922  0.    1.00000    2.00000
   7   -1.92308E-02   -3.40000E-02    18.1922  0.    1.00000    2.00000
   7   -1.92308E-02   -3.20000E-02    18.1922  0.    1.00000    2.00000
   7   -1.92308E-02   -3.00000E-02    18.1922  0.    1.00000    2.00000
   7   -1.92308E-02   -2.80000E-02    18.1922  0.    1.00000    2.00000
   7   -1.92308E-02   -2.60000E-02    18.1922  0.    1.00000    2.00000
   7   -1.92308E-02   -2.40000E-02    18.1922  0.    1.00000    2.00000
   7   -1.92308E-02   -2.20000E-02    18.1922  0.    1.00000    2.00000
   7   -1.92308E-02   -2.00000E-02    18.1922  0.    1.00000    2.00000
   7   -1.92308E-02   -1.80000E-02    18.1922  0.    1.00000    2.00000
   7   -1.92308E-02   -1.60000E-02    18.1922  0.    1.00000    2.00000
   7   -1.92308E-02   -1.40000E-02    18.1922  0.    1.00000    2.00000
   7   -1.92308E-02   -1.20000E-02    18.1922  0.    1.00000    2.00000
   7   -1.92308E-02   -1.00000E-02    18.1922  0.    1.00000    2.00000
   7   -1.92308E-02   -8.00000E-03    18.1922  0.    1.00000    2.00000
   7   -1.92308E-02   -6.00000E-03    18.1922  0.    1.00000    2.00000
   7   -1.92308E-02   -4.00000E-03    18.1922  0.    1.00000    2.00000
   7   -1.92308E-02   -2.00000E-03    18.1922  0.    1.00000    2.00000
   7   -1.92308E-02  0.    18.1922  0.    1.00000    2.00000
   7   -1.92308E-02    2.00000E-03    18.1922  0.    1.00000    2.00000
   7   -1.92308E-02    4.00000E-03    18.1922  0.    1.00000    2.00000
   7   -1.92308E-02    6.00000E-03    18.1922  0.    1.00000    2.00000
   7   -1.92308E-02    8.00000E-03    18.1922  0.    1.00000    2.00000
   7   -1.92308E-02    1.00000E-02    18.1922  0.    1.00000    2.00000
   7   -1.92308E-02    1.20000E-02    18.1922  0.    1.00000    2.00000
   7   -1.92308E-02    1.40000E-02    18.1922  0.    1.00000    2.00000
   7   -1.92308E-02    1.60000E-02    18.1922  0.    1.00000    2.00000
   7   -1.92308E-02    1.80000E-02    18.1922  0.    1.00000    2.00000
   7   -1.92308E-02    2.00000E-02    18.1922  0.    1.00000    2.00000
   7   -1.92308E-02    2.20000E-02    18.1922  0.    1.00000    2.00000
   7   -1.92308E-02    2.40000E-02    18.1922  0.    1.00000    2.00000
   7   -1.92308E-02    2.60000E-02    18.1905  0.    1.00000    2.00000
   7   -1.92308E-02    2.80000E-02    18.1889  0.    1.00000    2.00000
   7   -1.92308E-02    3.00000E-02    18.1855  0.    1.00000    2.00000
   7   -1.92308E-02    3.20000E-02    18.1839  0.    1.00000    2.00000
   7   -1.92308E-02    3.40000E-02    18.1805  0.    1.00000    2.00000
   7   -1.92308E-02    3.60000E-02    18.2006  0.    1.00000    2.00000
   7   -1.92308E-02    3.80000E-02    18.1939  0.    1.00000    2.00000
   7   -1.92308E-02    4.00000E-02    18.1822  0.    1.00000    2.00000
   7   -1.92308E-02    4.20000E-02    18.1922  0.    1.00000    2.00000
   7   -1.92308E-02    4.40000E-02    18.1821  0.    1.00000    2.00000
   7   -1.92308E-02    4.60000E-02    18.1938  0.    1.00000    2.00000
   7   -1.92308E-02    4.80000E-02    18.1930  -0.156480    1.00000    3.17155E-07
   7   -1.92308E-02    5.00000E-02    18.2157  -0.173028    1.00000    2.60530E-07
   7   -1.53846E-02   -4.80000E-02   -29.7761   -6.37730    1.00000    2.10821E-06
   7   -1.53846E-02   -4.60000E-02   -77.6420   -4.20553    1.00000    2.03611E-06
   7   -1.53846E-02   -4.40000E-02    106.714   -6.54455    1.00000    1.47983E-05
   7   -1.53846E-02   -4.20000E-02    29.9168   -4.75118    1.00000    3.61526E-04
   7   -1.53846E-02   -4.00000E-02    18.1922  0.    1.00000    2.00000
   7   -1.53846E-02   -3.80000E-02    18.1922  0.    1.00000    2.00000
   7   -1.53846E-02   -3.60000E-02    18.1922  0.    1.00000    2.00000
   7   -1.53846E-02   -3.40000E-02    18.1922  0.    1.00000    2.00000
   7   -1.53846E-02   -3.20000E-02    18.1922  0.    1.00000    2.00000
   7   -1.53846E-02   -3.00000E-02    18.1922  0.    1.00000    2.00000
   7   -1.53846E-02   -2.80000E-02    18.1922  0.    1.00000    2.00000
   7   -1.53846E-02   -2.60000E-02    18.1922  0.    1.00000    2.00000
   7   -1.53846E-02   -2.40000E-02    18.1922  0.    1.00000    2.00000
   7   -1.53846E-02   -2.20000E-02    18.1922  0.    1.00000    2.00000
   7   -1.53846E-02   -2.00000E-02    18.1922  0.    1.00000    2.00000
   7   -1.53846E-02   -1.80000E-02    18.1922  0.    1.00000    2.00000
   7   -1.53846E-02   -1.60000E-02    18.1922  0.    1.00000    2.00000
   7   -1.53846E-02   -1.40000E-02    18.1922  0.    1.00000    2.00000
   7   -1.53846E-02   -1.20000E-02    18.1922  0.    1.00000    2.00000
   7   -1.53846E-02   -1.00000E-02    18.1922  0.    1.00000    2.00000
   7   -1.53846E-02   -8.00000E-03    18.1922  0.    1.00000    2.00000
   7   -1.53846E-02   -6.00000E-03    18.1922  0.    1.00000    2.00000
   7   -1.53846E-02   -4.00000E-03    18.1922  0.    1.00000    2.00000
   7   -1.53846E-02   -2.00000E-03    18.1922  0.    1.00000    2.00000
   7   -1.53846E-02  0.    18.1922  0.    1.00000    2.00000
   7   -1.53846E-02    2.00000E-03    18.1922  0.    1.00000    2.00000
   7   -1.53846E-02    4.00000E-03    18.1922  0.    1.00000    2.00000
   7   -1.53846E-02    6.00000E-03    18.1922  0.    1.00000    2.00000
   7   -1.53846E-02    8.00000E-03    18.1922  0.    1.00000    2.00000
   7   -1.53846E-02    1.00000E-02    18.1922  0.    1.00000    2.00000
   7   -1.53846E-02    1.20000E-02    18.1922  0.    1.00000    2.00000
   7   -1.53846E-02    1.40000E-02    18.1922  0.    1.00000    2.00000
   7   -1.53846E-02    1.60000E-02    18.1922  0.    1.00000    2.00000
   7   -1.53846E-02    1.80000E-02    18.1922  0.    1.00000    2.00000
   7   -1.53846E-02    2.00000E-02    18.1922  0.    1.00000    2.00000
   7   -1.53846E-02    2.20000E-02    18.1922  0.    1.00000    2.00000
   7   -1.53846E-02    2.40000E-02    18.1922  0.    1.00000    2.00000
   7   -1.53846E-02    2.60000E-02    18.1905  0.    1.00000    2.00000
   7   -1.53846E-02    2.80000E-02    18.1889  0.    1.00000    2.00000
   7   -1.53846E-02    3.00000E-02    18.1855  0.    1.00000    2.00000
   7   -1.53846E-02    3.20000E-02    18.1839  0.    1.00000    2.00000
   7   -1.53846E-02    3.40000E-02    18.1822  0.    1.00000    2.00000
   7   -1.53846E-02    3.60000E-02    18.2006  0.    1.00000    2.00000
   7   -1.53846E-02    3.80000E-02    18.1939  0.    1.00000    2.00000
   7   -1.53846E-02    4.00000E-02    18.1822  0.    1.00000    2.00000
   7   -1.53846E-02    4.20000E-02    18.1939  0.    1.00000    2.00000
   7   -1.53846E-02    4.40000E-02    18.1821  0.    1.00000    2.00000
   7   -1.53846E-02    4.60000E-02    18.1938  0.    1.00000    2.00000
   7   -1.53846E-02    4.80000E-02    18.1930  -0.156480    1.00000    3.17155E-07
   7   -1.53846E-02    5.00000E-02    18.2157  -0.173028    1.00000    2.60530E-07
   7   -1.15385E-02   -5.00000E-02   -19.0553   -5.19880    1.00000    3.29558E-10
   7   -1.15385E-02   -4.80000E-02   -31.0039   -4.61600    1.00000    1.36226E-06
   7   -1.15385E-02   -4.60000E-02   -85.3317   -3.35905    1.00000    1.21550E-06
   7   -1.15385E-02   -4.40000E-02    95.8525   -4.12638    1.00000    7.84933E-06
   7   -1.15385E-02   -4.20000E-02    29.1275   -3.48464    1.00000    2.12572E-04
   7   -1.15385E-02   -4.00000E-02    18.1922  0.    1.00000    2.00000
   7   -1.15385E-02   -3.80000E-02    18.1922  0.    1.00000    2.00000
   7   -1.15385E-02   -3.60000E-02    18.1922  0.    1.00000    2.00000
   7   -1.15385E-02   -3.40000E-02    18.1922  0.    1.00000    2.00000
   7   -1.15385E-02   -3.20000E-02    18.1922  0.    1.00000    2.00000
   7   -1.15385E-02   -3.00000E-02    18.1922  0.    1.00000    2.00000
   7   -1.15385E-02   -2.80000E-02    18.1922  0.    1.00000    2.00000
   7   -1.15385E-02   -2.60000E-02    18.1922  0.    1.00000    2.00000
   7   -1.15385E-02   -2.40000E-02    18.1922  0.    1.00000    2.00000
   7   -1.15385E-02   -2.20000E-02    18.1922  0.    1.00000    2.00000
   7   -1.15385E-02   -2.00000E-02    18.1922  0.    1.00000    2.00000
   7   -1.15385E-02   -1.80000E-02    18.1922  0.    1.00000    2.00000
   7   -1.15385E-02   -1.60000E-02    18.1922  0.    1.00000    2.00000
   7   -1.15385E-02   -1.40000E-02    18.1922  0.    1.00000    2.00000
   7   -1.15385E-02   -1.20000E-02    18.1922  0.    1.00000    2.00000
   7   -1.15385E-02   -1.00000E-02    18.1922  0.    1.00000    2.00000
   7   -1.15385E-02   -8.00000E-03    18.1922  0.    1.00000    2.00000
   7   -1.15385E-02   -6.00000E-03    18.1922  0.    1.00000    2.00000
   7   -1.15385E-02   -4.00000E-03    18.1922  0.    1.00000    2.00000
   7   -1.15385E-02   -2.00000E-03    18.1922  0.    1.00000    2.00000
   7   -1.15385E-02  0.    18.1922  0.    1.00000    2.00000
   7   -1.15385E-02    2.00000E-03    18.1922  0.    1.00000    2.00000
   7   -1.15385E-02    4.00000E-03    18.1922  0.    1.00000    2.00000
   7   -1.15385E-02    6.00000E-03    18.1922  0.    1.00000    2.00000
   7   -1.15385E-02    8.00000E-03    18.1922  0.    1.00000    2.00000
   7   -1.15385E-02    1.00000E-02    18.1922  0.    1.00000    2.00000
   7   -1.15385E-02    1.20000E-02    18.1922  0.    1.00000    2.00000
   7   -1.15385E-02    1.40000E-02    18.1922  0.    1.00000    2.00000
   7   -1.15385E-02    1.60000E-02    18.1922  0.    1.00000    2.00000
   7   -1.15385E-02    1.80000E-02    18.1922  0.    1.00000    2.00000
   7   -1.15385E-02    2.00000E-02    18.1922  0.    1.00000    2.00000
   7   -1.15385E-02    2.20000E-02    18.1922  0.    1.00000    2.00000
   7   -1.15385E-02    2.40000E-02    18.1922  0.    1.00000    2.00000
   7   -1.15385E-02    2.60000E-02    18.1905  0.    1.00000    2.00000
   7   -1.15385E-02    2.80000E-02    18.1889  0.    1.00000    2.00000
   7   -1.15385E-02    3.00000E-02    18.1855  0.    1.00000    2.00000
   7   -1.15385E-02    3.20000E-02    18.1839  0.    1.00000    2.00000
   7   -1.15385E-02    3.40000E-02    18.1822  0.    1.00000    2.00000
   7   -1.15385E-02    3.60000E-02    18.2006  0.    1.00000    2.00000
   7   -1.15385E-02    3.80000E-02    18.1939  0.    1.00000    2.00000
   7   -1.15385E-02    4.00000E-02    18.1822  0.    1.00000    2.00000
   7   -1.15385E-02    4.20000E-02    18.1939  0.    1.00000    2.00000
   7   -1.15385E-02    4.40000E-02    18.1821  0.    1.00000    2.00000
   7   -1.15385E-02    4.60000E-02    18.1938  0.    1.00000    2.00000
   7   -1.15385E-02    4.80000E-02    18.2040  -0.156736    1.00000    3.17808E-07
   7   -1.15385E-02    5.00000E-02    18.2268  -0.173330    1.00000    2.61122E-07
   7   -7.69231E-03   -5.00000E-02   -19.4738   -3.29399    1.00000    7.71766E-10
   7   -7.69231E-03   -4.80000E-02   -31.8928   -3.05837    1.00000    6.48559E-07
   7   -7.69231E-03   -4.60000E-02   -91.8374   -2.37336    1.00000    5.58742E-07
   7   -7.69231E-03   -4.40000E-02    89.3074   -3.05090    1.00000    5.09501E-06
   7   -7.69231E-03   -4.20000E-02    28.5950   -2.33385    1.00000    9.98054E-05
   7   -7.69231E-03   -4.00000E-02    18.1922  0.    1.00000    2.00000
   7   -7.69231E-03   -3.80000E-02    18.1922  0.    1.00000    2.00000
   7   -7.69231E-03   -3.60000E-02    18.1922  0.    1.00000    2.00000
   7   -7.69231E-03   -3.40000E-02    18.1922  0.    1.00000    2.00000
   7   -7.69231E-03   -3.20000E-02    18.1922  0.    1.00000    2.00000
   7   -7.69231E-03   -3.00000E-02    18.1922  0.    1.00000    2.00000
   7   -7.69231E-03   -2.80000E-02    18.1922  0.    1.00000    2.00000
   7   -7.69231E-03   -2.60000E-02    18.1922  0.    1.00000    2.00000
   7   -7.69231E-03   -2.40000E-02    18.1922  0.    1.00000    2.00000
   7   -7.69231E-03   -2.20000E-02    18.1922  0.    1.00000    2.00000
   7   -7.69231E-03   -2.00000E-02    18.1922  0.    1.00000    2.00000
   7   -7.69231E-03   -1.80000E-02    18.1922  0.    1.00000    2.00000
   7   -7.69231E-03   -1.60000E-02    18.1922  0.    1.00000    2.00000
   7   -7.69231E-03   -1.40000E-02    18.1922  0.    1.00000    2.00000
   7   -7.69231E-03   -1.20000E-02    18.1922  0.    1.00000    2.00000
   7   -7.69231E-03   -1.00000E-02    18.1922  0.    1.00000    2.00000
   7   -7.69231E-03   -8.00000E-03    18.1922  0.    1.00000    2.00000
   7   -7.69231E-03   -6.00000E-03    18.1922  0.    1.00000    2.00000
   7   -7.69231E-03   -4.00000E-03    18.1922  0.    1.00000    2.00000
   7   -7.69231E-03   -2.00000E-03    18.1922  0.    1.00000    2.00000
   7   -7.69231E-03  0.    18.1922  0.    1.00000    2.00000
   7   -7.69231E-03    2.00000E-03    18.1922  0.    1.00000    2.00000
   7   -7.69231E-03    4.00000E-03    18.1922  0.    1.00000    2.00000
   7   -7.69231E-03    6.00000E-03    18.1922  0.    1.00000    2.00000
   7   -7.69231E-03    8.00000E-03    18.1922  0.    1.00000    2.00000
   7   -7.69231E-03    1.00000E-02    18.1922  0.    1.00000    2.00000
   7   -7.69231E-03    1.20000E-02    18.1922  0.    1.00000    2.00000
   7   -7.69231E-03    1.40000E-02    18.1922  0.    1.00000    2.00000
   7   -7.69231E-03    1.60000E-02    18.1922  0.    1.00000    2.00000
   7   -7.69231E-03    1.80000E-02    18.1922  0.    1.00000    2.00000
   7   -7.69231E-03    2.00000E-02    18.1922  0.    1.00000    2.00000
   7   -7.69231E-03    2.20000E-02    18.1922  0.    1.00000    2.00000
   7   -7.69231E-03    2.40000E-02    18.1922  0.    1.00000    2.00000
   7   -7.69231E-03    2.60000E-02    18.1905  0.    1.00000    2.00000
   7   -7.69231E-03    2.80000E-02    18.1889  0.    1.00000    2.00000
   7   -7.69231E-03    3.00000E-02    18.1872  0.    1.00000    2.00000
   7   -7.69231E-03    3.20000E-02    18.1839  0.    1.00000    2.00000
   7   -7.69231E-03    3.40000E-02    18.1822  0.    1.00000    2.00000
   7   -7.69231E-03    3.60000E-02    18.2006  0.    1.00000    2.00000
   7   -7.69231E-03    3.80000E-02    18.1939  0.    1.00000    2.00000
   7   -7.69231E-03    4.00000E-02    18.1822  0.    1.00000    2.00000
   7   -7.69231E-03    4.20000E-02    18.1939  0.    1.00000    2.00000
   7   -7.69231E-03    4.40000E-02    18.1821  0.    1.00000    2.00000
   7   -7.69231E-03    4.60000E-02    18.1938  0.    1.00000    2.00000
   7   -7.69231E-03    4.80000E-02    18.2057  -0.154400    1.00000    3.27496E-07
   7   -7.69231E-03    5.00000E-02    18.2268  -0.173330    1.00000    2.61122E-07
   7   -3.84615E-03   -5.00000E-02   -19.7292   -3.03534    1.00000    1.00888E-09
   7   -3.84615E-03   -4.80000E-02   -32.4463  -0.775788    1.00000    4.09992E-08
   7   -3.84615E-03   -4.60000E-02   -96.2133  0.    1.00000    2.00000
   7   -3.84615E-03   -4.40000E-02    86.2527   -1.45564    1.00000    1.30463E-06
   7   -3.84615E-03   -4.20000E-02    28.2981   -1.23364    1.00000    2.94964E-05
   7   -3.84615E-03   -4.00000E-02    18.1922  0.    1.00000    2.00000
   7   -3.84615E-03   -3.80000E-02    18.1922  0.    1.00000    2.00000
   7   -3.84615E-03   -3.60000E-02    18.1922  0.    1.00000    2.00000
   7   -3.84615E-03   -3.40000E-02    18.1922  0.    1.00000    2.00000
   7   -3.84615E-03   -3.20000E-02    18.1922  0.    1.00000    2.00000
   7   -3.84615E-03   -3.00000E-02    18.1922  0.    1.00000    2.00000
   7   -3.84615E-03   -2.80000E-02    18.1922  0.    1.00000    2.00000
   7   -3.84615E-03   -2.60000E-02    18.1922  0.    1.00000    2.00000
   7   -3.84615E-03   -2.40000E-02    18.1922  0.    1.00000    2.00000
   7   -3.84615E-03   -2.20000E-02    18.1922  0.    1.00000    2.00000
   7   -3.84615E-03   -2.00000E-02    18.1922  0.    1.00000    2.00000
   7   -3.84615E-03   -1.80000E-02    18.1922  0.    1.00000    2.00000
   7   -3.84615E-03   -1.60000E-02    18.1922  0.    1.00000    2.00000
   7   -3.84615E-03   -1.40000E-02    18.1922  0.    1.00000    2.00000
   7   -3.84615E-03   -1.20000E-02    18.1922  0.    1.00000    2.00000
   7   -3.84615E-03   -1.00000E-02    18.1922  0.    1.00000    2.00000
   7   -3.84615E-03   -8.00000E-03    18.1922  0.    1.00000    2.00000
   7   -3.84615E-03   -6.00000E-03    18.1922  0.    1.00000    2.00000
   7   -3.84615E-03   -4.00000E-03    18.1922  0.    1.00000    2.00000
   7   -3.84615E-03   -2.00000E-03    18.1922  0.    1.00000    2.00000
   7   -3.84615E-03  0.    18.1922  0.    1.00000    2.00000
   7   -3.84615E-03    2.00000E-03    18.1922  0.    1.00000    2.00000
   7   -3.84615E-03    4.00000E-03    18.1922  0.    1.00000    2.00000
   7   -3.84615E-03    6.00000E-03    18.1922  0.    1.00000    2.00000
   7   -3.84615E-03    8.00000E-03    18.1922  0.    1.00000    2.00000
   7   -3.84615E-03    1.00000E-02    18.1922  0.    1.00000    2.00000
   7   -3.84615E-03    1.20000E-02    18.1922  0.    1.00000    2.00000
   7   -3.84615E-03    1.40000E-02    18.1922  0.    1.00000    2.00000
   7   -3.84615E-03    1.60000E-02    18.1922  0.    1.00000    2.00000
   7   -3.84615E-03    1.80000E-02    18.1922  0.    1.00000    2.00000
   7   -3.84615E-03    2.00000E-02    18.1922  0.    1.00000    2.00000
   7   -3.84615E-03    2.20000E-02    18.1922  0.    1.00000    2.00000
   7   -3.84615E-03    2.40000E-02    18.1922  0.    1.00000    2.00000
   7   -3.84615E-03    2.60000E-02    18.1905  0.    1.00000    2.00000
   7   -3.84615E-03    2.80000E-02    18.1889  0.    1.00000    2.00000
   7   -3.84615E-03    3.00000E-02    18.1872  0.    1.00000    2.00000
   7   -3.84615E-03    3.20000E-02    18.1839  0.    1.00000    2.00000
   7   -3.84615E-03    3.40000E-02    18.1822  0.    1.00000    2.00000
   7   -3.84615E-03    3.60000E-02    18.2006  0.    1.00000    2.00000
   7   -3.84615E-03    3.80000E-02    18.1939  0.    1.00000    2.00000
   7   -3.84615E-03    4.00000E-02    18.1838  0.    1.00000    2.00000
   7   -3.84615E-03    4.20000E-02    18.1939  0.    1.00000    2.00000
   7   -3.84615E-03    4.40000E-02    18.1821  0.    1.00000    2.00000
   7   -3.84615E-03    4.60000E-02    18.1938  0.    1.00000    2.00000
   7   -3.84615E-03    4.80000E-02    18.1948  0.    1.00000    2.00000
   7   -3.84615E-03    5.00000E-02    18.2377  0.    1.00000    2.00000
   7  0.   -5.00000E-02   -19.8198  0.    1.00000    2.00000
   7  0.   -4.80000E-02   -32.6212  0.    1.00000    2.00000
   7  0.   -4.60000E-02   -98.0816  0.    1.00000    2.00000
   7  0.   -4.40000E-02    84.8032  0.    1.00000    2.00000
   7  0.   -4.20000E-02    28.1650  0.    1.00000    2.00000
   7  0.   -4.00000E-02    18.1922  0.    1.00000    2.00000
   7  0.   -3.80000E-02    18.1922  0.    1.00000    2.00000
   7  0.   -3.60000E-02    18.1922  0.    1.00000    2.00000
   7  0.   -3.40000E-02    18.1922  0.    1.00000    2.00000
   7  0.   -3.20000E-02    18.1922  0.    1.00000    2.00000
   7  0.   -3.00000E-02    18.1922  0.    1.00000    2.00000
   7  0.   -2.80000E-02    18.1922  0.    1.00000    2.00000
   7  0.   -2.60000E-02    18.1922  0.    1.00000    2.00000
   7  0.   -2.40000E-02    18.1922  0.    1.00000    2.00000
   7  0.   -2.20000E-02    18.1922  0.    1.00000    2.00000
   7  0.   -2.00000E-02    18.1922  0.    1.00000    2.00000
   7  0.   -1.80000E-02    18.1922  0.    1.00000    2.00000
   7  0.   -1.60000E-02    18.1922  0.    1.00000    2.00000
   7  0.   -1.40000E-02    18.1922  0.    1.00000    2.00000
   7  0.   -1.20000E-02    18.1922  0.    1.00000    2.00000
   7  0.   -1.00000E-02    18.1922  0.    1.00000    2.00000
   7  0.   -8.00000E-03    18.1922  0.    1.00000    2.00000
   7  0.   -6.00000E-03    18.1922  0.    1.00000    2.00000
   7  0.   -4.00000E-03    18.1922  0.    1.00000    2.00000
   7  0.   -2.00000E-03    18.1922  0.    1.00000    2.00000
   7  0.  0.    18.1922  0.    1.00000    2.00000
   7  0.    2.00000E-03    18.1922  0.    1.00000    2.00000
   7  0.    4.00000E-03    18.1922  0.    1.00000    2.00000
   7  0.    6.00000E-03    18.1922  0.    1.00000    2.00000
   7  0.    8.00000E-03    18.1922  0.    1.00000    2.00000
   7  0.    1.00000E-02    18.1922  0.    1.00000    2.00000
   7  0.    1.20000E-02    18.1922  0.    1.00000    2.00000
   7  0.    1.40000E-02    18.1922  0.    1.00000    2.00000
   7  0.    1.60000E-02    18.1922  0.    1.00000    2.00000
   7  0.    1.80000E-02    18.1922  0.    1.00000    2.00000
   7  0.    2.00000E-02    18.1922  0.    1.00000    2.00000
   7  0.    2.20000E-02    18.1922  0.    1.00000    2.00000
   7  0.    2.40000E-02    18.1922  0.    1.00000    2.00000
   7  0.    2.60000E-02    18.1905  0.    1.00000    2.00000
   7  0.    2.80000E-02    18.1889  0.    1.00000    2.00000
   7  0.    3.00000E-02    18.1872  0.    1.00000    2.00000
   7  0.    3.20000E-02    18.1839  0.    1.00000    2.00000
   7  0.    3.40000E-02    18.1822  0.    1.00000    2.00000
   7  0.    3.60000E-02    18.2006  0.    1.00000    2.00000
   7  0.    3.80000E-02    18.1939  0.    1.00000    2.00000
   7  0.    4.00000E-02    18.1838  0.    1.00000    2.00000
   7  0.    4.20000E-02    18.1939  0.    1.00000    2.00000
   7  0.    4.40000E-02    18.1821  0.    1.00000    2.00000
   7  0.    4.60000E-02    18.1938  0.    1.00000    2.00000
   7  0.    4.80000E-02    18.1948  0.    1.00000    2.00000
   7  0.    5.00000E-02    18.2377  0.    1.00000    2.00000
   7    3.84615E-03   -5.00000E-02   -19.7292    3.03540    1.00000    1.00891E-09
   7    3.84615E-03   -4.80000E-02   -32.4463   0.775778    1.00000    4.09982E-08
   7    3.84615E-03   -4.60000E-02   -96.2133  0.    1.00000    2.00000
   7    3.84615E-03   -4.40000E-02    86.2527    1.45564    1.00000    1.30463E-06
   7    3.84615E-03   -4.20000E-02    28.2981    1.23364    1.00000    2.94964E-05
   7    3.84615E-03   -4.00000E-02    18.1922  0.    1.00000    2.00000
   7    3.84615E-03   -3.80000E-02    18.1922  0.    1.00000    2.00000
   7    3.84615E-03   -3.60000E-02    18.1922  0.    1.00000    2.00000
   7    3.84615E-03   -3.40000E-02    18.1922  0.    1.00000    2.00000
   7    3.84615E-03   -3.20000E-02    18.1922  0.    1.00000    2.00000
   7    3.84615E-03   -3.00000E-02    18.1922  0.    1.00000    2.00000
   7    3.84615E-03   -2.80000E-02    18.1922  0.    1.00000    2.00000
   7    3.84615E-03   -2.60000E-02    18.1922  0.    1.00000    2.00000
   7    3.84615E-03   -2.40000E-02    18.1922  0.    1.00000    2.00000
   7    3.84615E-03   -2.20000E-02    18.1922  0.    1.00000    2.00000
   7    3.84615E-03   -2.00000E-02    18.1922  0.    1.00000    2.00000
   7    3.84615E-03   -1.80000E-02    18.1922  0.    1.00000    2.00000
   7    3.84615E-03   -1.60000E-02    18.1922  0.    1.00000    2.00000
   7    3.84615E-03   -1.40000E-02    18.1922  0.    1.00000    2.00000
   7    3.84615E-03   -1.20000E-02    18.1922  0.    1.00000    2.00000
   7    3.84615E-03   -1.00000E-02    18.1922  0.    1.00000    2.00000
   7    3.84615E-03   -8.00000E-03    18.1922  0.    1.00000    2.00000
   7    3.84615E-03   -6.00000E-03    18.1922  0.    1.00000    2.00000
   7    3.84615E-03   -4.00000E-03    18.1922  0.    1.00000    2.00000
   7    3.84615E-03   -2.00000E-03    18.1922  0.    1.00000    2.00000
   7    3.84615E-03  0.    18.1922  0.    1.00000    2.00000
   7    3.84615E-03    2.00000E-03    18.1922  0.    1.00000    2.00000
   7    3.84615E-03    4.00000E-03    18.1922  0.    1.00000    2.00000
   7    3.84615E-03    6.00000E-03    18.1922  0.    1.00000    2.00000
   7    3.84615E-03    8.00000E-03    18.1922  0.    1.00000    2.00000
   7    3.84615E-03    1.00000E-02    18.1922  0.    1.00000    2.00000
   7    3.84615E-03    1.20000E-02    18.1922  0.    1.00000    2.00000
   7    3.84615E-03    1.40000E-02    18.1922  0.    1.00000    2.00000
   7    3.84615E-03    1.60000E-02    18.1922  0.    1.00000    2.00000
   7    3.84615E-03    1.80000E-02    18.1922  0.    1.00000    2.00000
   7    3.84615E-03    2.00000E-02    18.1922  0.    1.00000    2.00000
   7    3.84615E-03    2.20000E-02    18.1922  0.    1.00000    2.00000
   7    3.84615E-03    2.40000E-02    18.1922  0.    1.00000    2.00000
   7    3.84615E-03    2.60000E-02    18.1905  0.    1.00000    2.00000
   7    3.84615E-03    2.80000E-02    18.1889  0.    1.00000    2.00000
   7    3.84615E-03    3.00000E-02    18.1872  0.    1.00000    2.00000
   7    3.84615E-03    3.20000E-02    18.1839  0.    1.00000    2.00000
   7    3.84615E-03    3.40000E-02    18.1822  0.    1.00000    2.00000
   7    3.84615E-03    3.60000E-02    18.2006  0.    1.00000    2.00000
   7    3.84615E-03    3.80000E-02    18.1939  0.    1.00000    2.00000
   7    3.84615E-03    4.00000E-02    18.1838  0.    1.00000    2.00000
   7    3.84615E-03    4.20000E-02    18.1939  0.    1.00000    2.00000
   7    3.84615E-03    4.40000E-02    18.1821  0.    1.00000    2.00000
   7    3.84615E-03    4.60000E-02    18.1938  0.    1.00000    2.00000
   7    3.84615E-03    4.80000E-02    18.1948  0.    1.00000    2.00000
   7    3.84615E-03    5.00000E-02    18.2377  0.    1.00000    2.00000
   7    7.69231E-03   -5.00000E-02   -19.4738    3.29413    1.00000    7.71833E-10
   7    7.69231E-03   -4.80000E-02   -31.8928    3.05838    1.00000    6.48560E-07
   7    7.69231E-03   -4.60000E-02   -91.8374    2.37335    1.00000    5.58735E-07
   7    7.69231E-03   -4.40000E-02    89.3074    3.05087    1.00000    5.09494E-06
   7    7.69231E-03   -4.20000E-02    28.5950    2.33385    1.00000    9.98050E-05
   7    7.69231E-03   -4.00000E-02    18.1922  0.    1.00000    2.00000
   7    7.69231E-03   -3.80000E-02    18.1922  0.    1.00000    2.00000
   7    7.69231E-03   -3.60000E-02    18.1922  0.    1.00000    2.00000
   7    7.69231E-03   -3.40000E-02    18.1922  0.    1.00000    2.00000
   7    7.69231E-03   -3.20000E-02    18.1922  0.    1.00000    2.00000
   7    7.69231E-03   -3.00000E-02    18.1922  0.    1.00000    2.00000
   7    7.69231E-03   -2.80000E-02    18.1922  0.    1.00000    2.00000
   7    7.69231E-03   -2.60000E-02    18.1922  0.    1.00000    2.00000
   7    7.69231E-03   -2.40000E-02    18.1922  0.    1.00000    2.00000
   7    7.69231E-03   -2.20000E-02    18.1922  0.    1.00000    2.00000
   7    7.69231E-03   -2.00000E-02    18.1922  0.    1.00000    2.00000
   7    7.69231E-03   -1.80000E-02    18.1922  0.    1.00000    2.00000
   7    7.69231E-03   -1.60000E-02    18.1922  0.    1.00000    2.00000
   7    7.69231E-03   -1.40000E-02    18.1922  0.    1.00000    2.00000
   7    7.69231E-03   -1.20000E-02    18.1922  0.    1.00000    2.00000
   7    7.69231E-03   -1.00000E-02    18.1922  0.    1.00000    2.00000
   7    7.69231E-03   -8.00000E-03    18.1922  0.    1.00000    2.00000
   7    7.69231E-03   -6.00000E-03    18.1922  0.    1.00000    2.00000
   7    7.69231E-03   -4.00000E-03    18.1922  0.    1.00000    2.00000
   7    7.69231E-03   -2.00000E-03    18.1922  0.    1.00000    2.00000
   7    7.69231E-03  0.    18.1922  0.    1.00000    2.00000
   7    7.69231E-03    2.00000E-03    18.1922  0.    1.00000    2.00000
   7    7.69231E-03    4.00000E-03    18.1922  0.    1.00000    2.00000
   7    7.69231E-03    6.00000E-03    18.1922  0.    1.00000    2.00000
   7    7.69231E-03    8.00000E-03    18.1922  0.    1.00000    2.00000
   7    7.69231E-03    1.00000E-02    18.1922  0.    1.00000    2.00000
   7    7.69231E-03    1.20000E-02    18.1922  0.    1.00000    2.00000
   7    7.69231E-03    1.40000E-02    18.1922  0.    1.00000    2.00000
   7    7.69231E-03    1.60000E-02    18.1922  0.    1.00000    2.00000
   7    7.69231E-03    1.80000E-02    18.1922  0.    1.00000    2.00000
   7    7.69231E-03    2.00000E-02    18.1922  0.    1.00000    2.00000
   7    7.69231E-03    2.20000E-02    18.1922  0.    1.00000    2.00000
   7    7.69231E-03    2.40000E-02    18.1922  0.    1.00000    2.00000
   7    7.69231E-03    2.60000E-02    18.1905  0.    1.00000    2.00000
   7    7.69231E-03    2.80000E-02    18.1889  0.    1.00000    2.00000
   7    7.69231E-03    3.00000E-02    18.1872  0.    1.00000    2.00000
   7    7.69231E-03    3.20000E-02    18.1839  0.    1.00000    2.00000
   7    7.69231E-03    3.40000E-02    18.1822  0.    1.00000    2.00000
   7    7.69231E-03    3.60000E-02    18.2006  0.    1.00000    2.00000
   7    7.69231E-03    3.80000E-02    18.1939  0.    1.00000    2.00000
   7    7.69231E-03    4.00000E-02    18.1822  0.    1.00000    2.00000
   7    7.69231E-03    4.20000E-02    18.1939  0.    1.00000    2.00000
   7    7.69231E-03    4.40000E-02    18.1821  0.    1.00000    2.00000
   7    7.69231E-03    4.60000E-02    18.1938  0.    1.00000    2.00000
   7    7.69231E-03    4.80000E-02    18.2057   0.154406    1.00000    3.27521E-07
   7    7.69231E-03    5.00000E-02    18.2268   0.173330    1.00000    2.61124E-07
   7    1.15385E-02   -5.00000E-02   -19.0553    5.19866    1.00000    3.29540E-10
   7    1.15385E-02   -4.80000E-02   -31.0039    4.61603    1.00000    1.36227E-06
   7    1.15385E-02   -4.60000E-02   -85.3317    3.35904    1.00000    1.21550E-06
   7    1.15385E-02   -4.40000E-02    95.8525    4.12638    1.00000    7.84932E-06
   7    1.15385E-02   -4.20000E-02    29.1275    3.48463    1.00000    2.12571E-04
   7    1.15385E-02   -4.00000E-02    18.1922  0.    1.00000    2.00000
   7    1.15385E-02   -3.80000E-02    18.1922  0.    1.00000    2.00000
   7    1.15385E-02   -3.60000E-02    18.1922  0.    1.00000    2.00000
   7    1.15385E-02   -3.40000E-02    18.1922  0.    1.00000    2.00000
   7    1.15385E-02   -3.20000E-02    18.1922  0.    1.00000    2.00000
   7    1.15385E-02   -3.00000E-02    18.1922  0.    1.00000    2.00000
   7    1.15385E-02   -2.80000E-02    18.1922  0.    1.00000    2.00000
   7    1.15385E-02   -2.60000E-02    18.1922  0.    1.00000    2.00000
   7    1.15385E-02   -2.40000E-02    18.1922  0.    1.00000    2.00000
   7    1.15385E-02   -2.20000E-02    18.1922  0.    1.00000    2.00000
   7    1.15385E-02   -2.00000E-02    18.1922  0.    1.00000    2.00000
   7    1.15385E-02   -1.80000E-02    18.1922  0.    1.00000    2.00000
   7    1.15385E-02   -1.60000E-02    18.1922  0.    1.00000    2.00000
   7    1.15385E-02   -1.40000E-02    18.1922  0.    1.00000    2.00000
   7    1.15385E-02   -1.20000E-02    18.1922  0.    1.00000    2.00000
   7    1.15385E-02   -1.00000E-02    18.1922  0.    1.00000    2.00000
   7    1.15385E-02   -8.00000E-03    18.1922  0.    1.00000    2.00000
   7    1.15385E-02   -6.00000E-03    18.1922  0.    1.00000    2.00000
   7    1.15385E-02   -4.00000E-03    18.1922  0.    1.00000    2.00000
   7    1.15385E-02   -2.00000E-03    18.1922  0.    1.00000    2.00000
   7    1.15385E-02  0.    18.1922  0.    1.00000    2.00000
   7    1.15385E-02    2.00000E-03    18.1922  0.    1.00000    2.00000
   7    1.15385E-02    4.00000E-03    18.1922  0.    1.00000    2.00000
   7    1.15385E-02    6.00000E-03    18.1922  0.    1.00000    2.00000
   7    1.15385E-02    8.00000E-03    18.1922  0.    1.00000    2.00000
   7    1.15385E-02    1.00000E-02    18.1922  0.    1.00000    2.00000
   7    1.15385E-02    1.20000E-02    18.1922  0.    1.00000    2.00000
   7    1.15385E-02    1.40000E-02    18.1922  0.    1.00000    2.00000
   7    1.15385E-02    1.60000E-02    18.1922  0.    1.00000    2.00000
   7    1.15385E-02    1.80000E-02    18.1922  0.    1.00000    2.00000
   7    1.15385E-02    2.00000E-02    18.1922  0.    1.00000    2.00000
   7    1.15385E-02    2.20000E-02    18.1922  0.    1.00000    2.00000
   7    1.15385E-02    2.40000E-02    18.1922  0.    1.00000    2.00000
   7    1.15385E-02    2.60000E-02    18.1905  0.    1.00000    2.00000
   7    1.15385E-02    2.80000E-02    18.1889  0.    1.00000    2.00000
   7    1.15385E-02    3.00000E-02    18.1855  0.    1.00000    2.00000
   7    1.15385E-02    3.20000E-02    18.1839  0.    1.00000    2.00000
   7    1.15385E-02    3.40000E-02    18.1822  0.    1.00000    2.00000
   7    1.15385E-02    3.60000E-02    18.2006  0.    1.00000    2.00000
   7    1.15385E-02    3.80000E-02    18.1939  0.    1.00000    2.00000
   7    1.15385E-02    4.00000E-02    18.1822  0.    1.00000    2.00000
   7    1.15385E-02    4.20000E-02    18.1939  0.    1.00000    2.00000
   7    1.15385E-02    4.40000E-02    18.1821  0.    1.00000    2.00000
   7    1.15385E-02    4.60000E-02    18.1938  0.    1.00000    2.00000
   7    1.15385E-02    4.80000E-02    18.2040   0.156749    1.00000    3.17862E-07
   7    1.15385E-02    5.00000E-02    18.2268   0.173330    1.00000    2.61124E-07
   7    1.53846E-02   -4.80000E-02   -29.7761    6.37732    1.00000    2.10823E-06
   7    1.53846E-02   -4.60000E-02   -77.6420    4.20555    1.00000    2.03613E-06
   7    1.53846E-02   -4.40000E-02    106.714    6.54456    1.00000    1.47984E-05
   7    1.53846E-02   -4.20000E-02    29.9168    4.75118    1.00000    3.61526E-04
   7    1.53846E-02   -4.00000E-02    18.1922  0.    1.00000    2.00000
   7    1.53846E-02   -3.80000E-02    18.1922  0.    1.00000    2.00000
   7    1.53846E-02   -3.60000E-02    18.1922  0.    1.00000    2.00000
   7    1.53846E-02   -3.40000E-02    18.1922  0.    1.00000    2.00000
   7    1.53846E-02   -3.20000E-02    18.1922  0.    1.00000    2.00000
   7    1.53846E-02   -3.00000E-02    18.1922  0.    1.00000    2.00000
   7    1.53846E-02   -2.80000E-02    18.1922  0.    1.00000    2.00000
   7    1.53846E-02   -2.60000E-02    18.1922  0.    1.00000    2.00000
   7    1.53846E-02   -2.40000E-02    18.1922  0.    1.00000    2.00000
   7    1.53846E-02   -2.20000E-02    18.1922  0.    1.00000    2.00000
   7    1.53846E-02   -2.00000E-02    18.1922  0.    1.00000    2.00000
   7    1.53846E-02   -1.80000E-02    18.1922  0.    1.00000    2.00000
   7    1.53846E-02   -1.60000E-02    18.1922  0.    1.00000    2.00000
   7    1.53846E-02   -1.40000E-02    18.1922  0.    1.00000    2.00000
   7    1.53846E-02   -1.20000E-02    18.1922  0.    1.00000    2.00000
   7    1.53846E-02   -1.00000E-02    18.1922  0.    1.00000    2.00000
   7    1.53846E-02   -8.00000E-03    18.1922  0.    1.00000    2.00000
   7    1.53846E-02   -6.00000E-03    18.1922  0.    1.00000    2.00000
   7    1.53846E-02   -4.00000E-03    18.1922  0.    1.00000    2.00000
   7    1.53846E-02   -2.00000E-03    18.1922  0.    1.00000    2.00000
   7    1.53846E-02  0.    18.1922  0.    1.00000    2.00000
   7    1.53846E-02    2.00000E-03    18.1922  0.    1.00000    2.00000
   7    1.53846E-02    4.00000E-03    18.1922  0.    1.00000    2.00000
   7    1.53846E-02    6.00000E-03    18.1922  0.    1.00000    2.00000
   7    1.53846E-02    8.00000E-03    18.1922  0.    1.00000    2.00000
   7    1.53846E-02    1.00000E-02    18.1922  0.    1.00000    2.00000
   7    1.53846E-02    1.20000E-02    18.1922  0.    1.00000    2.00000
   7    1.53846E-02    1.40000E-02    18.1922  0.    1.00000    2.00000
   7    1.53846E-02    1.60000E-02    18.1922  0.    1.00000    2.00000
   7    1.53846E-02    1.80000E-02    18.1922  0.    1.00000    2.00000
   7    1.53846E-02    2.00000E-02    18.1922  0.    1.00000    2.00000
   7    1.53846E-02    2.20000E-02    18.1922  0.    1.00000    2.00000
   7    1.53846E-02    2.40000E-02    18.1922  0.    1.00000    2.00000
   7    1.53846E-02    2.60000E-02    18.1905  0.    1.00000    2.00000
   7    1.53846E-02    2.80000E-02    18.1889  0.    1.00000    2.00000
   7    1.53846E-02    3.00000E-02    18.1855  0.    1.00000    2.00000
   7    1.53846E-02    3.20000E-02    18.1839  0.    1.00000    2.00000
   7    1.53846E-02    3.40000E-02    18.1822  0.    1.00000    2.00000
   7    1.53846E-02    3.60000E-02    18.2006  0.    1.00000    2.00000
   7    1.53846E-02    3.80000E-02    18.1939  0.    1.00000    2.00000
   7    1.53846E-02    4.00000E-02    18.1822  0.    1.00000    2.00000
   7    1.53846E-02    4.20000E-02    18.1939  0.    1.00000    2.00000
   7    1.53846E-02    4.40000E-02    18.1821  0.    1.00000    2.00000
   7    1.53846E-02    4.60000E-02    18.1938  0.    1.00000    2.00000
   7    1.53846E-02    4.80000E-02    18.1930   0.156493    1.00000    3.17210E-07
   7    1.53846E-02    5.00000E-02    18.2157   0.173029    1.00000    2.60533E-07
   7    1.92308E-02   -4.80000E-02   -28.2891    8.16455    1.00000    2.79915E-06
   7    1.92308E-02   -4.60000E-02   -69.5594    5.79033    1.00000    4.36535E-06
   7    1.92308E-02   -4.40000E-02    125.315    7.90625    1.00000    1.39850E-05
   7    1.92308E-02   -4.20000E-02    31.0365    6.20890    1.00000    5.38610E-04
   7    1.92308E-02   -4.00000E-02    18.3363    1.22041    1.00000    1.49062E-04
   7    1.92308E-02   -3.80000E-02    18.1922  0.    1.00000    2.00000
   7    1.92308E-02   -3.60000E-02    18.1922  0.    1.00000    2.00000
   7    1.92308E-02   -3.40000E-02    18.1922  0.    1.00000    2.00000
   7    1.92308E-02   -3.20000E-02    18.1922  0.    1.00000    2.00000
   7    1.92308E-02   -3.00000E-02    18.1922  0.    1.00000    2.00000
   7    1.92308E-02   -2.80000E-02    18.1922  0.    1.00000    2.00000
   7    1.92308E-02   -2.60000E-02    18.1922  0.    1.00000    2.00000
   7    1.92308E-02   -2.40000E-02    18.1922  0.    1.00000    2.00000
   7    1.92308E-02   -2.20000E-02    18.1922  0.    1.00000    2.00000
   7    1.92308E-02   -2.00000E-02    18.1922  0.    1.00000    2.00000
   7    1.92308E-02   -1.80000E-02    18.1922  0.    1.00000    2.00000
   7    1.92308E-02   -1.60000E-02    18.1922  0.    1.00000    2.00000
   7    1.92308E-02   -1.40000E-02    18.1922  0.    1.00000    2.00000
   7    1.92308E-02   -1.20000E-02    18.1922  0.    1.00000    2.00000
   7    1.92308E-02   -1.00000E-02    18.1922  0.    1.00000    2.00000
   7    1.92308E-02   -8.00000E-03    18.1922  0.    1.00000    2.00000
   7    1.92308E-02   -6.00000E-03    18.1922  0.    1.00000    2.00000
   7    1.92308E-02   -4.00000E-03    18.1922  0.    1.00000    2.00000
   7    1.92308E-02   -2.00000E-03    18.1922  0.    1.00000    2.00000
   7    1.92308E-02  0.    18.1922  0.    1.00000    2.00000
   7    1.92308E-02    2.00000E-03    18.1922  0.    1.00000    2.00000
   7    1.92308E-02    4.00000E-03    18.1922  0.    1.00000    2.00000
   7    1.92308E-02    6.00000E-03    18.1922  0.    1.00000    2.00000
   7    1.92308E-02    8.00000E-03    18.1922  0.    1.00000    2.00000
   7    1.92308E-02    1.00000E-02    18.1922  0.    1.00000    2.00000
   7    1.92308E-02    1.20000E-02    18.1922  0.    1.00000    2.00000
   7    1.92308E-02    1.40000E-02    18.1922  0.    1.00000    2.00000
   7    1.92308E-02    1.60000E-02    18.1922  0.    1.00000    2.00000
   7    1.92308E-02    1.80000E-02    18.1922  0.    1.00000    2.00000
   7    1.92308E-02    2.00000E-02    18.1922  0.    1.00000    2.00000
   7    1.92308E-02    2.20000E-02    18.1922  0.    1.00000    2.00000
   7    1.92308E-02    2.40000E-02    18.1922  0.    1.00000    2.00000
   7    1.92308E-02    2.60000E-02    18.1905  0.    1.00000    2.00000
   7    1.92308E-02    2.80000E-02    18.1889  0.    1.00000    2.00000
   7    1.92308E-02    3.00000E-02    18.1855  0.    1.00000    2.00000
   7    1.92308E-02    3.20000E-02    18.1839  0.    1.00000    2.00000
   7    1.92308E-02    3.40000E-02    18.1805  0.    1.00000    2.00000
   7    1.92308E-02    3.60000E-02    18.2006  0.    1.00000    2.00000
   7    1.92308E-02    3.80000E-02    18.1939  0.    1.00000    2.00000
   7    1.92308E-02    4.00000E-02    18.1822  0.    1.00000    2.00000
   7    1.92308E-02    4.20000E-02    18.1922  0.    1.00000    2.00000
   7    1.92308E-02    4.40000E-02    18.1821  0.    1.00000    2.00000
   7    1.92308E-02    4.60000E-02    18.1938  0.    1.00000    2.00000
   7    1.92308E-02    4.80000E-02    18.1930   0.156493    1.00000    3.17210E-07
   7    1.92308E-02    5.00000E-02    18.2157   0.173029    1.00000    2.60533E-07
   7    2.30769E-02   -4.80000E-02   -26.6327   10.50796    1.00000    3.10707E-06
   7    2.30769E-02   -4.60000E-02   -61.3353    8.02610    1.00000    8.91586E-06
   7    2.30769E-02   -4.40000E-02    159.061   10.26466    1.00000    1.33679E-05
   7    2.30769E-02   -4.20000E-02    33.0884    4.15583    1.00000    1.88129E-04
   7    2.30769E-02   -4.00000E-02    20.1637  -10.55106    1.00000    5.40929E-03
   7    2.30769E-02   -3.80000E-02    19.8201   -13.2761    1.00000    1.00183E-02
   7    2.30769E-02   -3.60000E-02    19.8201   -13.2761    1.00000    1.00183E-02
   7    2.30769E-02   -3.40000E-02    19.8201   -13.2761    1.00000    1.00183E-02
   7    2.30769E-02   -3.20000E-02    19.8201   -13.2761    1.00000    1.00183E-02
   7    2.30769E-02   -3.00000E-02    19.8201   -13.2761    1.00000    1.00183E-02
   7    2.30769E-02   -2.80000E-02    19.8201   -13.2761    1.00000    1.00183E-02
   7    2.30769E-02   -2.60000E-02    19.8201   -13.2761    1.00000    1.00183E-02
   7    2.30769E-02   -2.40000E-02    19.8201   -13.2761    1.00000    1.00183E-02
   7    2.30769E-02   -2.20000E-02    19.8201   -13.2761    1.00000    1.00183E-02
   7    2.30769E-02   -2.00000E-02    19.8201   -13.2761    1.00000    1.00183E-02
   7    2.30769E-02   -1.80000E-02    19.8201   -13.2761    1.00000    1.00183E-02
   7    2.30769E-02   -1.60000E-02    19.8201   -13.2761    1.00000    1.00183E-02
   7    2.30769E-02   -1.40000E-02    19.8201   -13.2761    1.00000    1.00183E-02
   7    2.30769E-02   -1.20000E-02    19.8201   -13.2761    1.00000    1.00183E-02
   7    2.30769E-02   -1.00000E-02    19.8201   -13.2761    1.00000    1.00183E-02
   7    2.30769E-02   -8.00000E-03    19.8201   -13.2761    1.00000    1.00183E-02
   7    2.30769E-02   -6.00000E-03    19.8201   -13.2761    1.00000    1.00183E-02
   7    2.30769E-02   -4.00000E-03    19.8201   -13.2761    1.00000    1.00183E-02
   7    2.30769E-02   -2.00000E-03    19.8201   -13.2761    1.00000    1.00183E-02
   7    2.30769E-02  0.    19.8201   -13.2761    1.00000    1.00183E-02
   7    2.30769E-02    2.00000E-03    19.8201   -13.2761    1.00000    1.00183E-02
   7    2.30769E-02    4.00000E-03    19.8201   -13.2761    1.00000    1.00183E-02
   7    2.30769E-02    6.00000E-03    19.8201   -13.2761    1.00000    1.00183E-02
   7    2.30769E-02    8.00000E-03    19.8201   -13.2761    1.00000    1.00183E-02
   7    2.30769E-02    1.00000E-02    19.8201   -13.2761    1.00000    1.00183E-02
   7    2.30769E-02    1.20000E-02    19.8201   -13.2761    1.00000    1.00183E-02
   7    2.30769E-02    1.40000E-02    19.8201   -13.2761    1.00000    1.00183E-02
   7    2.30769E-02    1.60000E-02    19.8201   -13.2761    1.00000    1.00183E-02
   7    2.30769E-02    1.80000E-02    19.8201   -13.2761    1.00000    1.00183E-02
   7    2.30769E-02    2.00000E-02    19.8201   -13.2761    1.00000    1.00183E-02
   7    2.30769E-02    2.20000E-02    19.8201   -13.2761    1.00000    1.00183E-02
   7    2.30769E-02    2.40000E-02    19.8201   -13.2761    1.00000    1.00183E-02
   7    2.30769E-02    2.60000E-02    19.7402   -12.7742    1.00000    9.15684E-03
   7    2.30769E-02    2.80000E-02    19.6614   -12.2701    1.00000    8.33926E-03
   7    2.30769E-02    3.00000E-02    19.5070   -11.2545    1.00000    6.83269E-03
   7    2.30769E-02    3.20000E-02    19.4314   -10.7429    1.00000    6.14225E-03
   7    2.30769E-02    3.40000E-02    19.2832   -9.71123    1.00000    4.88341E-03
   7    2.30769E-02    3.60000E-02    19.2208   -9.09155    1.00000    4.19815E-03
   7    2.30769E-02    3.80000E-02    18.8733   -6.43627    1.00000    1.95712E-03
   7    2.30769E-02    4.00000E-02    18.4890   -3.12359    1.00000    4.20285E-04
   7    2.30769E-02    4.20000E-02    18.1922  0.    1.00000    2.00000
   7    2.30769E-02    4.40000E-02    18.1821  0.    1.00000    2.00000
   7    2.30769E-02    4.60000E-02    18.1922  0.    1.00000    2.00000
   7    2.30769E-02    4.80000E-02    18.1930   0.156493    1.00000    3.17210E-07
   7    2.30769E-02    5.00000E-02    18.2157   0.173029    1.00000    2.60533E-07
   7    2.69231E-02   -4.80000E-02   -24.8437    13.2807    1.00000    3.13521E-06
   7    2.69231E-02   -4.60000E-02   -53.8677   10.05341    1.00000    1.39095E-05
   7    2.69231E-02   -4.40000E-02    506.796   -295.268    1.00000    6.08925E-04
   7    2.69231E-02   -4.20000E-02    50.2204   -127.080    1.00000    6.50853E-03
   7    2.69231E-02   -4.00000E-02    27.6984  -103.3854    1.00000    2.33168E-02
   7    2.69231E-02   -3.80000E-02    26.4719   -94.0540    1.00000    3.57103E-02
   7    2.69231E-02   -3.60000E-02    26.4719   -94.0540    1.00000    3.57103E-02
   7    2.69231E-02   -3.40000E-02    26.4719   -94.0540    1.00000    3.57103E-02
   7    2.69231E-02   -3.20000E-02    26.4719   -94.0540    1.00000    3.57103E-02
   7    2.69231E-02   -3.00000E-02    26.4719   -94.0540    1.00000    3.57103E-02
   7    2.69231E-02   -2.80000E-02    26.4719   -94.0540    1.00000    3.57103E-02
   7    2.69231E-02   -2.60000E-02    26.4719   -94.0540    1.00000    3.57103E-02
   7    2.69231E-02   -2.40000E-02    26.4719   -94.0540    1.00000    3.57103E-02
   7    2.69231E-02   -2.20000E-02    26.4719   -94.0540    1.00000    3.57103E-02
   7    2.69231E-02   -2.00000E-02    26.4719   -94.0540    1.00000    3.57103E-02
   7    2.69231E-02   -1.80000E-02    26.4719   -94.0540    1.00000    3.57103E-02
   7    2.69231E-02   -1.60000E-02    26.4719   -94.0540    1.00000    3.57103E-02
   7    2.69231E-02   -1.40000E-02    26.4719   -94.0540    1.00000    3.57103E-02
   7    2.69231E-02   -1.20000E-02    26.4719   -94.0540    1.00000    3.57103E-02
   7    2.69231E-02   -1.00000E-02    26.4719   -94.0540    1.00000    3.57103E-02
   7    2.69231E-02   -8.00000E-03    26.4719   -94.0540    1.00000    3.57103E-02
   7    2.69231E-02   -6.00000E-03    26.4719   -94.0540    1.00000    3.57103E-02
   7    2.69231E-02   -4.00000E-03    26.4719   -94.0540    1.00000    3.57103E-02
   7    2.69231E-02   -2.00000E-03    26.4719   -94.0540    1.00000    3.57103E-02
   7    2.69231E-02  0.    26.4719   -94.0540    1.00000    3.57103E-02
   7    2.69231E-02    2.00000E-03    26.4719   -94.0540    1.00000    3.57103E-02
   7    2.69231E-02    4.00000E-03    26.4719   -94.0540    1.00000    3.57103E-02
   7    2.69231E-02    6.00000E-03    26.4719   -94.0540    1.00000    3.57103E-02
   7    2.69231E-02    8.00000E-03    26.4719   -94.0540    1.00000    3.57103E-02
   7    2.69231E-02    1.00000E-02    26.4719   -94.0540    1.00000    3.57103E-02
   7    2.69231E-02    1.20000E-02    26.4719   -94.0540    1.00000    3.57103E-02
   7    2.69231E-02    1.40000E-02    26.4719   -94.0540    1.00000    3.57103E-02
   7    2.69231E-02    1.60000E-02    26.4719   -94.0540    1.00000    3.57103E-02
   7    2.69231E-02    1.80000E-02    26.4719   -94.0540    1.00000    3.57103E-02
   7    2.69231E-02    2.00000E-02    26.4719   -94.0540    1.00000    3.57103E-02
   7    2.69231E-02    2.20000E-02    26.4719   -94.0540    1.00000    3.57103E-02
   7    2.69231E-02    2.40000E-02    26.4719   -94.0540    1.00000    3.57103E-02
   7    2.69231E-02    2.60000E-02    26.2331   -92.1786    1.00000    3.42796E-02
   7    2.69231E-02    2.80000E-02    25.7714   -88.5099    1.00000    3.15360E-02
   7    2.69231E-02    3.00000E-02    25.5482   -86.7141    1.00000    3.02218E-02
   7    2.69231E-02    3.20000E-02    25.3299   -84.9426    1.00000    2.89451E-02
   7    2.69231E-02    3.40000E-02    24.9074   -81.4693    1.00000    2.65017E-02
   7    2.69231E-02    3.60000E-02    24.7181   -79.9769    1.00000    2.50529E-02
   7    2.69231E-02    3.80000E-02    23.7582   -71.7343    1.00000    1.97703E-02
   7    2.69231E-02    4.00000E-02    22.5741   -60.8922    1.00000    1.36988E-02
   7    2.69231E-02    4.20000E-02    21.6995   -52.2360    1.00000    9.44947E-03
   7    2.69231E-02    4.40000E-02    20.7948   -42.3435    1.00000    5.81507E-03
   7    2.69231E-02    4.60000E-02    20.1290   -34.1783    1.00000    3.45461E-03
   7    2.69231E-02    4.80000E-02    19.4513   -16.9865    1.00000    1.79860E-03
   7    2.69231E-02    5.00000E-02    18.9255   -11.0853    1.00000    6.15457E-04
   7    3.07692E-02   -4.80000E-02   -22.6068    37.7920    1.00000    4.37738E-06
   7    3.07692E-02   -4.60000E-02   -33.0069    197.714    1.00000    4.21413E-04
   7    3.07692E-02   -4.40000E-02   -54.7385    448.941    1.00000    2.45661E-03
   7    3.07692E-02   -4.20000E-02   -166.181    1626.81    1.00000    7.75856E-03
   7    3.07692E-02   -4.00000E-02    196.114   -2090.05    1.00000    2.10681E-02
   7    3.07692E-02   -3.80000E-02    106.519  -1002.777    1.00000    3.50887E-02
   7    3.07692E-02   -3.60000E-02    106.519  -1002.777    1.00000    3.50887E-02
   7    3.07692E-02   -3.40000E-02    106.519  -1002.777    1.00000    3.50887E-02
   7    3.07692E-02   -3.20000E-02    106.519  -1002.777    1.00000    3.50887E-02
   7    3.07692E-02   -3.00000E-02    106.519  -1002.777    1.00000    3.50887E-02
   7    3.07692E-02   -2.80000E-02    106.519  -1002.777    1.00000    3.50887E-02
   7    3.07692E-02   -2.60000E-02    106.519  -1002.777    1.00000    3.50887E-02
   7    3.07692E-02   -2.40000E-02    106.519  -1002.777    1.00000    3.50887E-02
   7    3.07692E-02   -2.20000E-02    106.519  -1002.777    1.00000    3.50887E-02
   7    3.07692E-02   -2.00000E-02    106.519  -1002.777    1.00000    3.50887E-02
   7    3.07692E-02   -1.80000E-02    106.519  -1002.777    1.00000    3.50887E-02
   7    3.07692E-02   -1.60000E-02    106.519  -1002.777    1.00000    3.50887E-02
   7    3.07692E-02   -1.40000E-02    106.519  -1002.777    1.00000    3.50887E-02
   7    3.07692E-02   -1.20000E-02    106.519  -1002.777    1.00000    3.50887E-02
   7    3.07692E-02   -1.00000E-02    106.519  -1002.777    1.00000    3.50887E-02
   7    3.07692E-02   -8.00000E-03    106.519  -1002.777    1.00000    3.50887E-02
   7    3.07692E-02   -6.00000E-03    106.519  -1002.777    1.00000    3.50887E-02
   7    3.07692E-02   -4.00000E-03    106.519  -1002.777    1.00000    3.50887E-02
   7    3.07692E-02   -2.00000E-03    106.519  -1002.777    1.00000    3.50887E-02
   7    3.07692E-02  0.    106.519  -1002.777    1.00000    3.50887E-02
   7    3.07692E-02    2.00000E-03    106.519  -1002.777    1.00000    3.50887E-02
   7    3.07692E-02    4.00000E-03    106.519  -1002.777    1.00000    3.50887E-02
   7    3.07692E-02    6.00000E-03    106.519  -1002.777    1.00000    3.50887E-02
   7    3.07692E-02    8.00000E-03    106.519  -1002.777    1.00000    3.50887E-02
   7    3.07692E-02    1.00000E-02    106.519  -1002.777    1.00000    3.50887E-02
   7    3.07692E-02    1.20000E-02    106.519  -1002.777    1.00000    3.50887E-02
   7    3.07692E-02    1.40000E-02    106.519  -1002.777    1.00000    3.50887E-02
   7    3.07692E-02    1.60000E-02    106.519  -1002.777    1.00000    3.50887E-02
   7    3.07692E-02    1.80000E-02    106.519  -1002.777    1.00000    3.50887E-02
   7    3.07692E-02    2.00000E-02    106.519  -1002.777    1.00000    3.50887E-02
   7    3.07692E-02    2.20000E-02    106.519  -1002.777    1.00000    3.50887E-02
   7    3.07692E-02    2.40000E-02    106.519  -1002.777    1.00000    3.50887E-02
   7    3.07692E-02    2.60000E-02   101.1781   -950.678    1.00000    3.38835E-02
   7    3.07692E-02    2.80000E-02    91.9621   -860.693    1.00000    3.15662E-02
   7    3.07692E-02    3.00000E-02    87.9589   -821.566    1.00000    3.04529E-02
   7    3.07692E-02    3.20000E-02    80.9179   -752.669    1.00000    2.83148E-02
   7    3.07692E-02    3.40000E-02    77.8060   -722.181    1.00000    2.72889E-02
   7    3.07692E-02    3.60000E-02    75.3037   -699.812    1.00000    2.60048E-02
   7    3.07692E-02    3.80000E-02    61.5744   -564.391    1.00000    2.06233E-02
   7    3.07692E-02    4.00000E-02    52.1055   -470.233    1.00000    1.61206E-02
   7    3.07692E-02    4.20000E-02    44.3281   -393.380    1.00000    1.16873E-02
   7    3.07692E-02    4.40000E-02    39.2382   -341.143    1.00000    8.78090E-03
   7    3.07692E-02    4.60000E-02    35.2886   -300.971    1.00000    6.35189E-03
   7    3.07692E-02    4.80000E-02    31.5357   -260.288    1.00000    4.27875E-03
   7    3.07692E-02    5.00000E-02    29.0113   -233.976    1.00000    2.83621E-03
