   9   -3.07692E-02   -4.80000E-02   -21.2617   -36.5097    1.00000    6.77737E-10
   9   -3.07692E-02   -4.60000E-02   -27.7641   -48.1721    1.00000    6.77737E-10
   9   -3.07692E-02   -4.40000E-02   -40.7734   -70.3595    1.00000    6.78116E-10
   9   -3.07692E-02   -4.20000E-02   -86.8198   -150.594    1.00000    6.78116E-10
   9   -3.07692E-02   -4.00000E-02    2062.61    3584.77    1.00000    6.78459E-10
   9   -3.07692E-02   -3.80000E-02    503.829    875.629    1.00000    6.78465E-10
   9   -3.07692E-02   -3.60000E-02    503.829    875.629    1.00000    6.78465E-10
   9   -3.07692E-02   -3.40000E-02    503.829    875.629    1.00000    6.78465E-10
   9   -3.07692E-02   -3.20000E-02    503.829    875.629    1.00000    6.78465E-10
   9   -3.07692E-02   -3.00000E-02    503.829    875.629    1.00000    6.78465E-10
   9   -3.07692E-02   -2.80000E-02    503.829    875.629    1.00000    6.78465E-10
   9   -3.07692E-02   -2.60000E-02    503.829    875.629    1.00000    6.78465E-10
   9   -3.07692E-02   -2.40000E-02    503.829    875.629    1.00000    6.78465E-10
   9   -3.07692E-02   -2.20000E-02    503.829    875.629    1.00000    6.78465E-10
   9   -3.07692E-02   -2.00000E-02    503.829    875.629    1.00000    6.78465E-10
   9   -3.07692E-02   -1.80000E-02    503.829    875.629    1.00000    6.78465E-10
   9   -3.07692E-02   -1.60000E-02    503.829    875.629    1.00000    6.78465E-10
   9   -3.07692E-02   -1.40000E-02    503.829    875.629    1.00000    6.78465E-10
   9   -3.07692E-02   -1.20000E-02    503.829    875.629    1.00000    6.78465E-10
   9   -3.07692E-02   -1.00000E-02    503.829    875.629    1.00000    6.78465E-10
   9   -3.07692E-02   -8.00000E-03    503.829    875.629    1.00000    6.78465E-10
   9   -3.07692E-02   -6.00000E-03    503.829    875.629    1.00000    6.78465E-10
   9   -3.07692E-02   -4.00000E-03    503.829    875.629    1.00000    6.78465E-10
   9   -3.07692E-02   -2.00000E-03    503.829    875.629    1.00000    6.78465E-10
   9   -3.07692E-02  0.    503.829    875.629    1.00000    6.78465E-10
   9   -3.07692E-02    2.00000E-03    503.829    875.629    1.00000    6.78465E-10
   9   -3.07692E-02    4.00000E-03    503.829    875.629    1.00000    6.78465E-10
   9   -3.07692E-02    6.00000E-03    503.829    875.629    1.00000    6.78465E-10
   9   -3.07692E-02    8.00000E-03    503.829    875.629    1.00000    6.78465E-10
   9   -3.07692E-02    1.00000E-02    503.829    875.629    1.00000    6.78465E-10
   9   -3.07692E-02    1.20000E-02    503.829    875.629    1.00000    6.78465E-10
   9   -3.07692E-02    1.40000E-02    503.829    875.629    1.00000    6.78465E-10
   9   -3.07692E-02    1.60000E-02    503.829    875.629    1.00000    6.78465E-10
   9   -3.07692E-02    1.80000E-02    503.829    875.629    1.00000    6.78465E-10
   9   -3.07692E-02    2.00000E-02    503.829    875.629    1.00000    6.78465E-10
   9   -3.07692E-02    2.20000E-02    503.829    875.629    1.00000    6.78465E-10
   9   -3.07692E-02    2.40000E-02    503.829    875.629    1.00000    6.78465E-10
   9   -3.07692E-02    2.60000E-02    402.448    699.431    1.00000    6.78471E-10
   9   -3.07692E-02    2.80000E-02    286.961    498.722    1.00000    6.78447E-10
   9   -3.07692E-02    3.00000E-02    250.954    436.145    1.00000    6.78471E-10
   9   -3.07692E-02    3.20000E-02    200.611    348.644    1.00000    6.78447E-10
   9   -3.07692E-02    3.40000E-02    182.317    316.890    1.00000    6.78495E-10
   9   -3.07692E-02    3.60000E-02    167.089    290.399    1.00000    6.78495E-10
   9   -3.07692E-02    3.80000E-02    111.305    193.384    1.00000    6.78495E-10
   9   -3.07692E-02    4.00000E-02    83.4502    144.875    1.00000    6.78684E-10
   9   -3.07692E-02    4.20000E-02    64.5853    112.140    1.00000    6.78495E-10
   9   -3.07692E-02    4.40000E-02    54.0976    94.0381    1.00000    6.78684E-10
   9   -3.07692E-02    4.60000E-02    46.5522    80.7138    1.00000    6.78684E-10
   9   -3.07692E-02    4.80000E-02    40.0361    69.2372    1.00000    6.78684E-10
   9   -3.07692E-02    5.00000E-02    35.7281    62.2747    1.00000    6.78495E-10
   9   -2.69231E-02   -4.80000E-02   -8.66362E-02    240.444    1.00000    4.87891E-13
   9   -2.69231E-02   -4.60000E-02   -8.67500E-02    240.674    1.00000    4.87891E-13
   9   -2.69231E-02   -4.40000E-02   -8.68315E-02    240.914    1.00000    4.87891E-13
   9   -2.69231E-02   -4.20000E-02   -8.87312E-02    241.171    1.00000    5.08432E-13
   9   -2.69231E-02   -4.00000E-02   -8.85989E-02    241.428    1.00000    5.05841E-13
   9   -2.69231E-02   -3.80000E-02   -8.79229E-02    241.439    1.00000    4.98108E-13
   9   -2.69231E-02   -3.60000E-02   -8.79229E-02    241.439    1.00000    4.98108E-13
   9   -2.69231E-02   -3.40000E-02   -8.79229E-02    241.439    1.00000    4.98108E-13
   9   -2.69231E-02   -3.20000E-02   -8.79229E-02    241.439    1.00000    4.98108E-13
   9   -2.69231E-02   -3.00000E-02   -8.79229E-02    241.439    1.00000    4.98108E-13
   9   -2.69231E-02   -2.80000E-02   -8.79229E-02    241.439    1.00000    4.98108E-13
   9   -2.69231E-02   -2.60000E-02   -8.79229E-02    241.439    1.00000    4.98108E-13
   9   -2.69231E-02   -2.40000E-02   -8.79229E-02    241.439    1.00000    4.98108E-13
   9   -2.69231E-02   -2.20000E-02   -8.79229E-02    241.439    1.00000    4.98108E-13
   9   -2.69231E-02   -2.00000E-02   -8.79229E-02    241.439    1.00000    4.98108E-13
   9   -2.69231E-02   -1.80000E-02   -8.79229E-02    241.439    1.00000    4.98108E-13
   9   -2.69231E-02   -1.60000E-02   -8.79229E-02    241.439    1.00000    4.98108E-13
   9   -2.69231E-02   -1.40000E-02   -8.79229E-02    241.439    1.00000    4.98108E-13
   9   -2.69231E-02   -1.20000E-02   -8.79229E-02    241.439    1.00000    4.98108E-13
   9   -2.69231E-02   -1.00000E-02   -8.79229E-02    241.439    1.00000    4.98108E-13
   9   -2.69231E-02   -8.00000E-03   -8.79229E-02    241.439    1.00000    4.98108E-13
   9   -2.69231E-02   -6.00000E-03   -8.79229E-02    241.439    1.00000    4.98108E-13
   9   -2.69231E-02   -4.00000E-03   -8.79229E-02    241.439    1.00000    4.98108E-13
   9   -2.69231E-02   -2.00000E-03   -8.79229E-02    241.439    1.00000    4.98108E-13
   9   -2.69231E-02  0.   -8.79229E-02    241.439    1.00000    4.98108E-13
   9   -2.69231E-02    2.00000E-03   -8.79229E-02    241.439    1.00000    4.98108E-13
   9   -2.69231E-02    4.00000E-03   -8.79229E-02    241.439    1.00000    4.98108E-13
   9   -2.69231E-02    6.00000E-03   -8.79229E-02    241.439    1.00000    4.98108E-13
   9   -2.69231E-02    8.00000E-03   -8.79229E-02    241.439    1.00000    4.98108E-13
   9   -2.69231E-02    1.00000E-02   -8.79229E-02    241.439    1.00000    4.98108E-13
   9   -2.69231E-02    1.20000E-02   -8.79229E-02    241.439    1.00000    4.98108E-13
   9   -2.69231E-02    1.40000E-02   -8.79229E-02    241.439    1.00000    4.98108E-13
   9   -2.69231E-02    1.60000E-02   -8.79229E-02    241.439    1.00000    4.98108E-13
   9   -2.69231E-02    1.80000E-02   -8.79229E-02    241.439    1.00000    4.98108E-13
   9   -2.69231E-02    2.00000E-02   -8.79229E-02    241.439    1.00000    4.98108E-13
   9   -2.69231E-02    2.20000E-02   -8.79229E-02    241.439    1.00000    4.98108E-13
   9   -2.69231E-02    2.40000E-02   -8.79229E-02    241.439    1.00000    4.98108E-13
   9   -2.69231E-02    2.60000E-02   -8.79268E-02    241.449    1.00000    4.98108E-13
   9   -2.69231E-02    2.80000E-02   -8.83879E-02    241.471    1.00000    5.03257E-13
   9   -2.69231E-02    3.00000E-02   -8.83918E-02    241.482    1.00000    5.03257E-13
   9   -2.69231E-02    3.20000E-02   -8.88491E-02    241.493    1.00000    5.08432E-13
   9   -2.69231E-02    3.40000E-02   -8.88570E-02    241.514    1.00000    5.08432E-13
   9   -2.69231E-02    3.60000E-02   -8.79540E-02    241.523    1.00000    4.98108E-13
   9   -2.69231E-02    3.80000E-02   -8.88797E-02    241.579    1.00000    5.08432E-13
   9   -2.69231E-02    4.00000E-02   -8.89060E-02    241.654    1.00000    5.08432E-13
   9   -2.69231E-02    4.20000E-02   -8.89284E-02    241.718    1.00000    5.08432E-13
   9   -2.69231E-02    4.40000E-02   -9.07719E-02    241.802    1.00000    5.29396E-13
   9   -2.69231E-02    4.60000E-02   -8.71788E-02    241.848    1.00000    4.87891E-13
   9   -2.69231E-02    4.80000E-02   -9.08323E-02    241.934    1.00000    5.29396E-13
   9   -2.69231E-02    5.00000E-02   -8.72230E-02    241.986    1.00000    4.87891E-13
   9   -2.30769E-02   -4.80000E-02   -31.7326   -48.1563    1.00000    3.12603E-06
   9   -2.30769E-02   -4.60000E-02    1.09765    135.957    1.00000    2.73220E-09
   9   -2.30769E-02   -4.40000E-02    1.08460    134.264    1.00000    2.73525E-09
   9   -2.30769E-02   -4.20000E-02    1.07096    132.539    1.00000    2.73677E-09
   9   -2.30769E-02   -4.00000E-02    1.05737    130.857    1.00000    2.73677E-09
   9   -2.30769E-02   -3.80000E-02    1.05737    130.857    1.00000    2.73677E-09
   9   -2.30769E-02   -3.60000E-02    1.05737    130.857    1.00000    2.73677E-09
   9   -2.30769E-02   -3.40000E-02    1.05737    130.857    1.00000    2.73677E-09
   9   -2.30769E-02   -3.20000E-02    1.05737    130.857    1.00000    2.73677E-09
   9   -2.30769E-02   -3.00000E-02    1.05737    130.857    1.00000    2.73677E-09
   9   -2.30769E-02   -2.80000E-02    1.05737    130.857    1.00000    2.73677E-09
   9   -2.30769E-02   -2.60000E-02    1.05737    130.857    1.00000    2.73677E-09
   9   -2.30769E-02   -2.40000E-02    1.05737    130.857    1.00000    2.73677E-09
   9   -2.30769E-02   -2.20000E-02    1.05737    130.857    1.00000    2.73677E-09
   9   -2.30769E-02   -2.00000E-02    1.05737    130.857    1.00000    2.73677E-09
   9   -2.30769E-02   -1.80000E-02    1.05737    130.857    1.00000    2.73677E-09
   9   -2.30769E-02   -1.60000E-02    1.05737    130.857    1.00000    2.73677E-09
   9   -2.30769E-02   -1.40000E-02    1.05737    130.857    1.00000    2.73677E-09
   9   -2.30769E-02   -1.20000E-02    1.05737    130.857    1.00000    2.73677E-09
   9   -2.30769E-02   -1.00000E-02    1.05737    130.857    1.00000    2.73677E-09
   9   -2.30769E-02   -8.00000E-03    1.05737    130.857    1.00000    2.73677E-09
   9   -2.30769E-02   -6.00000E-03    1.05737    130.857    1.00000    2.73677E-09
   9   -2.30769E-02   -4.00000E-03    1.05737    130.857    1.00000    2.73677E-09
   9   -2.30769E-02   -2.00000E-03    1.05737    130.857    1.00000    2.73677E-09
   9   -2.30769E-02  0.    1.05737    130.857    1.00000    2.73677E-09
   9   -2.30769E-02    2.00000E-03    1.05737    130.857    1.00000    2.73677E-09
   9   -2.30769E-02    4.00000E-03    1.05737    130.857    1.00000    2.73677E-09
   9   -2.30769E-02    6.00000E-03    1.05737    130.857    1.00000    2.73677E-09
   9   -2.30769E-02    8.00000E-03    1.05737    130.857    1.00000    2.73677E-09
   9   -2.30769E-02    1.00000E-02    1.05737    130.857    1.00000    2.73677E-09
   9   -2.30769E-02    1.20000E-02    1.05737    130.857    1.00000    2.73677E-09
   9   -2.30769E-02    1.40000E-02    1.05737    130.857    1.00000    2.73677E-09
   9   -2.30769E-02    1.60000E-02    1.05737    130.857    1.00000    2.73677E-09
   9   -2.30769E-02    1.80000E-02    1.05737    130.857    1.00000    2.73677E-09
   9   -2.30769E-02    2.00000E-02    1.05737    130.857    1.00000    2.73677E-09
   9   -2.30769E-02    2.20000E-02    1.05737    130.857    1.00000    2.73677E-09
   9   -2.30769E-02    2.40000E-02    1.05737    130.857    1.00000    2.73677E-09
   9   -2.30769E-02    2.60000E-02    1.05667    130.788    1.00000    2.73601E-09
   9   -2.30769E-02    2.80000E-02    1.05626    130.719    1.00000    2.73677E-09
   9   -2.30769E-02    3.00000E-02    1.05514    130.581    1.00000    2.73677E-09
   9   -2.30769E-02    3.20000E-02    1.05459    130.512    1.00000    2.73677E-09
   9   -2.30769E-02    3.40000E-02    1.05319    130.375    1.00000    2.73525E-09
   9   -2.30769E-02    3.60000E-02    1.05292    130.306    1.00000    2.73677E-09
   9   -2.30769E-02    3.80000E-02    1.04986    129.965    1.00000    2.73525E-09
   9   -2.30769E-02    4.00000E-02    1.04715    129.555    1.00000    2.73829E-09
   9   -2.30769E-02    4.20000E-02    1.04276    129.084    1.00000    2.73525E-09
   9   -2.30769E-02    4.40000E-02    1.03949    128.681    1.00000    2.73525E-09
   9   -2.30769E-02    4.60000E-02    1.03630    128.213    1.00000    2.73829E-09
   9   -2.30769E-02    4.80000E-02    1.03303    127.816    1.00000    2.73829E-09
   9   -2.30769E-02    5.00000E-02    1.02984    127.421    1.00000    2.73829E-09
   9   -1.92308E-02   -4.80000E-02   -30.7136   -25.9427    1.00000    1.24236E-05
   9   -1.92308E-02   -4.60000E-02    1.04643    92.9904    1.00000    2.36497E-08
   9   -1.92308E-02   -4.40000E-02    1.03437    91.8852    1.00000    2.36676E-08
   9   -1.92308E-02   -4.20000E-02    1.02150    90.7586    1.00000    2.36587E-08
   9   -1.92308E-02   -4.00000E-02    1.01024    89.7501    1.00000    2.36631E-08
   9   -1.92308E-02   -3.80000E-02    1.01024    89.7501    1.00000    2.36631E-08
   9   -1.92308E-02   -3.60000E-02    1.01024    89.7501    1.00000    2.36631E-08
   9   -1.92308E-02   -3.40000E-02    1.01024    89.7501    1.00000    2.36631E-08
   9   -1.92308E-02   -3.20000E-02    1.01024    89.7501    1.00000    2.36631E-08
   9   -1.92308E-02   -3.00000E-02    1.01024    89.7501    1.00000    2.36631E-08
   9   -1.92308E-02   -2.80000E-02    1.01024    89.7501    1.00000    2.36631E-08
   9   -1.92308E-02   -2.60000E-02    1.01024    89.7501    1.00000    2.36631E-08
   9   -1.92308E-02   -2.40000E-02    1.01024    89.7501    1.00000    2.36631E-08
   9   -1.92308E-02   -2.20000E-02    1.01024    89.7501    1.00000    2.36631E-08
   9   -1.92308E-02   -2.00000E-02    1.01024    89.7501    1.00000    2.36631E-08
   9   -1.92308E-02   -1.80000E-02    1.01024    89.7501    1.00000    2.36631E-08
   9   -1.92308E-02   -1.60000E-02    1.01024    89.7501    1.00000    2.36631E-08
   9   -1.92308E-02   -1.40000E-02    1.01024    89.7501    1.00000    2.36631E-08
   9   -1.92308E-02   -1.20000E-02    1.01024    89.7501    1.00000    2.36631E-08
   9   -1.92308E-02   -1.00000E-02    1.01024    89.7501    1.00000    2.36631E-08
   9   -1.92308E-02   -8.00000E-03    1.01024    89.7501    1.00000    2.36631E-08
   9   -1.92308E-02   -6.00000E-03    1.01024    89.7501    1.00000    2.36631E-08
   9   -1.92308E-02   -4.00000E-03    1.01024    89.7501    1.00000    2.36631E-08
   9   -1.92308E-02   -2.00000E-03    1.01024    89.7501    1.00000    2.36631E-08
   9   -1.92308E-02  0.    1.01024    89.7501    1.00000    2.36631E-08
   9   -1.92308E-02    2.00000E-03    1.01024    89.7501    1.00000    2.36631E-08
   9   -1.92308E-02    4.00000E-03    1.01024    89.7501    1.00000    2.36631E-08
   9   -1.92308E-02    6.00000E-03    1.01024    89.7501    1.00000    2.36631E-08
   9   -1.92308E-02    8.00000E-03    1.01024    89.7501    1.00000    2.36631E-08
   9   -1.92308E-02    1.00000E-02    1.01024    89.7501    1.00000    2.36631E-08
   9   -1.92308E-02    1.20000E-02    1.01024    89.7501    1.00000    2.36631E-08
   9   -1.92308E-02    1.40000E-02    1.01024    89.7501    1.00000    2.36631E-08
   9   -1.92308E-02    1.60000E-02    1.01024    89.7501    1.00000    2.36631E-08
   9   -1.92308E-02    1.80000E-02    1.01024    89.7501    1.00000    2.36631E-08
   9   -1.92308E-02    2.00000E-02    1.01024    89.7501    1.00000    2.36631E-08
   9   -1.92308E-02    2.20000E-02    1.01024    89.7501    1.00000    2.36631E-08
   9   -1.92308E-02    2.40000E-02    1.01024    89.7501    1.00000    2.36631E-08
   9   -1.92308E-02    2.60000E-02    1.00974    89.7048    1.00000    2.36631E-08
   9   -1.92308E-02    2.80000E-02    1.00913    89.6595    1.00000    2.36587E-08
   9   -1.92308E-02    3.00000E-02    1.00792    89.5693    1.00000    2.36497E-08
   9   -1.92308E-02    3.20000E-02    1.00761    89.5240    1.00000    2.36587E-08
   9   -1.92308E-02    3.40000E-02    1.00659    89.4339    1.00000    2.36587E-08
   9   -1.92308E-02    3.60000E-02    1.00609    89.3889    1.00000    2.36587E-08
   9   -1.92308E-02    3.80000E-02    1.00388    89.2096    1.00000    2.36497E-08
   9   -1.92308E-02    4.00000E-02    1.00074    88.8967    1.00000    2.36676E-08
   9   -1.92308E-02    4.20000E-02   0.997618    88.5858    1.00000    2.36855E-08
   9   -1.92308E-02    4.40000E-02   0.994266    88.3222    1.00000    2.36676E-08
   9   -1.92308E-02    4.60000E-02   0.991301    88.0596    1.00000    2.36676E-08
   9   -1.92308E-02    4.80000E-02   0.987163    87.7570    1.00000    2.36318E-08
   9   -1.92308E-02    5.00000E-02   0.984593    87.4969    1.00000    2.36497E-08
   9   -1.53846E-02   -4.80000E-02   -32.8847   -24.7456    1.00000    2.42815E-05
   9   -1.53846E-02   -4.60000E-02    9.59842E-02    68.8622    1.00000    1.11631E-09
   9   -1.53846E-02   -4.40000E-02    9.57153E-02    68.7894    1.00000    1.11242E-09
   9   -1.53846E-02   -4.20000E-02    9.55844E-02    68.7104    1.00000    1.11194E-09
   9   -1.53846E-02   -4.00000E-02    9.53428E-02    68.6416    1.00000    1.10854E-09
   9   -1.53846E-02   -3.80000E-02    9.53428E-02    68.6416    1.00000    1.10854E-09
   9   -1.53846E-02   -3.60000E-02    9.53428E-02    68.6416    1.00000    1.10854E-09
   9   -1.53846E-02   -3.40000E-02    9.53428E-02    68.6416    1.00000    1.10854E-09
   9   -1.53846E-02   -3.20000E-02    9.53428E-02    68.6416    1.00000    1.10854E-09
   9   -1.53846E-02   -3.00000E-02    9.53428E-02    68.6416    1.00000    1.10854E-09
   9   -1.53846E-02   -2.80000E-02    9.53428E-02    68.6416    1.00000    1.10854E-09
   9   -1.53846E-02   -2.60000E-02    9.53428E-02    68.6416    1.00000    1.10854E-09
   9   -1.53846E-02   -2.40000E-02    9.53428E-02    68.6416    1.00000    1.10854E-09
   9   -1.53846E-02   -2.20000E-02    9.53428E-02    68.6416    1.00000    1.10854E-09
   9   -1.53846E-02   -2.00000E-02    9.53428E-02    68.6416    1.00000    1.10854E-09
   9   -1.53846E-02   -1.80000E-02    9.53428E-02    68.6416    1.00000    1.10854E-09
   9   -1.53846E-02   -1.60000E-02    9.53428E-02    68.6416    1.00000    1.10854E-09
   9   -1.53846E-02   -1.40000E-02    9.53428E-02    68.6416    1.00000    1.10854E-09
   9   -1.53846E-02   -1.20000E-02    9.53428E-02    68.6416    1.00000    1.10854E-09
   9   -1.53846E-02   -1.00000E-02    9.53428E-02    68.6416    1.00000    1.10854E-09
   9   -1.53846E-02   -8.00000E-03    9.53428E-02    68.6416    1.00000    1.10854E-09
   9   -1.53846E-02   -6.00000E-03    9.53428E-02    68.6416    1.00000    1.10854E-09
   9   -1.53846E-02   -4.00000E-03    9.53428E-02    68.6416    1.00000    1.10854E-09
   9   -1.53846E-02   -2.00000E-03    9.53428E-02    68.6416    1.00000    1.10854E-09
   9   -1.53846E-02  0.    9.53428E-02    68.6416    1.00000    1.10854E-09
   9   -1.53846E-02    2.00000E-03    9.53428E-02    68.6416    1.00000    1.10854E-09
   9   -1.53846E-02    4.00000E-03    9.53428E-02    68.6416    1.00000    1.10854E-09
   9   -1.53846E-02    6.00000E-03    9.53428E-02    68.6416    1.00000    1.10854E-09
   9   -1.53846E-02    8.00000E-03    9.53428E-02    68.6416    1.00000    1.10854E-09
   9   -1.53846E-02    1.00000E-02    9.53428E-02    68.6416    1.00000    1.10854E-09
   9   -1.53846E-02    1.20000E-02    9.53428E-02    68.6416    1.00000    1.10854E-09
   9   -1.53846E-02    1.40000E-02    9.53428E-02    68.6416    1.00000    1.10854E-09
   9   -1.53846E-02    1.60000E-02    9.53428E-02    68.6416    1.00000    1.10854E-09
   9   -1.53846E-02    1.80000E-02    9.53428E-02    68.6416    1.00000    1.10854E-09
   9   -1.53846E-02    2.00000E-02    9.53428E-02    68.6416    1.00000    1.10854E-09
   9   -1.53846E-02    2.20000E-02    9.53428E-02    68.6416    1.00000    1.10854E-09
   9   -1.53846E-02    2.40000E-02    9.53428E-02    68.6416    1.00000    1.10854E-09
   9   -1.53846E-02    2.60000E-02    9.55049E-02    68.6383    1.00000    1.11242E-09
   9   -1.53846E-02    2.80000E-02    9.53337E-02    68.6351    1.00000    1.10854E-09
   9   -1.53846E-02    3.00000E-02    9.54913E-02    68.6284    1.00000    1.11242E-09
   9   -1.53846E-02    3.20000E-02    9.53202E-02    68.6253    1.00000    1.10854E-09
   9   -1.53846E-02    3.40000E-02    9.54821E-02    68.6219    1.00000    1.11242E-09
   9   -1.53846E-02    3.60000E-02    9.53063E-02    68.6155    1.00000    1.10854E-09
   9   -1.53846E-02    3.80000E-02    9.52881E-02    68.6024    1.00000    1.10854E-09
   9   -1.53846E-02    4.00000E-02    9.52563E-02    68.5795    1.00000    1.10854E-09
   9   -1.53846E-02    4.20000E-02    9.52291E-02    68.5599    1.00000    1.10854E-09
   9   -1.53846E-02    4.40000E-02    9.48643E-02    68.5377    1.00000    1.10080E-09
   9   -1.53846E-02    4.60000E-02    9.51697E-02    68.5175    1.00000    1.10854E-09
   9   -1.53846E-02    4.80000E-02    9.51389E-02    68.4947    1.00000    1.10854E-09
   9   -1.53846E-02    5.00000E-02    9.51118E-02    68.4752    1.00000    1.10854E-09
   9   -1.15385E-02   -5.00000E-02   -19.0508   -6.51993    1.00000    3.02409E-09
   9   -1.15385E-02   -4.80000E-02   -34.8758   -24.1012    1.00000    4.27348E-05
   9   -1.15385E-02   -4.60000E-02   0.257019    55.8148    1.00000    2.83764E-08
   9   -1.15385E-02   -4.40000E-02   0.256294    55.6574    1.00000    2.83764E-08
   9   -1.15385E-02   -4.20000E-02   0.255525    55.4868    1.00000    2.83801E-08
   9   -1.15385E-02   -4.00000E-02   0.254857    55.3454    1.00000    2.83764E-08
   9   -1.15385E-02   -3.80000E-02   0.254857    55.3454    1.00000    2.83764E-08
   9   -1.15385E-02   -3.60000E-02   0.254857    55.3454    1.00000    2.83764E-08
   9   -1.15385E-02   -3.40000E-02   0.254857    55.3454    1.00000    2.83764E-08
   9   -1.15385E-02   -3.20000E-02   0.254857    55.3454    1.00000    2.83764E-08
   9   -1.15385E-02   -3.00000E-02   0.254857    55.3454    1.00000    2.83764E-08
   9   -1.15385E-02   -2.80000E-02   0.254857    55.3454    1.00000    2.83764E-08
   9   -1.15385E-02   -2.60000E-02   0.254857    55.3454    1.00000    2.83764E-08
   9   -1.15385E-02   -2.40000E-02   0.254857    55.3454    1.00000    2.83764E-08
   9   -1.15385E-02   -2.20000E-02   0.254857    55.3454    1.00000    2.83764E-08
   9   -1.15385E-02   -2.00000E-02   0.254857    55.3454    1.00000    2.83764E-08
   9   -1.15385E-02   -1.80000E-02   0.254857    55.3454    1.00000    2.83764E-08
   9   -1.15385E-02   -1.60000E-02   0.254857    55.3454    1.00000    2.83764E-08
   9   -1.15385E-02   -1.40000E-02   0.254857    55.3454    1.00000    2.83764E-08
   9   -1.15385E-02   -1.20000E-02   0.254857    55.3454    1.00000    2.83764E-08
   9   -1.15385E-02   -1.00000E-02   0.254857    55.3454    1.00000    2.83764E-08
   9   -1.15385E-02   -8.00000E-03   0.254857    55.3454    1.00000    2.83764E-08
   9   -1.15385E-02   -6.00000E-03   0.254857    55.3454    1.00000    2.83764E-08
   9   -1.15385E-02   -4.00000E-03   0.254857    55.3454    1.00000    2.83764E-08
   9   -1.15385E-02   -2.00000E-03   0.254857    55.3454    1.00000    2.83764E-08
   9   -1.15385E-02  0.   0.254857    55.3454    1.00000    2.83764E-08
   9   -1.15385E-02    2.00000E-03   0.254857    55.3454    1.00000    2.83764E-08
   9   -1.15385E-02    4.00000E-03   0.254857    55.3454    1.00000    2.83764E-08
   9   -1.15385E-02    6.00000E-03   0.254857    55.3454    1.00000    2.83764E-08
   9   -1.15385E-02    8.00000E-03   0.254857    55.3454    1.00000    2.83764E-08
   9   -1.15385E-02    1.00000E-02   0.254857    55.3454    1.00000    2.83764E-08
   9   -1.15385E-02    1.20000E-02   0.254857    55.3454    1.00000    2.83764E-08
   9   -1.15385E-02    1.40000E-02   0.254857    55.3454    1.00000    2.83764E-08
   9   -1.15385E-02    1.60000E-02   0.254857    55.3454    1.00000    2.83764E-08
   9   -1.15385E-02    1.80000E-02   0.254857    55.3454    1.00000    2.83764E-08
   9   -1.15385E-02    2.00000E-02   0.254857    55.3454    1.00000    2.83764E-08
   9   -1.15385E-02    2.20000E-02   0.254857    55.3454    1.00000    2.83764E-08
   9   -1.15385E-02    2.40000E-02   0.254857    55.3454    1.00000    2.83764E-08
   9   -1.15385E-02    2.60000E-02   0.254913    55.3383    1.00000    2.83960E-08
   9   -1.15385E-02    2.80000E-02   0.254880    55.3312    1.00000    2.83960E-08
   9   -1.15385E-02    3.00000E-02   0.254815    55.3171    1.00000    2.83960E-08
   9   -1.15385E-02    3.20000E-02   0.254783    55.3100    1.00000    2.83960E-08
   9   -1.15385E-02    3.40000E-02   0.254751    55.3030    1.00000    2.83960E-08
   9   -1.15385E-02    3.60000E-02   0.254598    55.2890    1.00000    2.83764E-08
   9   -1.15385E-02    3.80000E-02   0.254644    55.2607    1.00000    2.84156E-08
   9   -1.15385E-02    4.00000E-02   0.254066    55.2119    1.00000    2.83372E-08
   9   -1.15385E-02    4.20000E-02   0.254222    55.1694    1.00000    2.84156E-08
   9   -1.15385E-02    4.40000E-02   0.253648    55.1208    1.00000    2.83372E-08
   9   -1.15385E-02    4.60000E-02   0.253627    55.0787    1.00000    2.83764E-08
   9   -1.15385E-02    4.80000E-02   0.253753    55.0292    1.00000    2.84549E-08
   9   -1.15385E-02    5.00000E-02   0.253036    54.9883    1.00000    2.83372E-08
   9   -7.69231E-03   -5.00000E-02   -19.5097   -5.82412    1.00000    3.30872E-08
   9   -7.69231E-03   -4.80000E-02   -36.5980   -23.2476    1.00000    6.44451E-05
   9   -7.69231E-03   -4.60000E-02    12.2623    59.9254    1.00000    5.89579E-05
   9   -7.69231E-03   -4.40000E-02   -9.84531E-02    46.5787    1.00000    1.21669E-08
   9   -7.69231E-03   -4.20000E-02   -9.85696E-02    46.6338    1.00000    1.21669E-08
   9   -7.69231E-03   -4.00000E-02   -9.87141E-02    46.6775    1.00000    1.21797E-08
   9   -7.69231E-03   -3.80000E-02   -9.87141E-02    46.6775    1.00000    1.21797E-08
   9   -7.69231E-03   -3.60000E-02   -9.87141E-02    46.6775    1.00000    1.21797E-08
   9   -7.69231E-03   -3.40000E-02   -9.87141E-02    46.6775    1.00000    1.21797E-08
   9   -7.69231E-03   -3.20000E-02   -9.87141E-02    46.6775    1.00000    1.21797E-08
   9   -7.69231E-03   -3.00000E-02   -9.87141E-02    46.6775    1.00000    1.21797E-08
   9   -7.69231E-03   -2.80000E-02   -9.87141E-02    46.6775    1.00000    1.21797E-08
   9   -7.69231E-03   -2.60000E-02   -9.87141E-02    46.6775    1.00000    1.21797E-08
   9   -7.69231E-03   -2.40000E-02   -9.87141E-02    46.6775    1.00000    1.21797E-08
   9   -7.69231E-03   -2.20000E-02   -9.87141E-02    46.6775    1.00000    1.21797E-08
   9   -7.69231E-03   -2.00000E-02   -9.87141E-02    46.6775    1.00000    1.21797E-08
   9   -7.69231E-03   -1.80000E-02   -9.87141E-02    46.6775    1.00000    1.21797E-08
   9   -7.69231E-03   -1.60000E-02   -9.87141E-02    46.6775    1.00000    1.21797E-08
   9   -7.69231E-03   -1.40000E-02   -9.87141E-02    46.6775    1.00000    1.21797E-08
   9   -7.69231E-03   -1.20000E-02   -9.87141E-02    46.6775    1.00000    1.21797E-08
   9   -7.69231E-03   -1.00000E-02   -9.87141E-02    46.6775    1.00000    1.21797E-08
   9   -7.69231E-03   -8.00000E-03   -9.87141E-02    46.6775    1.00000    1.21797E-08
   9   -7.69231E-03   -6.00000E-03   -9.87141E-02    46.6775    1.00000    1.21797E-08
   9   -7.69231E-03   -4.00000E-03   -9.87141E-02    46.6775    1.00000    1.21797E-08
   9   -7.69231E-03   -2.00000E-03   -9.87141E-02    46.6775    1.00000    1.21797E-08
   9   -7.69231E-03  0.   -9.87141E-02    46.6775    1.00000    1.21797E-08
   9   -7.69231E-03    2.00000E-03   -9.87141E-02    46.6775    1.00000    1.21797E-08
   9   -7.69231E-03    4.00000E-03   -9.87141E-02    46.6775    1.00000    1.21797E-08
   9   -7.69231E-03    6.00000E-03   -9.87141E-02    46.6775    1.00000    1.21797E-08
   9   -7.69231E-03    8.00000E-03   -9.87141E-02    46.6775    1.00000    1.21797E-08
   9   -7.69231E-03    1.00000E-02   -9.87141E-02    46.6775    1.00000    1.21797E-08
   9   -7.69231E-03    1.20000E-02   -9.87141E-02    46.6775    1.00000    1.21797E-08
   9   -7.69231E-03    1.40000E-02   -9.87141E-02    46.6775    1.00000    1.21797E-08
   9   -7.69231E-03    1.60000E-02   -9.87141E-02    46.6775    1.00000    1.21797E-08
   9   -7.69231E-03    1.80000E-02   -9.87141E-02    46.6775    1.00000    1.21797E-08
   9   -7.69231E-03    2.00000E-02   -9.87141E-02    46.6775    1.00000    1.21797E-08
   9   -7.69231E-03    2.20000E-02   -9.87141E-02    46.6775    1.00000    1.21797E-08
   9   -7.69231E-03    2.40000E-02   -9.87141E-02    46.6775    1.00000    1.21797E-08
   9   -7.69231E-03    2.60000E-02   -9.86670E-02    46.6798    1.00000    1.21669E-08
   9   -7.69231E-03    2.80000E-02   -9.86718E-02    46.6821    1.00000    1.21669E-08
   9   -7.69231E-03    3.00000E-02   -9.88329E-02    46.6845    1.00000    1.22054E-08
   9   -7.69231E-03    3.20000E-02   -9.87386E-02    46.6890    1.00000    1.21797E-08
   9   -7.69231E-03    3.40000E-02   -9.86391E-02    46.6912    1.00000    1.21540E-08
   9   -7.69231E-03    3.60000E-02   -9.87532E-02    46.6959    1.00000    1.21797E-08
   9   -7.69231E-03    3.80000E-02   -9.87728E-02    46.7052    1.00000    1.21797E-08
   9   -7.69231E-03    4.00000E-02   -9.90152E-02    46.7215    1.00000    1.22312E-08
   9   -7.69231E-03    4.20000E-02   -9.88360E-02    46.7352    1.00000    1.21797E-08
   9   -7.69231E-03    4.40000E-02   -9.89750E-02    46.7515    1.00000    1.22054E-08
   9   -7.69231E-03    4.60000E-02   -9.88989E-02    46.7652    1.00000    1.21797E-08
   9   -7.69231E-03    4.80000E-02   -9.89287E-02    46.7791    1.00000    1.21797E-08
   9   -7.69231E-03    5.00000E-02   -9.87543E-02    46.7949    1.00000    1.21284E-08
   9   -3.84615E-03   -5.00000E-02   -19.7761   -4.03520    1.00000    5.98663E-08
   9   -3.84615E-03   -4.80000E-02   -37.4143   -21.1142    1.00000    8.59206E-05
   9   -3.84615E-03   -4.60000E-02    36.1897    72.4127    1.00000    2.75120E-04
   9   -3.84615E-03   -4.40000E-02    2.75779E-02    40.1467    1.00000    2.32285E-09
   9   -3.84615E-03   -4.20000E-02    2.75687E-02    40.1334    1.00000    2.32285E-09
   9   -3.84615E-03   -4.00000E-02    2.75615E-02    40.1229    1.00000    2.32285E-09
   9   -3.84615E-03   -3.80000E-02    2.75615E-02    40.1229    1.00000    2.32285E-09
   9   -3.84615E-03   -3.60000E-02    2.75615E-02    40.1229    1.00000    2.32285E-09
   9   -3.84615E-03   -3.40000E-02    2.75615E-02    40.1229    1.00000    2.32285E-09
   9   -3.84615E-03   -3.20000E-02    2.75615E-02    40.1229    1.00000    2.32285E-09
   9   -3.84615E-03   -3.00000E-02    2.75615E-02    40.1229    1.00000    2.32285E-09
   9   -3.84615E-03   -2.80000E-02    2.75615E-02    40.1229    1.00000    2.32285E-09
   9   -3.84615E-03   -2.60000E-02    2.75615E-02    40.1229    1.00000    2.32285E-09
   9   -3.84615E-03   -2.40000E-02    2.75615E-02    40.1229    1.00000    2.32285E-09
   9   -3.84615E-03   -2.20000E-02    2.75615E-02    40.1229    1.00000    2.32285E-09
   9   -3.84615E-03   -2.00000E-02    2.75615E-02    40.1229    1.00000    2.32285E-09
   9   -3.84615E-03   -1.80000E-02    2.75615E-02    40.1229    1.00000    2.32285E-09
   9   -3.84615E-03   -1.60000E-02    2.75615E-02    40.1229    1.00000    2.32285E-09
   9   -3.84615E-03   -1.40000E-02    2.75615E-02    40.1229    1.00000    2.32285E-09
   9   -3.84615E-03   -1.20000E-02    2.75615E-02    40.1229    1.00000    2.32285E-09
   9   -3.84615E-03   -1.00000E-02    2.75615E-02    40.1229    1.00000    2.32285E-09
   9   -3.84615E-03   -8.00000E-03    2.75615E-02    40.1229    1.00000    2.32285E-09
   9   -3.84615E-03   -6.00000E-03    2.75615E-02    40.1229    1.00000    2.32285E-09
   9   -3.84615E-03   -4.00000E-03    2.75615E-02    40.1229    1.00000    2.32285E-09
   9   -3.84615E-03   -2.00000E-03    2.75615E-02    40.1229    1.00000    2.32285E-09
   9   -3.84615E-03  0.    2.75615E-02    40.1229    1.00000    2.32285E-09
   9   -3.84615E-03    2.00000E-03    2.75615E-02    40.1229    1.00000    2.32285E-09
   9   -3.84615E-03    4.00000E-03    2.75615E-02    40.1229    1.00000    2.32285E-09
   9   -3.84615E-03    6.00000E-03    2.75615E-02    40.1229    1.00000    2.32285E-09
   9   -3.84615E-03    8.00000E-03    2.75615E-02    40.1229    1.00000    2.32285E-09
   9   -3.84615E-03    1.00000E-02    2.75615E-02    40.1229    1.00000    2.32285E-09
   9   -3.84615E-03    1.20000E-02    2.75615E-02    40.1229    1.00000    2.32285E-09
   9   -3.84615E-03    1.40000E-02    2.75615E-02    40.1229    1.00000    2.32285E-09
   9   -3.84615E-03    1.60000E-02    2.75615E-02    40.1229    1.00000    2.32285E-09
   9   -3.84615E-03    1.80000E-02    2.75615E-02    40.1229    1.00000    2.32285E-09
   9   -3.84615E-03    2.00000E-02    2.75615E-02    40.1229    1.00000    2.32285E-09
   9   -3.84615E-03    2.20000E-02    2.75615E-02    40.1229    1.00000    2.32285E-09
   9   -3.84615E-03    2.40000E-02    2.75615E-02    40.1229    1.00000    2.32285E-09
   9   -3.84615E-03    2.60000E-02    2.75611E-02    40.1224    1.00000    2.32285E-09
   9   -3.84615E-03    2.80000E-02    2.74942E-02    40.1219    1.00000    2.31164E-09
   9   -3.84615E-03    3.00000E-02    2.76269E-02    40.1212    1.00000    2.33408E-09
   9   -3.84615E-03    3.20000E-02    2.76262E-02    40.1201    1.00000    2.33408E-09
   9   -3.84615E-03    3.40000E-02    2.76258E-02    40.1196    1.00000    2.33408E-09
   9   -3.84615E-03    3.60000E-02    2.76250E-02    40.1185    1.00000    2.33408E-09
   9   -3.84615E-03    3.80000E-02    2.74904E-02    40.1163    1.00000    2.31164E-09
   9   -3.84615E-03    4.00000E-02   0.825644    39.4746    1.00000    2.01286E-06
   9   -3.84615E-03    4.20000E-02    1.73234    38.9928    1.00000    8.14553E-06
   9   -3.84615E-03    4.40000E-02    1.48062    39.7708    1.00000    5.42318E-06
   9   -3.84615E-03    4.60000E-02   0.945374    40.9728    1.00000    2.01914E-06
   9   -3.84615E-03    4.80000E-02   0.709884    41.8240    1.00000    1.04617E-06
   9   -3.84615E-03    5.00000E-02   0.147841    43.2559    1.00000    4.15995E-08
   9  0.   -5.00000E-02   -19.9100   -3.00984    1.00000    1.19023E-07
   9  0.   -4.80000E-02   -37.9265   -19.4058    1.00000    1.13401E-04
   9  0.   -4.60000E-02    202.320    188.429    1.00000    7.00127E-04
   9  0.   -4.40000E-02  -0.106890    35.1919    1.00000    7.75592E-08
   9  0.   -4.20000E-02  -0.107016    35.2371    1.00000    7.75430E-08
   9  0.   -4.00000E-02  -0.107035    35.2729    1.00000    7.74134E-08
   9  0.   -3.80000E-02  -0.107035    35.2729    1.00000    7.74134E-08
   9  0.   -3.60000E-02  -0.107035    35.2729    1.00000    7.74134E-08
   9  0.   -3.40000E-02  -0.107035    35.2729    1.00000    7.74134E-08
   9  0.   -3.20000E-02  -0.107035    35.2729    1.00000    7.74134E-08
   9  0.   -3.00000E-02  -0.107035    35.2729    1.00000    7.74134E-08
   9  0.   -2.80000E-02  -0.107035    35.2729    1.00000    7.74134E-08
   9  0.   -2.60000E-02  -0.107035    35.2729    1.00000    7.74134E-08
   9  0.   -2.40000E-02  -0.107035    35.2729    1.00000    7.74134E-08
   9  0.   -2.20000E-02  -0.107035    35.2729    1.00000    7.74134E-08
   9  0.   -2.00000E-02  -0.107035    35.2729    1.00000    7.74134E-08
   9  0.   -1.80000E-02  -0.107035    35.2729    1.00000    7.74134E-08
   9  0.   -1.60000E-02  -0.107035    35.2729    1.00000    7.74134E-08
   9  0.   -1.40000E-02  -0.107035    35.2729    1.00000    7.74134E-08
   9  0.   -1.20000E-02  -0.107035    35.2729    1.00000    7.74134E-08
   9  0.   -1.00000E-02  -0.107035    35.2729    1.00000    7.74134E-08
   9  0.   -8.00000E-03  -0.107035    35.2729    1.00000    7.74134E-08
   9  0.   -6.00000E-03  -0.107035    35.2729    1.00000    7.74134E-08
   9  0.   -4.00000E-03  -0.107035    35.2729    1.00000    7.74134E-08
   9  0.   -2.00000E-03  -0.107035    35.2729    1.00000    7.74134E-08
   9  0.  0.  -0.107035    35.2729    1.00000    7.74134E-08
   9  0.    2.00000E-03  -0.107035    35.2729    1.00000    7.74134E-08
   9  0.    4.00000E-03  -0.107035    35.2729    1.00000    7.74134E-08
   9  0.    6.00000E-03  -0.107035    35.2729    1.00000    7.74134E-08
   9  0.    8.00000E-03  -0.107035    35.2729    1.00000    7.74134E-08
   9  0.    1.00000E-02  -0.107035    35.2729    1.00000    7.74134E-08
   9  0.    1.20000E-02  -0.107035    35.2729    1.00000    7.74134E-08
   9  0.    1.40000E-02  -0.107035    35.2729    1.00000    7.74134E-08
   9  0.    1.60000E-02  -0.107035    35.2729    1.00000    7.74134E-08
   9  0.    1.80000E-02  -0.107035    35.2729    1.00000    7.74134E-08
   9  0.    2.00000E-02   0.718984    34.9103    1.00000    3.29518E-06
   9  0.    2.20000E-02    1.96782    34.4016    1.00000    2.25446E-05
   9  0.    2.40000E-02    3.01345    34.1338    1.00000    4.86120E-05
   9  0.    2.60000E-02    3.35067    34.3532    1.00000    5.53534E-05
   9  0.    2.80000E-02    3.43584    34.8484    1.00000    5.27060E-05
   9  0.    3.00000E-02    3.28346    35.4759    1.00000    4.41930E-05
   9  0.    3.20000E-02    3.11586    36.0776    1.00000    3.65897E-05
   9  0.    3.40000E-02    3.22957    36.4786    1.00000    3.60886E-05
   9  0.    3.60000E-02    3.04910    37.1341    1.00000    2.94743E-05
   9  0.    3.80000E-02    2.54348    38.0730    1.00000    1.87495E-05
   9  0.    4.00000E-02    2.01689    39.0102    1.00000    1.07760E-05
   9  0.    4.20000E-02    2.03258    39.5090    1.00000    9.88565E-06
   9  0.    4.40000E-02    1.16312    41.0641    1.00000    2.94213E-06
   9  0.    4.60000E-02   0.930290    41.8603    1.00000    1.73359E-06
   9  0.    4.80000E-02   0.683941    42.7586    1.00000    8.59141E-07
   9  0.    5.00000E-02   0.121625    44.1748    1.00000    2.49195E-08
   9    3.84615E-03   -5.00000E-02   -19.8496   -1.51262    1.00000    5.77630E-08
   9    3.84615E-03   -4.80000E-02   -37.5388   -16.7704    1.00000    1.33931E-04
   9    3.84615E-03   -4.60000E-02   -5515.19   -3727.10    1.00000    1.00929E-03
   9    3.84615E-03   -4.40000E-02    4.35386    32.4308    1.00000    1.54275E-04
   9    3.84615E-03   -4.20000E-02   -2.35762E-02    31.3900    1.00000    7.47159E-09
   9    3.84615E-03   -4.00000E-02   -2.35656E-02    31.3971    1.00000    7.46153E-09
   9    3.84615E-03   -3.80000E-02   -2.35656E-02    31.3971    1.00000    7.46153E-09
   9    3.84615E-03   -3.60000E-02   -2.35656E-02    31.3971    1.00000    7.46153E-09
   9    3.84615E-03   -3.40000E-02   -2.35656E-02    31.3971    1.00000    7.46153E-09
   9    3.84615E-03   -3.20000E-02   -2.35656E-02    31.3971    1.00000    7.46153E-09
   9    3.84615E-03   -3.00000E-02   -2.35656E-02    31.3971    1.00000    7.46153E-09
   9    3.84615E-03   -2.80000E-02   -2.35656E-02    31.3971    1.00000    7.46153E-09
   9    3.84615E-03   -2.60000E-02   -2.35656E-02    31.3971    1.00000    7.46153E-09
   9    3.84615E-03   -2.40000E-02   -2.35656E-02    31.3971    1.00000    7.46153E-09
   9    3.84615E-03   -2.20000E-02   -2.35656E-02    31.3971    1.00000    7.46153E-09
   9    3.84615E-03   -2.00000E-02   -2.35656E-02    31.3971    1.00000    7.46153E-09
   9    3.84615E-03   -1.80000E-02   -2.35656E-02    31.3971    1.00000    7.46153E-09
   9    3.84615E-03   -1.60000E-02   -2.35656E-02    31.3971    1.00000    7.46153E-09
   9    3.84615E-03   -1.40000E-02  -0.211876    31.5398    1.00000    6.02937E-07
   9    3.84615E-03   -1.20000E-02  -0.592196    31.8278    1.00000    4.70629E-06
   9    3.84615E-03   -1.00000E-02  -0.784190    31.9731    1.00000    8.24886E-06
   9    3.84615E-03   -8.00000E-03   -1.19268    32.3364    1.00000    1.90105E-05
   9    3.84615E-03   -6.00000E-03   -1.60801    32.7052    1.00000    3.44256E-05
   9    3.84615E-03   -4.00000E-03   -1.83403    32.9303    1.00000    4.46368E-05
   9    3.84615E-03   -2.00000E-03   -1.92907    33.1618    1.00000    4.79471E-05
   9    3.84615E-03  0.   -1.82639    33.2447    1.00000    4.17467E-05
   9    3.84615E-03    2.00000E-03   -1.90570    33.4402    1.00000    4.41775E-05
   9    3.84615E-03    4.00000E-03   -1.31486    33.3753    1.00000    1.93675E-05
   9    3.84615E-03    6.00000E-03  -0.319785    33.0699    1.00000    1.03999E-06
   9    3.84615E-03    8.00000E-03   0.318376    32.9579    1.00000    9.47861E-07
   9    3.84615E-03    1.00000E-02    1.36832    32.6984    1.00000    1.57868E-05
   9    3.84615E-03    1.20000E-02    2.27103    32.5396    1.00000    3.96232E-05
   9    3.84615E-03    1.40000E-02    2.78064    32.6625    1.00000    5.47264E-05
   9    3.84615E-03    1.60000E-02    3.52086    32.6573    1.00000    7.96615E-05
   9    3.84615E-03    1.80000E-02    3.39921    33.2533    1.00000    6.83337E-05
   9    3.84615E-03    2.00000E-02    3.72580    33.5954    1.00000    7.43099E-05
   9    3.84615E-03    2.20000E-02    3.61110    34.1819    1.00000    6.41836E-05
   9    3.84615E-03    2.40000E-02    3.49155    34.7487    1.00000    5.58865E-05
   9    3.84615E-03    2.60000E-02    3.35468    35.3159    1.00000    4.74887E-05
   9    3.84615E-03    2.80000E-02    3.19538    35.9585    1.00000    3.95279E-05
   9    3.84615E-03    3.00000E-02    3.29733    36.4106    1.00000    3.85822E-05
   9    3.84615E-03    3.20000E-02    3.13334    36.9941    1.00000    3.20211E-05
   9    3.84615E-03    3.40000E-02    2.97073    37.6204    1.00000    2.67241E-05
   9    3.84615E-03    3.60000E-02    2.78747    38.2731    1.00000    2.15412E-05
   9    3.84615E-03    3.80000E-02    2.56889    38.9295    1.00000    1.67626E-05
   9    3.84615E-03    4.00000E-02    2.01721    39.9187    1.00000    9.42411E-06
   9    3.84615E-03    4.20000E-02    1.73819    40.7337    1.00000    6.36940E-06
   9    3.84615E-03    4.40000E-02    1.48223    41.5235    1.00000    4.21140E-06
   9    3.84615E-03    4.60000E-02   0.936791    42.6992    1.00000    1.55918E-06
   9    3.84615E-03    4.80000E-02   0.679503    43.6422    1.00000    7.50585E-07
   9    3.84615E-03    5.00000E-02   0.475348    44.4034    1.00000    3.42891E-07
   9    7.69231E-03   -5.00000E-02   -19.6076   0.106260    1.00000    7.74134E-10
   9    7.69231E-03   -4.80000E-02   -36.8317   -14.6084    1.00000    1.57802E-04
   9    7.69231E-03   -4.60000E-02   -585.737   -355.967    1.00000    1.05419E-03
   9    7.69231E-03   -4.40000E-02   10.22892    31.4992    1.00000    6.40459E-04
   9    7.69231E-03   -4.20000E-02   -1.31052    29.1664    1.00000    4.23415E-05
   9    7.69231E-03   -4.00000E-02    1.47739    28.0572    1.00000    4.31192E-05
   9    7.69231E-03   -3.80000E-02    1.01858    28.4076    1.00000    2.06853E-05
   9    7.69231E-03   -3.60000E-02   0.690464    28.7032    1.00000    9.47565E-06
   9    7.69231E-03   -3.40000E-02   0.356894    29.0031    1.00000    2.52366E-06
   9    7.69231E-03   -3.20000E-02    1.45219E-02    29.3341    1.00000    4.15949E-09
   9    7.69231E-03   -3.00000E-02  -0.331879    29.6438    1.00000    2.16528E-06
   9    7.69231E-03   -2.80000E-02  -0.683873    29.9579    1.00000    9.16292E-06
   9    7.69231E-03   -2.60000E-02   -1.04157    30.2765    1.00000    2.11817E-05
   9    7.69231E-03   -2.40000E-02   -1.56066    30.6955    1.00000    4.78987E-05
   9    7.69231E-03   -2.20000E-02   -1.76010    30.8938    1.00000    6.07356E-05
   9    7.69231E-03   -2.00000E-02   -1.84400    31.0975    1.00000    6.48457E-05
   9    7.69231E-03   -1.80000E-02   -1.92947    31.3036    1.00000    6.90515E-05
   9    7.69231E-03   -1.60000E-02   -2.01668    31.5125    1.00000    7.33577E-05
   9    7.69231E-03   -1.40000E-02   -1.95452    31.6574    1.00000    6.61875E-05
   9    7.69231E-03   -1.20000E-02   -1.86224    31.7330    1.00000    5.84459E-05
   9    7.69231E-03   -1.00000E-02   -1.93542    31.9110    1.00000    6.14454E-05
   9    7.69231E-03   -8.00000E-03   -1.87046    32.0597    1.00000    5.50904E-05
   9    7.69231E-03   -6.00000E-03   -1.77380    32.1366    1.00000    4.81698E-05
   9    7.69231E-03   -4.00000E-03   -1.06557    32.0055    1.00000    1.58553E-05
   9    7.69231E-03   -2.00000E-03    2.30966E-02    31.6494    1.00000    6.69778E-09
   9    7.69231E-03  0.   0.783805    31.4720    1.00000    7.01860E-06
   9    7.69231E-03    2.00000E-03    1.76725    31.2870    1.00000    3.21820E-05
   9    7.69231E-03    4.00000E-03    2.58908    31.2427    1.00000    6.21427E-05
   9    7.69231E-03    6.00000E-03    3.46286    31.1188    1.00000    1.01209E-04
   9    7.69231E-03    8.00000E-03    3.54152    31.6123    1.00000    9.62287E-05
   9    7.69231E-03    1.00000E-02    3.63391    32.0818    1.00000    9.21033E-05
   9    7.69231E-03    1.20000E-02    3.73000    32.5656    1.00000    8.80792E-05
   9    7.69231E-03    1.40000E-02    3.61453    33.1589    1.00000    7.61029E-05
   9    7.69231E-03    1.60000E-02    3.49010    33.7736    1.00000    6.52080E-05
   9    7.69231E-03    1.80000E-02    3.59954    34.2268    1.00000    6.36661E-05
   9    7.69231E-03    2.00000E-02    3.47602    34.8350    1.00000    5.45233E-05
   9    7.69231E-03    2.20000E-02    3.36026    35.3753    1.00000    4.74871E-05
   9    7.69231E-03    2.40000E-02    3.48378    35.8240    1.00000    4.67678E-05
   9    7.69231E-03    2.60000E-02    3.34055    36.3848    1.00000    4.00641E-05
   9    7.69231E-03    2.80000E-02    3.18275    37.0166    1.00000    3.33427E-05
   9    7.69231E-03    3.00000E-02    3.03635    37.5757    1.00000    2.82486E-05
   9    7.69231E-03    3.20000E-02    3.13423    38.0147    1.00000    2.75745E-05
   9    7.69231E-03    3.40000E-02    2.97694    38.6194    1.00000    2.30951E-05
   9    7.69231E-03    3.60000E-02    2.80664    39.1967    1.00000    1.90857E-05
   9    7.69231E-03    3.80000E-02    2.59356    39.8260    1.00000    1.49300E-05
   9    7.69231E-03    4.00000E-02    1.99510    40.9003    1.00000    8.03230E-06
   9    7.69231E-03    4.20000E-02    1.77646    41.5159    1.00000    5.91025E-06
   9    7.69231E-03    4.40000E-02    1.48908    42.4232    1.00000    3.75797E-06
   9    7.69231E-03    4.60000E-02   0.941900    43.5746    1.00000    1.39457E-06
   9    7.69231E-03    4.80000E-02   0.716728    44.3794    1.00000    7.53007E-07
   9    7.69231E-03    5.00000E-02   0.110280    45.9328    1.00000    1.62795E-08
   9    1.15385E-02   -5.00000E-02   -19.1510    2.43195    1.00000    7.26375E-07
   9    1.15385E-02   -4.80000E-02   -35.5516   -12.0866    1.00000    1.70948E-04
   9    1.15385E-02   -4.60000E-02   -302.868   -167.287    1.00000    1.12205E-03
   9    1.15385E-02   -4.40000E-02    12.4364    31.5778    1.00000    8.11523E-04
   9    1.15385E-02   -4.20000E-02   -1.75798    28.8193    1.00000    8.71965E-05
   9    1.15385E-02   -4.00000E-02   0.169051    28.1571    1.00000    6.99055E-07
   9    1.15385E-02   -3.80000E-02  -0.150081    28.4429    1.00000    5.49229E-07
   9    1.15385E-02   -3.60000E-02  -0.479791    28.7593    1.00000    5.58816E-06
   9    1.15385E-02   -3.40000E-02  -0.810547    29.0541    1.00000    1.58961E-05
   9    1.15385E-02   -3.20000E-02   -1.14647    29.3530    1.00000    3.16952E-05
   9    1.15385E-02   -3.00000E-02   -1.48760    29.6559    1.00000    5.31804E-05
   9    1.15385E-02   -2.80000E-02   -1.84695    29.9948    1.00000    8.15890E-05
   9    1.15385E-02   -2.60000E-02   -2.06371    30.2469    1.00000    1.00332E-04
   9    1.15385E-02   -2.40000E-02   -1.84382    30.2554    1.00000    7.71096E-05
   9    1.15385E-02   -2.20000E-02   -1.78508    30.3887    1.00000    6.95283E-05
   9    1.15385E-02   -2.00000E-02   -1.86658    30.5856    1.00000    7.39852E-05
   9    1.15385E-02   -1.80000E-02   -1.94975    30.7850    1.00000    7.85516E-05
   9    1.15385E-02   -1.60000E-02   -1.89032    30.9233    1.00000    7.09881E-05
   9    1.15385E-02   -1.40000E-02   -1.80184    30.9953    1.00000    6.27775E-05
   9    1.15385E-02   -1.20000E-02  -0.698698    30.6773    1.00000    8.32795E-06
   9    1.15385E-02   -1.00000E-02   0.137272    30.4809    1.00000    2.89897E-07
   9    1.15385E-02   -8.00000E-03    1.18390    30.1654    1.00000    1.93818E-05
   9    1.15385E-02   -6.00000E-03    2.08369    30.0883    1.00000    5.35154E-05
   9    1.15385E-02   -4.00000E-03    3.04881    29.9019    1.00000    1.03380E-04
   9    1.15385E-02   -2.00000E-03    3.66630    30.0245    1.00000    1.34392E-04
   9    1.15385E-02  0.    3.55400    30.6318    1.00000    1.15113E-04
   9    1.15385E-02    2.00000E-03    3.62462    31.1788    1.00000    1.07429E-04
   9    1.15385E-02    4.00000E-03    3.71856    31.6354    1.00000    1.02893E-04
   9    1.15385E-02    6.00000E-03    3.61196    32.1953    1.00000    8.95229E-05
   9    1.15385E-02    8.00000E-03    3.48321    32.8522    1.00000    7.55514E-05
   9    1.15385E-02    1.00000E-02    3.59034    33.2801    1.00000    7.38370E-05
   9    1.15385E-02    1.20000E-02    3.46413    33.8992    1.00000    6.31563E-05
   9    1.15385E-02    1.40000E-02    3.58494    34.3106    1.00000    6.21739E-05
   9    1.15385E-02    1.60000E-02    3.44774    34.9685    1.00000    5.27077E-05
   9    1.15385E-02    1.80000E-02    3.33028    35.5128    1.00000    4.58237E-05
   9    1.15385E-02    2.00000E-02    3.20556    36.0738    1.00000    3.95265E-05
   9    1.15385E-02    2.20000E-02    3.60104    36.3338    1.00000    4.56442E-05
   9    1.15385E-02    2.40000E-02    3.47454    36.9218    1.00000    3.94855E-05
   9    1.15385E-02    2.60000E-02    3.33413    37.4661    1.00000    3.38664E-05
   9    1.15385E-02    2.80000E-02    3.18605    38.0336    1.00000    2.87695E-05
   9    1.15385E-02    3.00000E-02    3.00104    38.6769    1.00000    2.33757E-05
   9    1.15385E-02    3.20000E-02    2.86015    39.1888    1.00000    2.00444E-05
   9    1.15385E-02    3.40000E-02    2.70263    39.7769    1.00000    1.66132E-05
   9    1.15385E-02    3.60000E-02    2.51584    40.4045    1.00000    1.33512E-05
   9    1.15385E-02    3.80000E-02    2.60032    40.8326    1.00000    1.30450E-05
   9    1.15385E-02    4.00000E-02    2.02264    41.7629    1.00000    7.31087E-06
   9    1.15385E-02    4.20000E-02    1.75981    42.5595    1.00000    5.02676E-06
   9    1.15385E-02    4.40000E-02    1.18738    43.6592    1.00000    2.13014E-06
   9    1.15385E-02    4.60000E-02   0.946520    44.4872    1.00000    1.24276E-06
   9    1.15385E-02    4.80000E-02   0.737792    45.2128    1.00000    7.05689E-07
   9    1.15385E-02    5.00000E-02   0.158321    46.6421    1.00000    3.02497E-08
   9    1.53846E-02   -4.80000E-02   -33.8341   -9.45586    1.00000    1.58255E-04
   9    1.53846E-02   -4.60000E-02   -182.906   -89.3898    1.00000    1.12489E-03
   9    1.53846E-02   -4.40000E-02    15.5585    31.9806    1.00000    1.00164E-03
   9    1.53846E-02   -4.20000E-02   -1.66511    28.3490    1.00000    8.54938E-05
   9    1.53846E-02   -4.00000E-02  -0.912624    28.1765    1.00000    2.47380E-05
   9    1.53846E-02   -3.80000E-02   -1.23631    28.4840    1.00000    4.51954E-05
   9    1.53846E-02   -3.60000E-02   -1.55696    28.7685    1.00000    7.14400E-05
   9    1.53846E-02   -3.40000E-02   -1.88252    29.0569    1.00000    1.04084E-04
   9    1.53846E-02   -3.20000E-02   -1.97139    29.2672    1.00000    1.11097E-04
   9    1.53846E-02   -3.00000E-02   -1.91906    29.3922    1.00000    1.01427E-04
   9    1.53846E-02   -2.80000E-02   -1.99667    29.5761    1.00000    1.06964E-04
   9    1.53846E-02   -2.60000E-02   -1.78587    29.5841    1.00000    8.24536E-05
   9    1.53846E-02   -2.40000E-02   -1.86348    29.7706    1.00000    8.74358E-05
   9    1.53846E-02   -2.20000E-02   -1.80754    29.8998    1.00000    7.91926E-05
   9    1.53846E-02   -2.00000E-02  -0.649807    29.5463    1.00000    8.96525E-06
   9    1.53846E-02   -1.80000E-02   0.434294    29.1763    1.00000    3.58224E-06
   9    1.53846E-02   -1.60000E-02    1.38377    28.9983    1.00000    3.23036E-05
   9    1.53846E-02   -1.40000E-02    2.38270    28.8564    1.00000    8.45856E-05
   9    1.53846E-02   -1.20000E-02    3.26936    28.7992    1.00000    1.41837E-04
   9    1.53846E-02   -1.00000E-02    3.67857    29.0449    1.00000    1.61923E-04
   9    1.53846E-02   -8.00000E-03    3.74409    29.5987    1.00000    1.49186E-04
   9    1.53846E-02   -6.00000E-03    3.62991    30.2243    1.00000    1.27752E-04
   9    1.53846E-02   -4.00000E-03    3.70298    30.7568    1.00000    1.19419E-04
   9    1.53846E-02   -2.00000E-03    3.59284    31.3563    1.00000    1.02412E-04
   9    1.53846E-02  0.    3.67687    31.8571    1.00000    9.74039E-05
   9    1.53846E-02    2.00000E-03    3.56705    32.4247    1.00000    8.45000E-05
   9    1.53846E-02    4.00000E-03    3.66175    32.9191    1.00000    8.07604E-05
   9    1.53846E-02    6.00000E-03    3.54102    33.5251    1.00000    6.94410E-05
   9    1.53846E-02    8.00000E-03    3.41095    34.1532    1.00000    5.91726E-05
   9    1.53846E-02    1.00000E-02    3.53124    34.5709    1.00000    5.82681E-05
   9    1.53846E-02    1.20000E-02    3.41911    35.1030    1.00000    5.09328E-05
   9    1.53846E-02    1.40000E-02    3.54314    35.5449    1.00000    5.01400E-05
   9    1.53846E-02    1.60000E-02    3.42257    36.1074    1.00000    4.35407E-05
   9    1.53846E-02    1.80000E-02    3.29453    36.6875    1.00000    3.75123E-05
   9    1.53846E-02    2.00000E-02    3.44154    37.0718    1.00000    3.80288E-05
   9    1.53846E-02    2.20000E-02    3.31814    37.6302    1.00000    3.28698E-05
   9    1.53846E-02    2.40000E-02    3.19623    38.1552    1.00000    2.87695E-05
   9    1.53846E-02    2.60000E-02    3.03881    38.7433    1.00000    2.41692E-05
   9    1.53846E-02    2.80000E-02    2.88854    39.2988    1.00000    2.03080E-05
   9    1.53846E-02    3.00000E-02    2.71011    39.8846    1.00000    1.66151E-05
   9    1.53846E-02    3.20000E-02    2.85436    40.2734    1.00000    1.70873E-05
   9    1.53846E-02    3.40000E-02    2.71494    40.7734    1.00000    1.45857E-05
   9    1.53846E-02    3.60000E-02    2.51734    41.4363    1.00000    1.16069E-05
   9    1.53846E-02    3.80000E-02    2.30341    42.0451    1.00000    9.01831E-06
   9    1.53846E-02    4.00000E-02    2.03794    42.7308    1.00000    6.44366E-06
   9    1.53846E-02    4.20000E-02    1.46412    43.7515    1.00000    3.10692E-06
   9    1.53846E-02    4.40000E-02    1.20293    44.5687    1.00000    1.92822E-06
   9    1.53846E-02    4.60000E-02   0.996638    45.2494    1.00000    1.23913E-06
   9    1.53846E-02    4.80000E-02   0.780813    45.9993    1.00000    7.09999E-07
   9    1.53846E-02    5.00000E-02   0.179049    47.4924    1.00000    3.46945E-08
   9    1.92308E-02   -4.80000E-02   -32.2194   -7.57647    1.00000    1.53373E-04
   9    1.92308E-02   -4.60000E-02   -137.061   -61.6525    1.00000    1.15136E-03
   9    1.92308E-02   -4.40000E-02    22.5151    33.5916    1.00000    1.37650E-03
   9    1.92308E-02   -4.20000E-02  -0.365542    27.7310    1.00000    3.91484E-06
   9    1.92308E-02   -4.00000E-02   -1.92166    28.2038    1.00000    1.32126E-04
   9    1.92308E-02   -3.80000E-02   -1.87366    28.3201    1.00000    1.21181E-04
   9    1.92308E-02   -3.60000E-02   -1.83688    28.4662    1.00000    1.12209E-04
   9    1.92308E-02   -3.40000E-02   -1.90943    28.6387    1.00000    1.18216E-04
   9    1.92308E-02   -3.20000E-02   -1.85934    28.7584    1.00000    1.08079E-04
   9    1.92308E-02   -3.00000E-02   -1.78407    28.8209    1.00000    9.70435E-05
   9    1.92308E-02   -2.80000E-02  -0.581469    28.4361    1.00000    8.97222E-06
   9    1.92308E-02   -2.60000E-02   0.532106    28.0954    1.00000    6.58927E-06
   9    1.92308E-02   -2.40000E-02    1.55585    27.8928    1.00000    4.95663E-05
   9    1.92308E-02   -2.20000E-02    2.63647    27.7450    1.00000    1.24282E-04
   9    1.92308E-02   -2.00000E-02    3.63407    27.5669    1.00000    2.10973E-04
   9    1.92308E-02   -1.80000E-02    3.84395    28.0564    1.00000    2.07756E-04
   9    1.92308E-02   -1.60000E-02    3.90859    28.6046    1.00000    1.91363E-04
   9    1.92308E-02   -1.40000E-02    3.80189    29.2506    1.00000    1.63152E-04
   9    1.92308E-02   -1.20000E-02    3.68404    29.9257    1.00000    1.37787E-04
   9    1.92308E-02   -1.00000E-02    3.75900    30.4475    1.00000    1.28961E-04
   9    1.92308E-02   -8.00000E-03    3.64462    31.0723    1.00000    1.10349E-04
   9    1.92308E-02   -6.00000E-03    3.73902    31.5257    1.00000    1.05713E-04
   9    1.92308E-02   -4.00000E-03    3.61196    32.1953    1.00000    8.95229E-05
   9    1.92308E-02   -2.00000E-03    3.49715    32.7749    1.00000    7.73040E-05
   9    1.92308E-02  0.    3.37390    33.3750    1.00000    6.62007E-05
   9    1.92308E-02    2.00000E-03    3.71220    33.6763    1.00000    7.26435E-05
   9    1.92308E-02    4.00000E-03    3.35630    34.4108    1.00000    5.53534E-05
   9    1.92308E-02    6.00000E-03    3.47602    34.8350    1.00000    5.45233E-05
   9    1.92308E-02    8.00000E-03    3.34696    35.4234    1.00000    4.70309E-05
   9    1.92308E-02    1.00000E-02    3.47133    35.8728    1.00000    4.63532E-05
   9    1.92308E-02    1.20000E-02    3.35947    36.3953    1.00000    4.04556E-05
   9    1.92308E-02    1.40000E-02    3.22731    36.9845    1.00000    3.46993E-05
   9    1.92308E-02    1.60000E-02    3.37419    37.3752    1.00000    3.52211E-05
   9    1.92308E-02    1.80000E-02    3.24682    37.9426    1.00000    3.03094E-05
   9    1.92308E-02    2.00000E-02    3.12103    38.4761    1.00000    2.64085E-05
   9    1.92308E-02    2.20000E-02    3.28872    38.8423    1.00000    2.72090E-05
   9    1.92308E-02    2.40000E-02    3.17151    39.3434    1.00000    2.38737E-05
   9    1.92308E-02    2.60000E-02    3.01666    39.9118    1.00000    2.00674E-05
   9    1.92308E-02    2.80000E-02    2.86672    40.4466    1.00000    1.70882E-05
   9    1.92308E-02    3.00000E-02    2.69226    41.0081    1.00000    1.40056E-05
   9    1.92308E-02    3.20000E-02    2.52679    41.5934    1.00000    1.16061E-05
   9    1.92308E-02    3.40000E-02    2.69078    41.8954    1.00000    1.22241E-05
   9    1.92308E-02    3.60000E-02    2.53569    42.4511    1.00000    1.02134E-05
   9    1.92308E-02    3.80000E-02    1.99572    43.2573    1.00000    5.96017E-06
   9    1.92308E-02    4.00000E-02    2.06760    43.6723    1.00000    5.84140E-06
   9    1.92308E-02    4.20000E-02    1.46548    44.7174    1.00000    2.74005E-06
   9    1.92308E-02    4.40000E-02    1.26091    45.3369    1.00000    1.90372E-06
   9    1.92308E-02    4.60000E-02    1.04798    46.0396    1.00000    1.22982E-06
   9    1.92308E-02    4.80000E-02   0.852366    46.7034    1.00000    7.61110E-07
   9    1.92308E-02    5.00000E-02   0.233066    48.2469    1.00000    5.28098E-08
   9    2.30769E-02   -4.80000E-02   -30.1147   -5.21932    1.00000    1.14968E-04
   9    2.30769E-02   -4.60000E-02  -103.2730   -41.4674    1.00000    1.10721E-03
   9    2.30769E-02   -4.40000E-02    30.9296    36.0909    1.00000    1.67418E-03
   9    2.30769E-02   -4.20000E-02    3.51672    26.9473    1.00000    2.51727E-04
   9    2.30769E-02   -4.00000E-02   -1.82892    27.7588    1.00000    1.30313E-04
   9    2.30769E-02   -3.80000E-02   -1.78157    27.8713    1.00000    1.19353E-04
   9    2.30769E-02   -3.60000E-02  -0.902883    27.6193    1.00000    2.74097E-05
   9    2.30769E-02   -3.40000E-02   0.369654    27.1990    1.00000    3.96011E-06
   9    2.30769E-02   -3.20000E-02    1.57352    26.9016    1.00000    6.19648E-05
   9    2.30769E-02   -3.00000E-02    2.87258    26.6116    1.00000    1.78715E-04
   9    2.30769E-02   -2.80000E-02    3.94622    26.4544    1.00000    2.94508E-04
   9    2.30769E-02   -2.60000E-02    3.99749    27.0503    1.00000    2.66609E-04
   9    2.30769E-02   -2.40000E-02    4.05618    27.6438    1.00000    2.41855E-04
   9    2.30769E-02   -2.20000E-02    3.95122    28.3361    1.00000    2.04373E-04
   9    2.30769E-02   -2.00000E-02    3.84898    28.9702    1.00000    1.74889E-04
   9    2.30769E-02   -1.80000E-02    3.91304    29.5550    1.00000    1.60480E-04
   9    2.30769E-02   -1.60000E-02    3.79497    30.2447    1.00000    1.35582E-04
   9    2.30769E-02   -1.40000E-02    3.68389    30.8612    1.00000    1.16350E-04
   9    2.30769E-02   -1.20000E-02    3.56280    31.5028    1.00000    9.89588E-05
   9    2.30769E-02   -1.00000E-02    3.65551    31.9691    1.00000    9.47271E-05
   9    2.30769E-02   -8.00000E-03    3.75211    32.4494    1.00000    9.06101E-05
   9    2.30769E-02   -6.00000E-03    3.63825    33.0386    1.00000    7.84072E-05
   9    2.30769E-02   -4.00000E-03    3.51571    33.6489    1.00000    6.73021E-05
   9    2.30769E-02   -2.00000E-03    3.38384    34.2815    1.00000    5.72436E-05
   9    2.30769E-02  0.    3.50386    34.7024    1.00000    5.63767E-05
   9    2.30769E-02    2.00000E-03    3.38987    35.2387    1.00000    4.91900E-05
   9    2.30769E-02    4.00000E-03    3.50144    35.7323    1.00000    4.80148E-05
   9    2.30769E-02    6.00000E-03    3.39131    36.2508    1.00000    4.19817E-05
   9    2.30769E-02    8.00000E-03    3.26110    36.8355    1.00000    3.60872E-05
   9    2.30769E-02    1.00000E-02    3.40824    37.2228    1.00000    3.66108E-05
   9    2.30769E-02    1.20000E-02    3.01314    37.9039    1.00000    2.70537E-05
   9    2.30769E-02    1.40000E-02    3.15890    38.3150    1.00000    2.75733E-05
   9    2.30769E-02    1.60000E-02    3.32660    38.6780    1.00000    2.83812E-05
   9    2.30769E-02    1.80000E-02    3.21122    39.1750    1.00000    2.49562E-05
   9    2.30769E-02    2.00000E-02    3.09005    39.6846    1.00000    2.17937E-05
   9    2.30769E-02    2.20000E-02    2.96312    40.2070    1.00000    1.88889E-05
   9    2.30769E-02    2.40000E-02    2.82975    40.7431    1.00000    1.62274E-05
   9    2.30769E-02    2.60000E-02    2.99938    41.0936    1.00000    1.69049E-05
   9    2.30769E-02    2.80000E-02    2.85546    41.5979    1.00000    1.44517E-05
   9    2.30769E-02    3.00000E-02    2.70160    42.0653    1.00000    1.22233E-05
   9    2.30769E-02    3.20000E-02    2.54529    42.6132    1.00000    1.02126E-05
   9    2.30769E-02    3.40000E-02    2.37884    43.1327    1.00000    8.40810E-06
   9    2.30769E-02    3.60000E-02    2.20823    43.7307    1.00000    6.80437E-06
   9    2.30769E-02    3.80000E-02    1.96081    44.4089    1.00000    4.96120E-06
   9    2.30769E-02    4.00000E-02    2.11971    44.5719    1.00000    5.40584E-06
   9    2.30769E-02    4.20000E-02    1.49267    45.6673    1.00000    2.49857E-06
   9    2.30769E-02    4.40000E-02    1.27932    46.3176    1.00000    1.71982E-06
   9    2.30769E-02    4.60000E-02   0.701502    47.4524    1.00000    4.87241E-07
   9    2.30769E-02    4.80000E-02   0.901978    47.5396    1.00000    7.62736E-07
   9    2.30769E-02    5.00000E-02   0.289777    49.0251    1.00000    7.31969E-08
   9    2.69231E-02   -4.80000E-02   -28.2134   -3.48635    1.00000    8.25593E-05
   9    2.69231E-02   -4.60000E-02   -81.0708   -28.5495    1.00000    1.00366E-03
   9    2.69231E-02   -4.40000E-02    53.7802    42.6085    1.00000    1.93685E-03
   9    2.69231E-02   -4.20000E-02    7.95349    26.2121    1.00000    8.47494E-04
   9    2.69231E-02   -4.00000E-02    1.36587    26.0065    1.00000    5.87311E-05
   9    2.69231E-02   -3.80000E-02    2.80586    25.7038    1.00000    2.08014E-04
   9    2.69231E-02   -3.60000E-02    3.94091    25.5442    1.00000    3.54646E-04
   9    2.69231E-02   -3.40000E-02    4.27387    26.0013    1.00000    3.59812E-04
   9    2.69231E-02   -3.20000E-02    4.17554    26.7724    1.00000    2.99105E-04
   9    2.69231E-02   -3.00000E-02    4.08052    27.4759    1.00000    2.51878E-04
   9    2.69231E-02   -2.80000E-02    3.97862    28.1599    1.00000    2.13357E-04
   9    2.69231E-02   -2.60000E-02    4.04048    28.7447    1.00000    1.95586E-04
   9    2.69231E-02   -2.40000E-02    3.92899    29.4590    1.00000    1.64266E-04
   9    2.69231E-02   -2.20000E-02    4.00369    29.9998    1.00000    1.53237E-04
   9    2.69231E-02   -2.00000E-02    3.70298    30.7568    1.00000    1.19419E-04
   9    2.69231E-02   -1.80000E-02    3.77901    31.3084    1.00000    1.11500E-04
   9    2.69231E-02   -1.60000E-02    3.86838    31.8081    1.00000    1.06072E-04
   9    2.69231E-02   -1.40000E-02    3.54409    32.5406    1.00000    8.20566E-05
   9    2.69231E-02   -1.20000E-02    3.63825    33.0386    1.00000    7.84072E-05
   9    2.69231E-02   -1.00000E-02    3.51571    33.6489    1.00000    6.73021E-05
   9    2.69231E-02   -8.00000E-03    3.62563    34.0986    1.00000    6.57148E-05
   9    2.69231E-02   -6.00000E-03    3.50386    34.7024    1.00000    5.63767E-05
   9    2.69231E-02   -4.00000E-03    3.38987    35.2387    1.00000    4.91900E-05
   9    2.69231E-02   -2.00000E-03    3.51373    35.6839    1.00000    4.84368E-05
   9    2.69231E-02  0.    3.39131    36.2508    1.00000    4.19817E-05
   9    2.69231E-02    2.00000E-03    3.26110    36.8355    1.00000    3.60872E-05
   9    2.69231E-02    4.00000E-03    3.40824    37.2228    1.00000    3.66108E-05
   9    2.69231E-02    6.00000E-03    3.01314    37.9039    1.00000    2.70537E-05
   9    2.69231E-02    8.00000E-03    3.15890    38.3150    1.00000    2.75733E-05
   9    2.69231E-02    1.00000E-02    3.04350    38.8023    1.00000    2.41704E-05
   9    2.69231E-02    1.20000E-02    3.21122    39.1750    1.00000    2.49562E-05
   9    2.69231E-02    1.40000E-02    3.09005    39.6846    1.00000    2.17937E-05
   9    2.69231E-02    1.60000E-02    2.96312    40.2070    1.00000    1.88889E-05
   9    2.69231E-02    1.80000E-02    2.82975    40.7431    1.00000    1.62274E-05
   9    2.69231E-02    2.00000E-02    2.68970    41.2932    1.00000    1.38020E-05
   9    2.69231E-02    2.20000E-02    2.91119    41.5281    1.00000    1.52443E-05
   9    2.69231E-02    2.40000E-02    2.76631    42.0998    1.00000    1.29426E-05
   9    2.69231E-02    2.60000E-02    2.61065    42.6311    1.00000    1.08598E-05
   9    2.69231E-02    2.80000E-02    2.44505    43.1313    1.00000    8.98757E-06
   9    2.69231E-02    3.00000E-02    2.67379    43.3170    1.00000    1.01428E-05
   9    2.69231E-02    3.20000E-02    2.15719    44.0938    1.00000    6.31195E-06
   9    2.69231E-02    3.40000E-02    2.36388    44.3114    1.00000    7.14748E-06
   9    2.69231E-02    3.60000E-02    2.20582    44.8651    1.00000    5.84815E-06
   9    2.69231E-02    3.80000E-02    2.00851    45.3418    1.00000    4.57738E-06
   9    2.69231E-02    4.00000E-02    1.36073    46.4048    1.00000    1.96231E-06
   9    2.69231E-02    4.20000E-02    1.13856    47.0667    1.00000    1.28702E-06
   9    2.69231E-02    4.40000E-02   0.906528    47.7988    1.00000    7.62126E-07
   9    2.69231E-02    4.60000E-02   0.745288    48.3254    1.00000    4.91475E-07
   9    2.69231E-02    4.80000E-02   0.579509    48.9155    1.00000    2.82795E-07
   9    2.69231E-02    5.00000E-02   -7.06780E-02    50.5548    1.00000    3.89359E-09
   9    3.07692E-02   -4.80000E-02   -26.0795   -1.49044    1.00000    2.55152E-05
   9    3.07692E-02   -4.60000E-02   -66.1558   -20.3287    1.00000    9.35014E-04
   9    3.07692E-02   -4.40000E-02    73.8559    51.0814    1.00000    2.06295E-03
   9    3.07692E-02   -4.20000E-02    11.7827    25.8479    1.00000    1.27616E-03
   9    3.07692E-02   -4.00000E-02    4.77102    25.6085    1.00000    4.60741E-04
   9    3.07692E-02   -3.80000E-02    4.34583    26.5492    1.00000    3.28944E-04
   9    3.07692E-02   -3.60000E-02    4.25335    27.2711    1.00000    2.77547E-04
   9    3.07692E-02   -3.40000E-02    4.14737    28.0323    1.00000    2.31801E-04
   9    3.07692E-02   -3.20000E-02    4.04048    28.7447    1.00000    1.95586E-04
   9    3.07692E-02   -3.00000E-02    4.11269    29.3202    1.00000    1.79959E-04
   9    3.07692E-02   -2.80000E-02    4.00369    29.9998    1.00000    1.53237E-04
   9    3.07692E-02   -2.60000E-02    3.89208    30.6740    1.00000    1.30060E-04
   9    3.07692E-02   -2.40000E-02    3.97461    31.2228    1.00000    1.21563E-04
   9    3.07692E-02   -2.20000E-02    3.85770    31.8805    1.00000    1.03954E-04
   9    3.07692E-02   -2.00000E-02    3.74172    32.4902    1.00000    8.99641E-05
   9    3.07692E-02   -1.80000E-02    3.61453    33.1589    1.00000    7.61029E-05
   9    3.07692E-02   -1.60000E-02    3.49010    33.7736    1.00000    6.52080E-05
   9    3.07692E-02   -1.40000E-02    3.59954    34.2268    1.00000    6.36661E-05
   9    3.07692E-02   -1.20000E-02    3.47602    34.8350    1.00000    5.45233E-05
   9    3.07692E-02   -1.00000E-02    3.36026    35.3753    1.00000    4.74871E-05
   9    3.07692E-02   -8.00000E-03    3.47133    35.8728    1.00000    4.63532E-05
   9    3.07692E-02   -6.00000E-03    3.35947    36.3953    1.00000    4.04556E-05
   9    3.07692E-02   -4.00000E-03    3.22731    36.9845    1.00000    3.46993E-05
   9    3.07692E-02   -2.00000E-03    3.37419    37.3752    1.00000    3.52211E-05
   9    3.07692E-02  0.    3.24682    37.9426    1.00000    3.03094E-05
   9    3.07692E-02    2.00000E-03    3.12103    38.4761    1.00000    2.64085E-05
   9    3.07692E-02    4.00000E-03    3.28872    38.8423    1.00000    2.72090E-05
   9    3.07692E-02    6.00000E-03    3.17151    39.3434    1.00000    2.38737E-05
   9    3.07692E-02    8.00000E-03    3.04843    39.8572    1.00000    2.07977E-05
   9    3.07692E-02    1.00000E-02    2.91934    40.3842    1.00000    1.79743E-05
   9    3.07692E-02    1.20000E-02    2.78388    40.9248    1.00000    1.53938E-05
   9    3.07692E-02    1.40000E-02    3.00393    41.1553    1.00000    1.69054E-05
   9    3.07692E-02    1.60000E-02    2.86373    41.7170    1.00000    1.44526E-05
   9    3.07692E-02    1.80000E-02    2.76631    42.0998    1.00000    1.29426E-05
   9    3.07692E-02    2.00000E-02    2.61388    42.6870    1.00000    1.08583E-05
   9    3.07692E-02    2.20000E-02    2.84614    42.9389    1.00000    1.21157E-05
   9    3.07692E-02    2.40000E-02    2.72125    43.4149    1.00000    1.05956E-05
   9    3.07692E-02    2.60000E-02    2.57502    43.9100    1.00000    8.94051E-06
   9    3.07692E-02    2.80000E-02    2.04189    44.6265    1.00000    5.39151E-06
   9    3.07692E-02    3.00000E-02    2.27640    44.8379    1.00000    6.31166E-06
   9    3.07692E-02    3.20000E-02    2.49308    45.0620    1.00000    7.13131E-06
   9    3.07692E-02    3.40000E-02    1.95586    45.8556    1.00000    4.19231E-06
   9    3.07692E-02    3.60000E-02    1.82150    46.2985    1.00000    3.48030E-06
   9    3.07692E-02    3.80000E-02    1.60556    46.8238    1.00000    2.54739E-06
   9    3.07692E-02    4.00000E-02    1.38226    47.4305    1.00000    1.77243E-06
   9    3.07692E-02    4.20000E-02    1.14920    48.0994    1.00000    1.14709E-06
   9    3.07692E-02    4.40000E-02   0.988068    48.5732    1.00000    8.10641E-07
   9    3.07692E-02    4.60000E-02   0.822655    49.1092    1.00000    5.35853E-07
   9    3.07692E-02    4.80000E-02   0.650972    49.6976    1.00000    3.19315E-07
   9    3.07692E-02    5.00000E-02   0.474304    50.3782    1.00000    1.60748E-07
