   4   -3.07692E-02   -4.80000E-02   0.983207   -30.3914    1.00000    5.02728E-06
   4   -3.07692E-02   -4.60000E-02  -0.607938   -26.6264    1.00000    3.65042E-06
   4   -3.07692E-02   -4.40000E-02  -0.608987   -26.7441    1.00000    3.67002E-06
   4   -3.07692E-02   -4.20000E-02   -1.00331   -26.6243    1.00000    1.03785E-05
   4   -3.07692E-02   -4.00000E-02   -1.20113   -26.7508    1.00000    1.51295E-05
   4   -3.07692E-02   -3.80000E-02   -1.00986   -26.8938    1.00000    1.04147E-05
   4   -3.07692E-02   -3.60000E-02    1.03347   -27.2064    1.00000    9.99640E-06
   4   -3.07692E-02   -3.40000E-02    2.53914   -27.5308    1.00000    5.55237E-05
   4   -3.07692E-02   -3.20000E-02    4.14024   -27.9444    1.00000    1.34904E-04
   4   -3.07692E-02   -3.00000E-02    5.87159   -28.4562    1.00000    2.48935E-04
   4   -3.07692E-02   -2.80000E-02    7.49382   -28.9883    1.00000    3.69430E-04
   4   -3.07692E-02   -2.60000E-02    8.50398   -29.5348    1.00000    4.30381E-04
   4   -3.07692E-02   -2.40000E-02    8.16658   -30.2645    1.00000    3.42079E-04
   4   -3.07692E-02   -2.20000E-02    7.73577   -30.9365    1.00000    2.68403E-04
   4   -3.07692E-02   -2.00000E-02    7.50459   -31.5761    1.00000    2.22486E-04
   4   -3.07692E-02   -1.80000E-02    7.21602   -32.1747    1.00000    1.83760E-04
   4   -3.07692E-02   -1.60000E-02    7.21496   -32.8348    1.00000    1.62337E-04
   4   -3.07692E-02   -1.40000E-02    6.55133   -33.4436    1.00000    1.20078E-04
   4   -3.07692E-02   -1.20000E-02    6.46523   -34.0424    1.00000    1.04924E-04
   4   -3.07692E-02   -1.00000E-02    6.36845   -34.6631    1.00000    9.11607E-05
   4   -3.07692E-02   -8.00000E-03    6.23099   -35.2251    1.00000    7.94364E-05
   4   -3.07692E-02   -6.00000E-03    6.06643   -35.7631    1.00000    6.85997E-05
   4   -3.07692E-02   -4.00000E-03    5.88854   -36.3178    1.00000    5.88007E-05
   4   -3.07692E-02   -2.00000E-03    5.30352   -36.8431    1.00000    4.37498E-05
   4   -3.07692E-02  0.    5.46166   -37.3888    1.00000    4.24984E-05
   4   -3.07692E-02    2.00000E-03    5.21190   -37.9013    1.00000    3.57577E-05
   4   -3.07692E-02    4.00000E-03    5.35816   -38.4296    1.00000    3.46190E-05
   4   -3.07692E-02    6.00000E-03    5.07360   -38.9208    1.00000    2.86895E-05
   4   -3.07692E-02    8.00000E-03    5.20657   -39.4278    1.00000    2.81108E-05
   4   -3.07692E-02    1.00000E-02    4.89911   -39.9450    1.00000    2.29580E-05
   4   -3.07692E-02    1.20000E-02    4.54908   -40.3689    1.00000    1.86298E-05
   4   -3.07692E-02    1.40000E-02    4.64746   -40.8033    1.00000    1.81424E-05
   4   -3.07692E-02    1.60000E-02    4.76216   -41.3039    1.00000    1.77103E-05
   4   -3.07692E-02    1.80000E-02    4.38089   -41.7573    1.00000    1.40764E-05
   4   -3.07692E-02    2.00000E-02    3.97018   -42.1617    1.00000    1.08810E-05
   4   -3.07692E-02    2.20000E-02    4.07148   -42.6964    1.00000    1.06133E-05
   4   -3.07692E-02    2.40000E-02    4.14119   -43.0605    1.00000    1.04367E-05
   4   -3.07692E-02    2.60000E-02    4.24016   -43.5259    1.00000    1.01746E-05
   4   -3.07692E-02    2.80000E-02    3.25491   -43.9712    1.00000    5.57750E-06
   4   -3.07692E-02    3.00000E-02    3.86506   -44.2990    1.00000    7.41749E-06
   4   -3.07692E-02    3.20000E-02    3.38405   -44.7164    1.00000    5.33899E-06
   4   -3.07692E-02    3.40000E-02    3.45931   -45.1660    1.00000    5.18272E-06
   4   -3.07692E-02    3.60000E-02    3.52651   -45.5565    1.00000    5.10589E-06
   4   -3.07692E-02    3.80000E-02    2.42465   -46.1949    1.00000    2.18116E-06
   4   -3.07692E-02    4.00000E-02    2.48168   -46.5488    1.00000    2.12793E-06
   4   -3.07692E-02    4.20000E-02    1.91921   -47.2391    1.00000    1.15646E-06
   4   -3.07692E-02    4.40000E-02    1.96279   -47.6107    1.00000    1.12401E-06
   4   -3.07692E-02    4.60000E-02    1.34716   -48.4611    1.00000    4.86753E-07
   4   -3.07692E-02    4.80000E-02    1.37136   -48.7601    1.00000    4.78987E-07
   4   -3.07692E-02    5.00000E-02   0.711235   -49.9974    1.00000    1.16585E-07
   4   -2.69231E-02   -4.80000E-02    5.53076   -37.3061    1.00000    9.83414E-05
   4   -2.69231E-02   -4.60000E-02  -0.421218   -27.2537    1.00000    1.57609E-06
   4   -2.69231E-02   -4.40000E-02  -0.833416   -27.0289    1.00000    6.34182E-06
   4   -2.69231E-02   -4.20000E-02   -1.03502   -27.0499    1.00000    1.00341E-05
   4   -2.69231E-02   -4.00000E-02   -1.23511   -27.1426    1.00000    1.47351E-05
   4   -2.69231E-02   -3.80000E-02   -1.24699   -27.2814    1.00000    1.45522E-05
   4   -2.69231E-02   -3.60000E-02   -1.25604   -27.3802    1.00000    1.45007E-05
   4   -2.69231E-02   -3.40000E-02   -1.26978   -27.5295    1.00000    1.43460E-05
   4   -2.69231E-02   -3.20000E-02   -1.28136   -27.6548    1.00000    1.41654E-05
   4   -2.69231E-02   -3.00000E-02  -0.863662   -27.8064    1.00000    6.22761E-06
   4   -2.69231E-02   -2.80000E-02   0.663426   -28.1409    1.00000    3.37640E-06
   4   -2.69231E-02   -2.60000E-02    2.25296   -28.4070    1.00000    3.63387E-05
   4   -2.69231E-02   -2.40000E-02    3.70150   -28.7905    1.00000    9.02446E-05
   4   -2.69231E-02   -2.20000E-02    5.25963   -29.2740    1.00000    1.68378E-04
   4   -2.69231E-02   -2.00000E-02    6.66074   -29.7450    1.00000    2.48299E-04
   4   -2.69231E-02   -1.80000E-02    7.65548   -30.2589    1.00000    3.00656E-04
   4   -2.69231E-02   -1.60000E-02    7.73577   -30.9365    1.00000    2.68403E-04
   4   -2.69231E-02   -1.40000E-02    7.21137   -31.5407    1.00000    2.07163E-04
   4   -2.69231E-02   -1.20000E-02    7.21602   -32.1747    1.00000    1.83760E-04
   4   -2.69231E-02   -1.00000E-02    6.89917   -32.7968    1.00000    1.49732E-04
   4   -2.69231E-02   -8.00000E-03    6.83332   -33.3723    1.00000    1.32070E-04
   4   -2.69231E-02   -6.00000E-03    6.42189   -33.9280    1.00000    1.05622E-04
   4   -2.69231E-02   -4.00000E-03    6.32498   -34.5444    1.00000    9.17789E-05
   4   -2.69231E-02   -2.00000E-03    6.17334   -35.0616    1.00000    7.97968E-05
   4   -2.69231E-02  0.    6.02371   -35.6369    1.00000    6.90794E-05
   4   -2.69231E-02    2.00000E-03    5.84644   -36.1877    1.00000    5.92188E-05
   4   -2.69231E-02    4.00000E-03    5.62774   -36.6673    1.00000    5.08289E-05
   4   -2.69231E-02    6.00000E-03    5.42147   -37.2509    1.00000    4.28095E-05
   4   -2.69231E-02    8.00000E-03    5.16005   -37.7121    1.00000    3.59326E-05
   4   -2.69231E-02    1.00000E-02    5.31763   -38.2840    1.00000    3.48797E-05
   4   -2.69231E-02    1.20000E-02    5.44062   -38.7244    1.00000    3.41005E-05
   4   -2.69231E-02    1.40000E-02    5.15269   -39.2231    1.00000    2.82538E-05
   4   -2.69231E-02    1.60000E-02    4.84774   -39.7350    1.00000    2.30764E-05
   4   -2.69231E-02    1.80000E-02    4.50089   -40.1544    1.00000    1.87268E-05
   4   -2.69231E-02    2.00000E-02    4.61016   -40.6391    1.00000    1.82877E-05
   4   -2.69231E-02    2.20000E-02    4.72346   -41.1356    1.00000    1.78538E-05
   4   -2.69231E-02    2.40000E-02    4.34490   -41.5854    1.00000    1.41915E-05
   4   -2.69231E-02    2.60000E-02    4.44431   -42.0119    1.00000    1.38475E-05
   4   -2.69231E-02    2.80000E-02    4.04677   -42.4372    1.00000    1.06133E-05
   4   -2.69231E-02    3.00000E-02    4.14212   -42.8866    1.00000    1.03489E-05
   4   -2.69231E-02    3.20000E-02    4.24063   -43.3431    1.00000    1.00878E-05
   4   -2.69231E-02    3.40000E-02    3.26204   -43.8744    1.00000    5.52949E-06
   4   -2.69231E-02    3.60000E-02    3.86902   -44.1484    1.00000    7.35280E-06
   4   -2.69231E-02    3.80000E-02    2.85527   -44.8022    1.00000    3.62068E-06
   4   -2.69231E-02    4.00000E-02    2.36408   -45.4586    1.00000    2.22166E-06
   4   -2.69231E-02    4.20000E-02    2.41881   -45.7997    1.00000    2.16768E-06
   4   -2.69231E-02    4.40000E-02    1.87319   -46.5498    1.00000    1.17847E-06
   4   -2.69231E-02    4.60000E-02    1.91509   -46.9098    1.00000    1.14559E-06
   4   -2.69231E-02    4.80000E-02    1.31635   -47.8232    1.00000    4.96220E-07
   4   -2.69231E-02    5.00000E-02    1.34808   -48.2619    1.00000    4.81892E-07
   4   -2.30769E-02   -4.80000E-02   10.32353   -45.0045    1.00000    2.04703E-04
   4   -2.30769E-02   -4.60000E-02  -0.645820   -27.4458    1.00000    3.43916E-06
   4   -2.30769E-02   -4.40000E-02  -0.856916   -27.4108    1.00000    6.17176E-06
   4   -2.30769E-02   -4.20000E-02   -1.06583   -27.4514    1.00000    9.78488E-06
   4   -2.30769E-02   -4.00000E-02   -1.27438   -27.5793    1.00000    1.42424E-05
   4   -2.30769E-02   -3.80000E-02   -1.28373   -27.6803    1.00000    1.41916E-05
   4   -2.30769E-02   -3.60000E-02   -1.29791   -27.8329    1.00000    1.40381E-05
   4   -2.30769E-02   -3.40000E-02   -1.31235   -27.9871    1.00000    1.38858E-05
   4   -2.30769E-02   -3.20000E-02   -1.10172   -28.0903    1.00000    9.55470E-06
   4   -2.30769E-02   -3.00000E-02   -1.33443   -28.2217    1.00000    1.36583E-05
   4   -2.30769E-02   -2.80000E-02   -1.34692   -28.3534    1.00000    1.34825E-05
   4   -2.30769E-02   -2.60000E-02   -1.13300   -28.4864    1.00000    9.29356E-06
   4   -2.30769E-02   -2.40000E-02   -1.37250   -28.6215    1.00000    1.32836E-05
   4   -2.30769E-02   -2.20000E-02  -0.923675   -28.7562    1.00000    5.82672E-06
   4   -2.30769E-02   -2.00000E-02   0.472505   -29.0861    1.00000    1.40768E-06
   4   -2.30769E-02   -1.80000E-02    1.92299   -29.3411    1.00000    2.18784E-05
   4   -2.30769E-02   -1.60000E-02    3.19883   -29.6900    1.00000    5.61007E-05
   4   -2.30769E-02   -1.40000E-02    4.55421   -30.1109    1.00000    1.06092E-04
   4   -2.30769E-02   -1.20000E-02    6.01007   -30.6078    1.00000    1.69480E-04
   4   -2.30769E-02   -1.00000E-02    7.24593   -31.0263    1.00000    2.31260E-04
   4   -2.30769E-02   -8.00000E-03    7.25659   -31.6396    1.00000    2.05891E-04
   4   -2.30769E-02   -6.00000E-03    6.95664   -32.2408    1.00000    1.69002E-04
   4   -2.30769E-02   -4.00000E-03    6.61317   -32.8296    1.00000    1.36408E-04
   4   -2.30769E-02   -2.00000E-03    6.53677   -33.4063    1.00000    1.19812E-04
   4   -2.30769E-02  0.    6.11419   -33.9634    1.00000    9.49015E-05
   4   -2.30769E-02    2.00000E-03    6.32498   -34.5444    1.00000    9.17789E-05
   4   -2.30769E-02    4.00000E-03    6.18777   -35.1027    1.00000    7.99830E-05
   4   -2.30769E-02    6.00000E-03    6.02371   -35.6369    1.00000    6.90794E-05
   4   -2.30769E-02    8.00000E-03    5.84644   -36.1877    1.00000    5.92188E-05
   4   -2.30769E-02    1.00000E-02    5.62774   -36.6673    1.00000    5.08289E-05
   4   -2.30769E-02    1.20000E-02    5.42147   -37.2509    1.00000    4.28095E-05
   4   -2.30769E-02    1.40000E-02    5.16005   -37.7121    1.00000    3.59326E-05
   4   -2.30769E-02    1.60000E-02    4.89612   -38.2336    1.00000    2.98693E-05
   4   -2.30769E-02    1.80000E-02    5.44062   -38.7244    1.00000    3.41005E-05
   4   -2.30769E-02    2.00000E-02    5.15269   -39.2231    1.00000    2.82538E-05
   4   -2.30769E-02    2.20000E-02    5.27482   -39.6855    1.00000    2.76063E-05
   4   -2.30769E-02    2.40000E-02    4.50089   -40.1544    1.00000    1.87268E-05
   4   -2.30769E-02    2.60000E-02    5.08574   -40.6473    1.00000    2.20701E-05
   4   -2.30769E-02    2.80000E-02    4.73957   -41.1081    1.00000    1.77101E-05
   4   -2.30769E-02    3.00000E-02    4.37864   -41.5635    1.00000    1.39617E-05
   4   -2.30769E-02    3.20000E-02    3.99697   -42.0919    1.00000    1.07023E-05
   4   -2.30769E-02    3.40000E-02    4.08202   -42.4453    1.00000    1.04367E-05
   4   -2.30769E-02    3.60000E-02    4.17814   -42.8894    1.00000    1.01745E-05
   4   -2.30769E-02    3.80000E-02    3.76645   -43.3595    1.00000    7.48247E-06
   4   -2.30769E-02    4.00000E-02    3.34025   -43.9380    1.00000    5.29249E-06
   4   -2.30769E-02    4.20000E-02    2.31278   -44.8159    1.00000    2.26911E-06
   4   -2.30769E-02    4.40000E-02    2.37282   -45.2084    1.00000    2.18107E-06
   4   -2.30769E-02    4.60000E-02    1.84580   -46.0864    1.00000    1.18962E-06
   4   -2.30769E-02    4.80000E-02    1.26768   -46.9608    1.00000    5.15428E-07
   4   -2.30769E-02    5.00000E-02    1.29884   -47.4193    1.00000    5.00988E-07
   4   -1.92308E-02   -4.80000E-02    12.6065   -49.4788    1.00000    2.19761E-04
   4   -1.92308E-02   -4.60000E-02  -0.667885   -27.9081    1.00000    3.32696E-06
   4   -1.92308E-02   -4.40000E-02  -0.884594   -27.8540    1.00000    5.95846E-06
   4   -1.92308E-02   -4.20000E-02   -1.10063   -27.9054    1.00000    9.45058E-06
   4   -1.92308E-02   -4.00000E-02   -1.31235   -27.9871    1.00000    1.38858E-05
   4   -1.92308E-02   -3.80000E-02   -1.32700   -28.1430    1.00000    1.37338E-05
   4   -1.92308E-02   -3.60000E-02   -1.34191   -28.3007    1.00000    1.35829E-05
   4   -1.92308E-02   -3.40000E-02   -1.35451   -28.4332    1.00000    1.34075E-05
   4   -1.92308E-02   -3.20000E-02   -1.13942   -28.5670    1.00000    9.24180E-06
   4   -1.92308E-02   -3.00000E-02   -1.38031   -28.7028    1.00000    1.32093E-05
   4   -1.92308E-02   -2.80000E-02   -1.39346   -28.8391    1.00000    1.30364E-05
   4   -1.92308E-02   -2.60000E-02   -1.17234   -28.9767    1.00000    8.98502E-06
   4   -1.92308E-02   -2.40000E-02   -1.42038   -29.1165    1.00000    1.28409E-05
   4   -1.92308E-02   -2.20000E-02   -1.19278   -29.2282    1.00000    8.83265E-06
   4   -1.92308E-02   -2.00000E-02   -1.20671   -29.3983    1.00000    8.73185E-06
   4   -1.92308E-02   -1.80000E-02   -1.21375   -29.4841    1.00000    8.68150E-06
   4   -1.92308E-02   -1.60000E-02   -1.22805   -29.6572    1.00000    8.58157E-06
   4   -1.92308E-02   -1.40000E-02   -1.23530   -29.7446    1.00000    8.53199E-06
   4   -1.92308E-02   -1.20000E-02   -2.69268E-06   -30.0673    1.00000    3.76216E-17
   4   -1.92308E-02   -1.00000E-02    1.28255   -30.3082    1.00000    8.05686E-06
   4   -1.92308E-02   -8.00000E-03    2.61700   -30.6168    1.00000    3.11371E-05
   4   -1.92308E-02   -6.00000E-03    4.03978   -31.0633    1.00000    6.90746E-05
   4   -1.92308E-02   -4.00000E-03    5.24628   -31.4581    1.00000    1.09483E-04
   4   -1.92308E-02   -2.00000E-03    6.54057   -31.9318    1.00000    1.57159E-04
   4   -1.92308E-02  0.    7.03106   -32.4130    1.00000    1.66526E-04
   4   -1.92308E-02    2.00000E-03    6.69994   -33.0445    1.00000    1.34665E-04
   4   -1.92308E-02    4.00000E-03    6.59490   -33.5548    1.00000    1.19296E-04
   4   -1.92308E-02    6.00000E-03    6.50901   -34.1576    1.00000    1.04228E-04
   4   -1.92308E-02    8.00000E-03    6.36845   -34.6631    1.00000    9.11607E-05
   4   -1.92308E-02    1.00000E-02    6.23099   -35.2251    1.00000    7.94364E-05
   4   -1.92308E-02    1.20000E-02    6.06643   -35.7631    1.00000    6.85997E-05
   4   -1.92308E-02    1.40000E-02    5.88854   -36.3178    1.00000    5.88007E-05
   4   -1.92308E-02    1.60000E-02    5.66880   -36.8009    1.00000    5.04657E-05
   4   -1.92308E-02    1.80000E-02    5.82314   -37.2989    1.00000    4.89040E-05
   4   -1.92308E-02    2.00000E-02    5.58497   -37.8088    1.00000    4.15719E-05
   4   -1.92308E-02    2.20000E-02    5.31763   -38.2840    1.00000    3.48797E-05
   4   -1.92308E-02    2.40000E-02    5.04777   -38.8215    1.00000    2.89834E-05
   4   -1.92308E-02    2.60000E-02    5.19306   -39.3254    1.00000    2.81108E-05
   4   -1.92308E-02    2.80000E-02    4.87523   -39.7503    1.00000    2.29580E-05
   4   -1.92308E-02    3.00000E-02    4.56806   -40.2678    1.00000    1.82879E-05
   4   -1.92308E-02    3.20000E-02    4.22903   -40.8097    1.00000    1.44231E-05
   4   -1.92308E-02    3.40000E-02    4.33816   -41.2364    1.00000    1.39230E-05
   4   -1.92308E-02    3.60000E-02    4.43646   -41.6471    1.00000    1.35821E-05
   4   -1.92308E-02    3.80000E-02    4.07463   -42.1876    1.00000    1.03490E-05
   4   -1.92308E-02    4.00000E-02    3.17221   -42.8553    1.00000    5.57716E-06
   4   -1.92308E-02    4.20000E-02    3.27326   -43.2527    1.00000    5.33892E-06
   4   -1.92308E-02    4.40000E-02    2.27673   -44.3193    1.00000    2.28967E-06
   4   -1.92308E-02    4.60000E-02    1.76567   -45.1353    1.00000    1.24562E-06
   4   -1.92308E-02    4.80000E-02    1.22240   -46.1272    1.00000    5.35682E-07
   4   -1.92308E-02    5.00000E-02    1.25162   -46.5739    1.00000    5.20623E-07
   4   -1.53846E-02   -4.80000E-02    18.7427   -60.1474    1.00000    2.79108E-04
   4   -1.53846E-02   -4.60000E-02  -0.910999   -28.1188    1.00000    5.72884E-06
   4   -1.53846E-02   -4.40000E-02  -0.915047   -28.3254    1.00000    5.76121E-06
   4   -1.53846E-02   -4.20000E-02   -1.13229   -28.3074    1.00000    9.19043E-06
   4   -1.53846E-02   -4.00000E-02   -1.35708   -28.4602    1.00000    1.34330E-05
   4   -1.53846E-02   -3.80000E-02   -1.36988   -28.5942    1.00000    1.32583E-05
   4   -1.53846E-02   -3.60000E-02   -1.38554   -28.7570    1.00000    1.31103E-05
   4   -1.53846E-02   -3.40000E-02   -1.16565   -28.8938    1.00000    9.03616E-06
   4   -1.53846E-02   -3.20000E-02   -1.41223   -29.0328    1.00000    1.29142E-05
   4   -1.53846E-02   -3.00000E-02   -1.42582   -29.1722    1.00000    1.27430E-05
   4   -1.53846E-02   -2.80000E-02   -1.19971   -29.3130    1.00000    8.78218E-06
   4   -1.53846E-02   -2.60000E-02   -1.21375   -29.4841    1.00000    8.68150E-06
   4   -1.53846E-02   -2.40000E-02   -1.46790   -29.5996    1.00000    1.23811E-05
   4   -1.53846E-02   -2.20000E-02   -1.23530   -29.7446    1.00000    8.53199E-06
   4   -1.53846E-02   -2.00000E-02   -1.24997   -29.9208    1.00000    8.43276E-06
   4   -1.53846E-02   -1.80000E-02   -1.25740   -30.0097    1.00000    8.38337E-06
   4   -1.53846E-02   -1.60000E-02   -1.27248   -30.1890    1.00000    8.28517E-06
   4   -1.53846E-02   -1.40000E-02   -1.28013   -30.2795    1.00000    8.23638E-06
   4   -1.53846E-02   -1.20000E-02   -1.29561   -30.4621    1.00000    8.13889E-06
   4   -1.53846E-02   -1.00000E-02   -1.30346   -30.5543    1.00000    8.09044E-06
   4   -1.53846E-02   -8.00000E-03   -1.31668   -30.7088    1.00000    7.97771E-06
   4   -1.53846E-02   -6.00000E-03   -1.32744   -30.8340    1.00000    7.94597E-06
   4   -1.53846E-02   -4.00000E-03  -0.539684   -31.0852    1.00000    1.23818E-06
   4   -1.53846E-02   -2.00000E-03   0.824662   -31.3746    1.00000    2.71806E-06
   4   -1.53846E-02  0.    1.95234   -31.6050    1.00000    1.44629E-05
   4   -1.53846E-02    2.00000E-03    3.14638   -32.0094    1.00000    3.48250E-05
   4   -1.53846E-02    4.00000E-03    4.40214   -32.4272    1.00000    6.39462E-05
   4   -1.53846E-02    6.00000E-03    5.71058   -32.8220    1.00000    1.01084E-04
   4   -1.53846E-02    8.00000E-03    6.78842   -33.2623    1.00000    1.32932E-04
   4   -1.53846E-02    1.00000E-02    6.37900   -33.8143    1.00000    1.06323E-04
   4   -1.53846E-02    1.20000E-02    6.59792   -34.3903    1.00000    1.02843E-04
   4   -1.53846E-02    1.40000E-02    6.45674   -34.9027    1.00000    8.99305E-05
   4   -1.53846E-02    1.60000E-02    6.30388   -35.4307    1.00000    7.81638E-05
   4   -1.53846E-02    1.80000E-02    5.77739   -35.9732    1.00000    6.02033E-05
   4   -1.53846E-02    2.00000E-02    5.57354   -36.4902    1.00000    5.10691E-05
   4   -1.53846E-02    2.20000E-02    5.73811   -37.0254    1.00000    4.96207E-05
   4   -1.53846E-02    2.40000E-02    5.50231   -37.5278    1.00000    4.21884E-05
   4   -1.53846E-02    2.60000E-02    5.26368   -38.0390    1.00000    3.51415E-05
   4   -1.53846E-02    2.80000E-02    5.41117   -38.5148    1.00000    3.41004E-05
   4   -1.53846E-02    3.00000E-02    5.15292   -39.0215    1.00000    2.81108E-05
   4   -1.53846E-02    3.20000E-02    4.41602   -39.5538    1.00000    1.88743E-05
   4   -1.53846E-02    3.40000E-02    4.54731   -40.0847    1.00000    1.82880E-05
   4   -1.53846E-02    3.60000E-02    4.20239   -40.5525    1.00000    1.44232E-05
   4   -1.53846E-02    3.80000E-02    4.33826   -41.0095    1.00000    1.38474E-05
   4   -1.53846E-02    4.00000E-02    3.51252   -41.6806    1.00000    7.94576E-06
   4   -1.53846E-02    4.20000E-02    3.11625   -42.2808    1.00000    5.62620E-06
   4   -1.53846E-02    4.40000E-02    2.18013   -43.4023    1.00000    2.39406E-06
   4   -1.53846E-02    4.60000E-02    2.24181   -43.8360    1.00000    2.31051E-06
   4   -1.53846E-02    4.80000E-02    1.73974   -44.6674    1.00000    1.25760E-06
   4   -1.53846E-02    5.00000E-02    1.20633   -45.7579    1.00000    5.40122E-07
   4   -1.15385E-02   -5.00000E-02   -18.4691   -1.23104    1.00000    5.43566E-06
   4   -1.15385E-02   -4.80000E-02    22.0559   -67.6146    1.00000    2.59540E-04
   4   -1.15385E-02   -4.60000E-02   -2.48952   -27.2768    1.00000    4.07315E-05
   4   -1.15385E-02   -4.40000E-02  -0.943521   -28.7600    1.00000    5.61020E-06
   4   -1.15385E-02   -4.20000E-02   -1.17200   -28.8023    1.00000    8.88317E-06
   4   -1.15385E-02   -4.00000E-02   -1.40145   -28.9217    1.00000    1.29628E-05
   4   -1.15385E-02   -3.80000E-02   -1.41763   -29.0882    1.00000    1.28160E-05
   4   -1.15385E-02   -3.60000E-02   -1.42860   -29.2006    1.00000    1.27678E-05
   4   -1.15385E-02   -3.40000E-02   -1.44526   -29.3704    1.00000    1.26224E-05
   4   -1.15385E-02   -3.20000E-02   -1.45933   -29.5131    1.00000    1.24530E-05
   4   -1.15385E-02   -3.00000E-02   -1.47655   -29.6866    1.00000    1.23096E-05
   4   -1.15385E-02   -2.80000E-02   -1.24260   -29.8324    1.00000    8.48231E-06
   4   -1.15385E-02   -2.60000E-02   -1.25740   -30.0097    1.00000    8.38337E-06
   4   -1.15385E-02   -2.40000E-02   -1.52091   -30.1293    1.00000    1.19539E-05
   4   -1.15385E-02   -2.20000E-02   -1.28013   -30.2795    1.00000    8.23638E-06
   4   -1.15385E-02   -2.00000E-02   -1.29298   -30.4312    1.00000    8.12238E-06
   4   -1.15385E-02   -1.80000E-02   -1.30346   -30.5543    1.00000    8.09044E-06
   4   -1.15385E-02   -1.60000E-02   -1.31938   -30.7402    1.00000    7.99407E-06
   4   -1.15385E-02   -1.40000E-02   -1.59617   -30.8658    1.00000    1.13960E-05
   4   -1.15385E-02   -1.20000E-02   -1.34379   -31.0234    1.00000    7.85030E-06
   4   -1.15385E-02   -1.00000E-02   -1.35763   -31.1827    1.00000    7.73918E-06
   4   -1.15385E-02   -8.00000E-03   -1.36890   -31.3119    1.00000    7.70800E-06
   4   -1.15385E-02   -6.00000E-03   -1.10421   -31.4412    1.00000    4.88275E-06
   4   -1.15385E-02   -4.00000E-03   -1.39178   -31.5726    1.00000    7.55093E-06
   4   -1.15385E-02   -2.00000E-03   -1.40348   -31.7050    1.00000    7.52014E-06
   4   -1.15385E-02  0.   -1.41826   -31.8714    1.00000    7.41146E-06
   4   -1.15385E-02    2.00000E-03   -1.42725   -31.9723    1.00000    7.36516E-06
   4   -1.15385E-02    4.00000E-03  -0.867278   -32.1751    1.00000    2.61830E-06
   4   -1.15385E-02    6.00000E-03   0.293437   -32.4148    1.00000    2.84238E-07
   4   -1.15385E-02    8.00000E-03    1.19395   -32.6945    1.00000    4.42184E-06
   4   -1.15385E-02    1.00000E-02    2.42965   -32.9816    1.00000    1.73069E-05
   4   -1.15385E-02    1.20000E-02    3.73385   -33.3868    1.00000    3.83518E-05
   4   -1.15385E-02    1.40000E-02    4.79376   -33.8398    1.00000    5.87493E-05
   4   -1.15385E-02    1.60000E-02    5.88406   -34.2295    1.00000    8.36725E-05
   4   -1.15385E-02    1.80000E-02    6.36845   -34.6631    1.00000    9.11607E-05
   4   -1.15385E-02    2.00000E-02    6.23099   -35.2251    1.00000    7.94364E-05
   4   -1.15385E-02    2.20000E-02    6.06643   -35.7631    1.00000    6.85997E-05
   4   -1.15385E-02    2.40000E-02    5.88854   -36.3178    1.00000    5.88007E-05
   4   -1.15385E-02    2.60000E-02    5.69405   -36.8304    1.00000    5.01036E-05
   4   -1.15385E-02    2.80000E-02    5.47221   -37.3224    1.00000    4.21885E-05
   4   -1.15385E-02    3.00000E-02    5.26166   -37.8811    1.00000    3.48796E-05
   4   -1.15385E-02    3.20000E-02    4.98487   -38.3377    1.00000    2.89834E-05
   4   -1.15385E-02    3.40000E-02    4.71725   -38.9180    1.00000    2.34994E-05
   4   -1.15385E-02    3.60000E-02    4.42126   -39.4442    1.00000    1.87266E-05
   4   -1.15385E-02    3.80000E-02    4.55712   -39.8486    1.00000    1.79978E-05
   4   -1.15385E-02    4.00000E-02    3.35382   -40.7602    1.00000    8.37674E-06
   4   -1.15385E-02    4.20000E-02    2.98971   -41.4478    1.00000    5.87070E-06
   4   -1.15385E-02    4.40000E-02    3.08249   -41.8247    1.00000    5.62565E-06
   4   -1.15385E-02    4.60000E-02    2.66473   -42.5687    1.00000    3.75120E-06
   4   -1.15385E-02    4.80000E-02    1.67955   -43.9219    1.00000    1.30344E-06
   4   -1.15385E-02    5.00000E-02    1.71527   -44.2502    1.00000    1.26859E-06
   4   -7.69231E-03   -5.00000E-02   -19.8453    4.77850    1.00000    8.22747E-06
   4   -7.69231E-03   -4.80000E-02    33.0418   -88.2094    1.00000    2.82244E-04
   4   -7.69231E-03   -4.60000E-02   -4.06461   -26.5018    1.00000    1.02744E-04
   4   -7.69231E-03   -4.40000E-02  -0.975100   -29.2352    1.00000    5.40693E-06
   4   -7.69231E-03   -4.20000E-02   -1.44775   -29.1925    1.00000    1.23817E-05
   4   -7.69231E-03   -4.00000E-02   -1.44526   -29.3704    1.00000    1.26224E-05
   4   -7.69231E-03   -3.80000E-02   -1.46221   -29.5422    1.00000    1.24776E-05
   4   -7.69231E-03   -3.60000E-02   -1.47948   -29.7160    1.00000    1.23340E-05
   4   -7.69231E-03   -3.40000E-02   -1.49406   -29.8621    1.00000    1.21667E-05
   4   -7.69231E-03   -3.20000E-02   -1.51188   -30.0397    1.00000    1.20246E-05
   4   -7.69231E-03   -3.00000E-02   -1.53003   -30.2195    1.00000    1.18836E-05
   4   -7.69231E-03   -2.80000E-02   -1.28784   -30.3705    1.00000    8.18764E-06
   4   -7.69231E-03   -2.60000E-02   -1.55785   -30.4931    1.00000    1.16732E-05
   4   -7.69231E-03   -2.40000E-02   -1.57685   -30.6783    1.00000    1.15343E-05
   4   -7.69231E-03   -2.20000E-02   -1.32744   -30.8340    1.00000    7.94597E-06
   4   -7.69231E-03   -2.00000E-02   -1.34102   -30.9914    1.00000    7.83409E-06
   4   -7.69231E-03   -1.80000E-02   -1.62583   -31.1514    1.00000    1.11901E-05
   4   -7.69231E-03   -1.60000E-02   -1.36890   -31.3119    1.00000    7.70800E-06
   4   -7.69231E-03   -1.40000E-02   -1.38312   -31.4742    1.00000    7.59782E-06
   4   -7.69231E-03   -1.20000E-02   -1.39471   -31.6058    1.00000    7.56685E-06
   4   -7.69231E-03   -1.00000E-02   -1.40935   -31.7712    1.00000    7.45783E-06
   4   -7.69231E-03   -8.00000E-03   -1.42128   -31.9053    1.00000    7.42723E-06
   4   -7.69231E-03   -6.00000E-03   -1.43632   -32.0738    1.00000    7.31900E-06
   4   -7.69231E-03   -4.00000E-03   -1.44548   -32.1759    1.00000    7.27306E-06
   4   -7.69231E-03   -2.00000E-03   -1.16878   -32.3474    1.00000    4.61587E-06
   4   -7.69231E-03  0.   -1.47350   -32.4864    1.00000    7.13604E-06
   4   -7.69231E-03    2.00000E-03   -1.48625   -32.6266    1.00000    7.10602E-06
   4   -7.69231E-03    4.00000E-03   -1.19926   -32.7670    1.00000    4.49938E-06
   4   -7.69231E-03    6.00000E-03   -1.51213   -32.9097    1.00000    6.95516E-06
   4   -7.69231E-03    8.00000E-03   -1.22294   -33.0890    1.00000    4.41315E-06
   4   -7.69231E-03    1.00000E-02   -1.23100   -33.1978    1.00000    4.38468E-06
   4   -7.69231E-03    1.20000E-02   -1.55233   -33.3442    1.00000    6.77690E-06
   4   -7.69231E-03    1.40000E-02  -0.629169   -33.5640    1.00000    1.06306E-06
   4   -7.69231E-03    1.60000E-02   0.640462   -33.8636    1.00000    1.03979E-06
   4   -7.69231E-03    1.80000E-02    1.62279   -34.0929    1.00000    6.36876E-06
   4   -7.69231E-03    2.00000E-02    2.65592   -34.4832    1.00000    1.59030E-05
   4   -7.69231E-03    2.20000E-02    3.72824   -34.8445    1.00000    2.96597E-05
   4   -7.69231E-03    2.40000E-02    4.85676   -35.2562    1.00000    4.75007E-05
   4   -7.69231E-03    2.60000E-02    6.04807   -35.6549    1.00000    6.85994E-05
   4   -7.69231E-03    2.80000E-02    5.86815   -36.1485    1.00000    5.89426E-05
   4   -7.69231E-03    3.00000E-02    5.68915   -36.7094    1.00000    4.96207E-05
   4   -7.69231E-03    3.20000E-02    5.09434   -37.2318    1.00000    3.59327E-05
   4   -7.69231E-03    3.40000E-02    5.24728   -37.7295    1.00000    3.49685E-05
   4   -7.69231E-03    3.60000E-02    5.01046   -38.2883    1.00000    2.84715E-05
   4   -7.69231E-03    3.80000E-02    4.75922   -38.8044    1.00000    2.29580E-05
   4   -7.69231E-03    4.00000E-02    4.07538   -39.4876    1.00000    1.45395E-05
   4   -7.69231E-03    4.20000E-02    3.31142   -40.3024    1.00000    8.35283E-06
   4   -7.69231E-03    4.40000E-02    2.95889   -41.0184    1.00000    5.87126E-06
   4   -7.69231E-03    4.60000E-02    2.55592   -41.7351    1.00000    3.91806E-06
   4   -7.69231E-03    4.80000E-02    2.12770   -42.6123    1.00000    2.40777E-06
   4   -7.69231E-03    5.00000E-02    1.65713   -43.5214    1.00000    1.31570E-06
   4   -3.84615E-03   -5.00000E-02   -21.3651    11.9827    1.00000    1.36446E-04
   4   -3.84615E-03   -4.80000E-02    69.1039   -152.818    1.00000    3.30957E-04
   4   -3.84615E-03   -4.60000E-02   -3.97713   -27.8489    1.00000    7.39932E-05
   4   -3.84615E-03   -4.40000E-02  0.   -31.3429    1.00000  0.
   4   -3.84615E-03   -4.20000E-02  0.   -31.3429    1.00000  0.
   4   -3.84615E-03   -4.00000E-02    1.57682E-05   -31.3429    1.00000    1.01439E-15
   4   -3.84615E-03   -3.80000E-02    1.57682E-05   -31.3429    1.00000    1.01439E-15
   4   -3.84615E-03   -3.60000E-02    1.57682E-05   -31.3429    1.00000    1.01439E-15
   4   -3.84615E-03   -3.40000E-02    1.57682E-05   -31.3429    1.00000    1.01439E-15
   4   -3.84615E-03   -3.20000E-02    1.57682E-05   -31.3429    1.00000    1.01439E-15
   4   -3.84615E-03   -3.00000E-02    1.57682E-05   -31.3429    1.00000    1.01439E-15
   4   -3.84615E-03   -2.80000E-02    1.57682E-05   -31.3429    1.00000    1.01439E-15
   4   -3.84615E-03   -2.60000E-02    1.57682E-05   -31.3429    1.00000    1.01439E-15
   4   -3.84615E-03   -2.40000E-02  -0.550936   -31.4077    1.00000    1.21810E-06
   4   -3.84615E-03   -2.20000E-02  -0.829862   -31.4734    1.00000    2.73520E-06
   4   -3.84615E-03   -2.00000E-02   -1.39178   -31.5726    1.00000    7.55093E-06
   4   -3.84615E-03   -1.80000E-02   -1.68771   -31.7386    1.00000    1.07841E-05
   4   -3.84615E-03   -1.60000E-02   -1.41826   -31.8714    1.00000    7.41146E-06
   4   -3.84615E-03   -1.40000E-02   -1.43632   -32.0738    1.00000    7.31900E-06
   4   -3.84615E-03   -1.20000E-02   -1.44859   -32.2105    1.00000    7.28868E-06
   4   -3.84615E-03   -1.00000E-02   -1.46408   -32.3822    1.00000    7.18162E-06
   4   -3.84615E-03   -8.00000E-03   -1.47670   -32.5216    1.00000    7.15151E-06
   4   -3.84615E-03   -6.00000E-03   -1.49263   -32.6967    1.00000    7.04531E-06
   4   -3.84615E-03   -4.00000E-03   -1.50561   -32.8387    1.00000    7.01541E-06
   4   -3.84615E-03   -2.00000E-03   -1.52203   -33.0173    1.00000    6.91037E-06
   4   -3.84615E-03  0.   -1.53203   -33.1255    1.00000    6.86574E-06
   4   -3.84615E-03    2.00000E-03   -1.23914   -33.3072    1.00000    4.35623E-06
   4   -3.84615E-03    4.00000E-03   -1.56263   -33.4546    1.00000    6.73270E-06
   4   -3.84615E-03    6.00000E-03   -1.26401   -33.6400    1.00000    4.27140E-06
   4   -3.84615E-03    8.00000E-03   -1.27247   -33.7524    1.00000    4.24332E-06
   4   -3.84615E-03    1.00000E-02   -1.60486   -33.9038    1.00000    6.55727E-06
   4   -3.84615E-03    1.20000E-02   -1.29543   -34.0554    1.00000    4.15022E-06
   4   -3.84615E-03    1.40000E-02   -1.30718   -34.2096    1.00000    4.13196E-06
   4   -3.84615E-03    1.60000E-02   -1.64882   -34.3651    1.00000    6.38414E-06
   4   -3.84615E-03    1.80000E-02   -1.66010   -34.4824    1.00000    6.34125E-06
   4   -3.84615E-03    2.00000E-02   -1.34022   -34.6393    1.00000    4.01273E-06
   4   -3.84615E-03    2.20000E-02   -1.35258   -34.7988    1.00000    3.99466E-06
   4   -3.84615E-03    2.40000E-02  -0.342831   -35.0385    1.00000    2.44569E-07
   4   -3.84615E-03    2.60000E-02    1.04478   -35.3057    1.00000    2.14587E-06
   4   -3.84615E-03    2.80000E-02    2.47908   -35.5707    1.00000    1.14128E-05
   4   -3.84615E-03    3.00000E-02    3.98504   -35.9171    1.00000    2.77232E-05
   4   -3.84615E-03    3.20000E-02    5.54963   -36.1586    1.00000    5.08284E-05
   4   -3.84615E-03    3.40000E-02    5.33470   -36.6547    1.00000    4.28094E-05
   4   -3.84615E-03    3.60000E-02    5.13047   -37.2161    1.00000    3.54044E-05
   4   -3.84615E-03    3.80000E-02    4.51325   -37.8163    1.00000    2.42311E-05
   4   -3.84615E-03    4.00000E-02    4.29279   -38.4501    1.00000    1.88742E-05
   4   -3.84615E-03    4.20000E-02    3.58965   -39.1802    1.00000    1.15503E-05
   4   -3.84615E-03    4.40000E-02    3.27360   -39.8405    1.00000    8.35351E-06
   4   -3.84615E-03    4.60000E-02    2.45342   -40.9318    1.00000    4.08809E-06
   4   -3.84615E-03    4.80000E-02    2.04663   -41.8288    1.00000    2.52255E-06
   4   -3.84615E-03    5.00000E-02    1.60105   -42.8160    1.00000    1.36231E-06
   4  0.   -5.00000E-02   -20.8074   10.46603    1.00000    1.43826E-04
   4  0.   -4.80000E-02    190.082   -376.308    1.00000    3.25356E-04
   4  0.   -4.60000E-02   -1.64041E-04   -35.2422    1.00000    5.42101E-14
   4  0.   -4.40000E-02  0.   -35.2424    1.00000  0.
   4  0.   -4.20000E-02    4.10101E-05   -35.2424    1.00000    3.38813E-15
   4  0.   -4.00000E-02    1.29590E-05   -35.2424    1.00000    3.38316E-16
   4  0.   -3.80000E-02    1.29590E-05   -35.2424    1.00000    3.38316E-16
   4  0.   -3.60000E-02    1.29590E-05   -35.2424    1.00000    3.38316E-16
   4  0.   -3.40000E-02    1.29590E-05   -35.2424    1.00000    3.38316E-16
   4  0.   -3.20000E-02    1.29590E-05   -35.2424    1.00000    3.38316E-16
   4  0.   -3.00000E-02    1.29590E-05   -35.2424    1.00000    3.38316E-16
   4  0.   -2.80000E-02    1.29590E-05   -35.2424    1.00000    3.38316E-16
   4  0.   -2.60000E-02    1.29590E-05   -35.2424    1.00000    3.38316E-16
   4  0.   -2.40000E-02    1.29590E-05   -35.2424    1.00000    3.38316E-16
   4  0.   -2.20000E-02    1.29590E-05   -35.2424    1.00000    3.38316E-16
   4  0.   -2.00000E-02    1.29590E-05   -35.2424    1.00000    3.38316E-16
   4  0.   -1.80000E-02    1.29590E-05   -35.2424    1.00000    3.38316E-16
   4  0.   -1.60000E-02    1.29590E-05   -35.2424    1.00000    3.38316E-16
   4  0.   -1.40000E-02    1.29590E-05   -35.2424    1.00000    3.38316E-16
   4  0.   -1.20000E-02    1.29590E-05   -35.2424    1.00000    3.38316E-16
   4  0.   -1.00000E-02    1.29590E-05   -35.2424    1.00000    3.38316E-16
   4  0.   -8.00000E-03    1.29590E-05   -35.2424    1.00000    3.38316E-16
   4  0.   -6.00000E-03    1.29590E-05   -35.2424    1.00000    3.38316E-16
   4  0.   -4.00000E-03    1.29590E-05   -35.2424    1.00000    3.38316E-16
   4  0.   -2.00000E-03    1.29590E-05   -35.2424    1.00000    3.38316E-16
   4  0.  0.    1.29590E-05   -35.2424    1.00000    3.38316E-16
   4  0.    2.00000E-03    1.29590E-05   -35.2424    1.00000    3.38316E-16
   4  0.    4.00000E-03    1.29590E-05   -35.2424    1.00000    3.38316E-16
   4  0.    6.00000E-03    1.29590E-05   -35.2424    1.00000    3.38316E-16
   4  0.    8.00000E-03    1.29590E-05   -35.2424    1.00000    3.38316E-16
   4  0.    1.00000E-02    1.29590E-05   -35.2424    1.00000    3.38316E-16
   4  0.    1.20000E-02    1.29590E-05   -35.2424    1.00000    3.38316E-16
   4  0.    1.40000E-02    1.29590E-05   -35.2424    1.00000    3.38316E-16
   4  0.    1.60000E-02  -0.347628   -35.2833    1.00000    2.41203E-07
   4  0.    1.80000E-02  -0.696893   -35.3244    1.00000    9.60399E-07
   4  0.    2.00000E-02   -1.05274   -35.4493    1.00000    2.16106E-06
   4  0.    2.20000E-02   -1.76699   -35.5753    1.00000    5.96151E-06
   4  0.    2.40000E-02   -1.42693   -35.7423    1.00000    3.77107E-06
   4  0.    2.60000E-02   -1.43812   -35.8950    1.00000    3.74471E-06
   4  0.    2.80000E-02   -1.44944   -36.0492    1.00000    3.71844E-06
   4  0.    3.00000E-02   -1.46091   -36.2049    1.00000    3.69225E-06
   4  0.    3.20000E-02   0.739771   -36.3605    1.00000    8.99199E-07
   4  0.    3.40000E-02    1.86923   -36.4877    1.00000    5.49895E-06
   4  0.    3.60000E-02    3.42830   -36.6843    1.00000    1.75178E-05
   4  0.    3.80000E-02    5.04151   -36.7084    1.00000    3.56678E-05
   4  0.    4.00000E-02    4.48605   -37.4437    1.00000    2.40475E-05
   4  0.    4.20000E-02    3.84582   -38.1718    1.00000    1.52488E-05
   4  0.    4.40000E-02    3.56323   -38.7866    1.00000    1.14268E-05
   4  0.    4.60000E-02    2.79620   -39.7527    1.00000    6.17234E-06
   4  0.    4.80000E-02    2.43550   -40.6327    1.00000    4.08809E-06
   4  0.    5.00000E-02    2.03208   -41.5313    1.00000    2.52255E-06
   4    3.84615E-03   -5.00000E-02   -20.3101   10.05393    1.00000    5.00939E-05
   4    3.84615E-03   -4.80000E-02   -154.266    249.264    1.00000    3.72878E-04
   4    3.84615E-03   -4.60000E-02    2.42132E-04   -40.1442    1.00000    5.42101E-14
   4    3.84615E-03   -4.40000E-02   -1.21066E-04   -40.1438    1.00000    1.35525E-14
   4    3.84615E-03   -4.20000E-02  0.   -40.1439    1.00000  0.
   4    3.84615E-03   -4.00000E-02    1.20955E-06   -40.1439    1.00000    1.35278E-18
   4    3.84615E-03   -3.80000E-02    1.20955E-06   -40.1439    1.00000    1.35278E-18
   4    3.84615E-03   -3.60000E-02    1.20955E-06   -40.1439    1.00000    1.35278E-18
   4    3.84615E-03   -3.40000E-02    1.20955E-06   -40.1439    1.00000    1.35278E-18
   4    3.84615E-03   -3.20000E-02    1.20955E-06   -40.1439    1.00000    1.35278E-18
   4    3.84615E-03   -3.00000E-02    1.20955E-06   -40.1439    1.00000    1.35278E-18
   4    3.84615E-03   -2.80000E-02    1.20955E-06   -40.1439    1.00000    1.35278E-18
   4    3.84615E-03   -2.60000E-02    1.20955E-06   -40.1439    1.00000    1.35278E-18
   4    3.84615E-03   -2.40000E-02    1.20955E-06   -40.1439    1.00000    1.35278E-18
   4    3.84615E-03   -2.20000E-02    1.20955E-06   -40.1439    1.00000    1.35278E-18
   4    3.84615E-03   -2.00000E-02    1.20955E-06   -40.1439    1.00000    1.35278E-18
   4    3.84615E-03   -1.80000E-02    1.20955E-06   -40.1439    1.00000    1.35278E-18
   4    3.84615E-03   -1.60000E-02    1.20955E-06   -40.1439    1.00000    1.35278E-18
   4    3.84615E-03   -1.40000E-02    1.20955E-06   -40.1439    1.00000    1.35278E-18
   4    3.84615E-03   -1.20000E-02    1.20955E-06   -40.1439    1.00000    1.35278E-18
   4    3.84615E-03   -1.00000E-02    1.20955E-06   -40.1439    1.00000    1.35278E-18
   4    3.84615E-03   -8.00000E-03    1.20955E-06   -40.1439    1.00000    1.35278E-18
   4    3.84615E-03   -6.00000E-03    1.20955E-06   -40.1439    1.00000    1.35278E-18
   4    3.84615E-03   -4.00000E-03    1.20955E-06   -40.1439    1.00000    1.35278E-18
   4    3.84615E-03   -2.00000E-03    1.20955E-06   -40.1439    1.00000    1.35278E-18
   4    3.84615E-03  0.    1.20955E-06   -40.1439    1.00000    1.35278E-18
   4    3.84615E-03    2.00000E-03    1.20955E-06   -40.1439    1.00000    1.35278E-18
   4    3.84615E-03    4.00000E-03    1.20955E-06   -40.1439    1.00000    1.35278E-18
   4    3.84615E-03    6.00000E-03    1.20955E-06   -40.1439    1.00000    1.35278E-18
   4    3.84615E-03    8.00000E-03    1.20955E-06   -40.1439    1.00000    1.35278E-18
   4    3.84615E-03    1.00000E-02    1.20955E-06   -40.1439    1.00000    1.35278E-18
   4    3.84615E-03    1.20000E-02    1.20955E-06   -40.1439    1.00000    1.35278E-18
   4    3.84615E-03    1.40000E-02    1.20955E-06   -40.1439    1.00000    1.35278E-18
   4    3.84615E-03    1.60000E-02    1.20955E-06   -40.1439    1.00000    1.35278E-18
   4    3.84615E-03    1.80000E-02    1.20955E-06   -40.1439    1.00000    1.35278E-18
   4    3.84615E-03    2.00000E-02    1.20955E-06   -40.1439    1.00000    1.35278E-18
   4    3.84615E-03    2.20000E-02    1.20955E-06   -40.1439    1.00000    1.35278E-18
   4    3.84615E-03    2.40000E-02    1.20955E-06   -40.1439    1.00000    1.35278E-18
   4    3.84615E-03    2.60000E-02    3.78329E-06   -40.1439    1.00000    1.32349E-17
   4    3.84615E-03    2.80000E-02  0.   -40.1439    1.00000  0.
   4    3.84615E-03    3.00000E-02  0.   -40.1439    1.00000  0.
   4    3.84615E-03    3.20000E-02  0.   -40.1439    1.00000  0.
   4    3.84615E-03    3.40000E-02  0.   -40.1439    1.00000  0.
   4    3.84615E-03    3.60000E-02  0.   -40.1439    1.00000  0.
   4    3.84615E-03    3.80000E-02   -6.05326E-05   -40.1439    1.00000    3.38813E-15
   4    3.84615E-03    4.00000E-02   -6.05327E-05   -40.1439    1.00000    3.38813E-15
   4    3.84615E-03    4.20000E-02   -6.05327E-05   -40.1439    1.00000    3.38813E-15
   4    3.84615E-03    4.40000E-02    1.77243   -39.2666    1.00000    2.94133E-06
   4    3.84615E-03    4.60000E-02    2.68900   -39.0271    1.00000    6.42712E-06
   4    3.84615E-03    4.80000E-02    2.34060   -39.8750    1.00000    4.26268E-06
   4    3.84615E-03    5.00000E-02    1.95055   -40.7392    1.00000    2.63055E-06
   4    7.69231E-03   -5.00000E-02   -19.8012   10.19757    1.00000    1.34373E-05
   4    7.69231E-03   -4.80000E-02    1357.40   -2967.14    1.00000    1.26037E-04
   4    7.69231E-03   -4.60000E-02   -3.78213E-04   -46.5561    1.00000    5.42101E-14
   4    7.69231E-03   -4.40000E-02   -1.89107E-04   -46.5565    1.00000    1.35525E-14
   4    7.69231E-03   -4.20000E-02   -9.45540E-05   -46.5567    1.00000    3.38813E-15
   4    7.69231E-03   -4.00000E-02    2.93122E-06   -46.5567    1.00000    3.25610E-18
   4    7.69231E-03   -3.80000E-02    2.93122E-06   -46.5567    1.00000    3.25610E-18
   4    7.69231E-03   -3.60000E-02    2.93122E-06   -46.5567    1.00000    3.25610E-18
   4    7.69231E-03   -3.40000E-02    2.93122E-06   -46.5567    1.00000    3.25610E-18
   4    7.69231E-03   -3.20000E-02    2.93122E-06   -46.5567    1.00000    3.25610E-18
   4    7.69231E-03   -3.00000E-02    2.93122E-06   -46.5567    1.00000    3.25610E-18
   4    7.69231E-03   -2.80000E-02    2.93122E-06   -46.5567    1.00000    3.25610E-18
   4    7.69231E-03   -2.60000E-02    2.93122E-06   -46.5567    1.00000    3.25610E-18
   4    7.69231E-03   -2.40000E-02    2.93122E-06   -46.5567    1.00000    3.25610E-18
   4    7.69231E-03   -2.20000E-02    2.93122E-06   -46.5567    1.00000    3.25610E-18
   4    7.69231E-03   -2.00000E-02    2.93122E-06   -46.5567    1.00000    3.25610E-18
   4    7.69231E-03   -1.80000E-02    2.93122E-06   -46.5567    1.00000    3.25610E-18
   4    7.69231E-03   -1.60000E-02    2.93122E-06   -46.5567    1.00000    3.25610E-18
   4    7.69231E-03   -1.40000E-02    2.93122E-06   -46.5567    1.00000    3.25610E-18
   4    7.69231E-03   -1.20000E-02    2.93122E-06   -46.5567    1.00000    3.25610E-18
   4    7.69231E-03   -1.00000E-02    2.93122E-06   -46.5567    1.00000    3.25610E-18
   4    7.69231E-03   -8.00000E-03    2.93122E-06   -46.5567    1.00000    3.25610E-18
   4    7.69231E-03   -6.00000E-03    2.93122E-06   -46.5567    1.00000    3.25610E-18
   4    7.69231E-03   -4.00000E-03    2.93122E-06   -46.5567    1.00000    3.25610E-18
   4    7.69231E-03   -2.00000E-03    2.93122E-06   -46.5567    1.00000    3.25610E-18
   4    7.69231E-03  0.    2.93122E-06   -46.5567    1.00000    3.25610E-18
   4    7.69231E-03    2.00000E-03    2.93122E-06   -46.5567    1.00000    3.25610E-18
   4    7.69231E-03    4.00000E-03    2.93122E-06   -46.5567    1.00000    3.25610E-18
   4    7.69231E-03    6.00000E-03    2.93122E-06   -46.5567    1.00000    3.25610E-18
   4    7.69231E-03    8.00000E-03    2.93122E-06   -46.5567    1.00000    3.25610E-18
   4    7.69231E-03    1.00000E-02    2.93122E-06   -46.5567    1.00000    3.25610E-18
   4    7.69231E-03    1.20000E-02    2.93122E-06   -46.5567    1.00000    3.25610E-18
   4    7.69231E-03    1.40000E-02    2.93122E-06   -46.5567    1.00000    3.25610E-18
   4    7.69231E-03    1.60000E-02    2.93122E-06   -46.5567    1.00000    3.25610E-18
   4    7.69231E-03    1.80000E-02    2.93122E-06   -46.5567    1.00000    3.25610E-18
   4    7.69231E-03    2.00000E-02    2.93122E-06   -46.5567    1.00000    3.25610E-18
   4    7.69231E-03    2.20000E-02    2.93122E-06   -46.5567    1.00000    3.25610E-18
   4    7.69231E-03    2.40000E-02    2.93122E-06   -46.5567    1.00000    3.25610E-18
   4    7.69231E-03    2.60000E-02    1.18193E-05   -46.5567    1.00000    5.29396E-17
   4    7.69231E-03    2.80000E-02    1.18193E-05   -46.5567    1.00000    5.29396E-17
   4    7.69231E-03    3.00000E-02    2.36385E-05   -46.5567    1.00000    2.11758E-16
   4    7.69231E-03    3.20000E-02  0.   -46.5567    1.00000  0.
   4    7.69231E-03    3.40000E-02    2.36385E-05   -46.5567    1.00000    2.11758E-16
   4    7.69231E-03    3.60000E-02  0.   -46.5567    1.00000  0.
   4    7.69231E-03    3.80000E-02  0.   -46.5567    1.00000  0.
   4    7.69231E-03    4.00000E-02  0.   -46.5567    1.00000  0.
   4    7.69231E-03    4.20000E-02   -9.45540E-05   -46.5568    1.00000    3.38813E-15
   4    7.69231E-03    4.40000E-02  0.   -46.5567    1.00000  0.
   4    7.69231E-03    4.60000E-02    1.89107E-04   -46.5566    1.00000    1.35525E-14
   4    7.69231E-03    4.80000E-02  0.   -46.5567    1.00000  0.
   4    7.69231E-03    5.00000E-02   -1.89111E-04   -46.5569    1.00000    1.35525E-14
   4    1.15385E-02   -5.00000E-02   -19.1481    9.54135    1.00000    1.20241E-06
   4    1.15385E-02   -4.80000E-02    74.2634   -243.726    1.00000    3.06552E-05
   4    1.15385E-02   -4.60000E-02  0.   -55.5104    1.00000  0.
   4    1.15385E-02   -4.40000E-02   -3.19972E-04   -55.5100    1.00000    1.35525E-14
   4    1.15385E-02   -4.20000E-02    1.59986E-04   -55.5105    1.00000    3.38813E-15
   4    1.15385E-02   -4.00000E-02    5.29320E-06   -55.5104    1.00000    3.70877E-18
   4    1.15385E-02   -3.80000E-02    5.29320E-06   -55.5104    1.00000    3.70877E-18
   4    1.15385E-02   -3.60000E-02    5.29320E-06   -55.5104    1.00000    3.70877E-18
   4    1.15385E-02   -3.40000E-02    5.29320E-06   -55.5104    1.00000    3.70877E-18
   4    1.15385E-02   -3.20000E-02    5.29320E-06   -55.5104    1.00000    3.70877E-18
   4    1.15385E-02   -3.00000E-02    5.29320E-06   -55.5104    1.00000    3.70877E-18
   4    1.15385E-02   -2.80000E-02    5.29320E-06   -55.5104    1.00000    3.70877E-18
   4    1.15385E-02   -2.60000E-02    5.29320E-06   -55.5104    1.00000    3.70877E-18
   4    1.15385E-02   -2.40000E-02    5.29320E-06   -55.5104    1.00000    3.70877E-18
   4    1.15385E-02   -2.20000E-02    5.29320E-06   -55.5104    1.00000    3.70877E-18
   4    1.15385E-02   -2.00000E-02    5.29320E-06   -55.5104    1.00000    3.70877E-18
   4    1.15385E-02   -1.80000E-02    5.29320E-06   -55.5104    1.00000    3.70877E-18
   4    1.15385E-02   -1.60000E-02    5.29320E-06   -55.5104    1.00000    3.70877E-18
   4    1.15385E-02   -1.40000E-02    5.29320E-06   -55.5104    1.00000    3.70877E-18
   4    1.15385E-02   -1.20000E-02    5.29320E-06   -55.5104    1.00000    3.70877E-18
   4    1.15385E-02   -1.00000E-02    5.29320E-06   -55.5104    1.00000    3.70877E-18
   4    1.15385E-02   -8.00000E-03    5.29320E-06   -55.5104    1.00000    3.70877E-18
   4    1.15385E-02   -6.00000E-03    5.29320E-06   -55.5104    1.00000    3.70877E-18
   4    1.15385E-02   -4.00000E-03    5.29320E-06   -55.5104    1.00000    3.70877E-18
   4    1.15385E-02   -2.00000E-03    5.29320E-06   -55.5104    1.00000    3.70877E-18
   4    1.15385E-02  0.    5.29320E-06   -55.5104    1.00000    3.70877E-18
   4    1.15385E-02    2.00000E-03    5.29320E-06   -55.5104    1.00000    3.70877E-18
   4    1.15385E-02    4.00000E-03    5.29320E-06   -55.5104    1.00000    3.70877E-18
   4    1.15385E-02    6.00000E-03    5.29320E-06   -55.5104    1.00000    3.70877E-18
   4    1.15385E-02    8.00000E-03    5.29320E-06   -55.5104    1.00000    3.70877E-18
   4    1.15385E-02    1.00000E-02    5.29320E-06   -55.5104    1.00000    3.70877E-18
   4    1.15385E-02    1.20000E-02    5.29320E-06   -55.5104    1.00000    3.70877E-18
   4    1.15385E-02    1.40000E-02    5.29320E-06   -55.5104    1.00000    3.70877E-18
   4    1.15385E-02    1.60000E-02    5.29320E-06   -55.5104    1.00000    3.70877E-18
   4    1.15385E-02    1.80000E-02    5.29320E-06   -55.5104    1.00000    3.70877E-18
   4    1.15385E-02    2.00000E-02    5.29320E-06   -55.5104    1.00000    3.70877E-18
   4    1.15385E-02    2.20000E-02    5.29320E-06   -55.5104    1.00000    3.70877E-18
   4    1.15385E-02    2.40000E-02    5.29320E-06   -55.5104    1.00000    3.70877E-18
   4    1.15385E-02    2.60000E-02    1.49987E-05   -55.5104    1.00000    2.97785E-17
   4    1.15385E-02    2.80000E-02    1.99983E-05   -55.5104    1.00000    5.29396E-17
   4    1.15385E-02    3.00000E-02    1.99983E-05   -55.5104    1.00000    5.29396E-17
   4    1.15385E-02    3.20000E-02  0.   -55.5104    1.00000  0.
   4    1.15385E-02    3.40000E-02  0.   -55.5104    1.00000  0.
   4    1.15385E-02    3.60000E-02  0.   -55.5104    1.00000  0.
   4    1.15385E-02    3.80000E-02    7.99931E-05   -55.5104    1.00000    8.47033E-16
   4    1.15385E-02    4.00000E-02    1.59986E-04   -55.5103    1.00000    3.38813E-15
   4    1.15385E-02    4.20000E-02  0.   -55.5104    1.00000  0.
   4    1.15385E-02    4.40000E-02    1.59987E-04   -55.5103    1.00000    3.38813E-15
   4    1.15385E-02    4.60000E-02    3.19971E-04   -55.5101    1.00000    1.35525E-14
   4    1.15385E-02    4.80000E-02    3.19974E-04   -55.5100    1.00000    1.35525E-14
   4    1.15385E-02    5.00000E-02  0.   -55.5104    1.00000  0.
   4    1.53846E-02   -4.80000E-02    16.4223   -120.336    1.00000    2.95452E-06
   4    1.53846E-02   -4.60000E-02    6.05696E-04   -68.7295    1.00000    1.35525E-14
   4    1.53846E-02   -4.40000E-02  0.   -68.7281    1.00000  0.
   4    1.53846E-02   -4.20000E-02    1.51424E-04   -68.7282    1.00000    8.47033E-16
   4    1.53846E-02   -4.00000E-02    2.61365E-05   -68.7281    1.00000    2.52355E-17
   4    1.53846E-02   -3.80000E-02    2.61365E-05   -68.7281    1.00000    2.52355E-17
   4    1.53846E-02   -3.60000E-02    2.61365E-05   -68.7281    1.00000    2.52355E-17
   4    1.53846E-02   -3.40000E-02    2.61365E-05   -68.7281    1.00000    2.52355E-17
   4    1.53846E-02   -3.20000E-02    2.61365E-05   -68.7281    1.00000    2.52355E-17
   4    1.53846E-02   -3.00000E-02    2.61365E-05   -68.7281    1.00000    2.52355E-17
   4    1.53846E-02   -2.80000E-02    2.61365E-05   -68.7281    1.00000    2.52355E-17
   4    1.53846E-02   -2.60000E-02    2.61365E-05   -68.7281    1.00000    2.52355E-17
   4    1.53846E-02   -2.40000E-02    2.61365E-05   -68.7281    1.00000    2.52355E-17
   4    1.53846E-02   -2.20000E-02    2.61365E-05   -68.7281    1.00000    2.52355E-17
   4    1.53846E-02   -2.00000E-02    2.61365E-05   -68.7281    1.00000    2.52355E-17
   4    1.53846E-02   -1.80000E-02    2.61365E-05   -68.7281    1.00000    2.52355E-17
   4    1.53846E-02   -1.60000E-02    2.61365E-05   -68.7281    1.00000    2.52355E-17
   4    1.53846E-02   -1.40000E-02    2.61365E-05   -68.7281    1.00000    2.52355E-17
   4    1.53846E-02   -1.20000E-02    2.61365E-05   -68.7281    1.00000    2.52355E-17
   4    1.53846E-02   -1.00000E-02    2.61365E-05   -68.7281    1.00000    2.52355E-17
   4    1.53846E-02   -8.00000E-03    2.61365E-05   -68.7281    1.00000    2.52355E-17
   4    1.53846E-02   -6.00000E-03    2.61365E-05   -68.7281    1.00000    2.52355E-17
   4    1.53846E-02   -4.00000E-03    2.61365E-05   -68.7281    1.00000    2.52355E-17
   4    1.53846E-02   -2.00000E-03    2.61365E-05   -68.7281    1.00000    2.52355E-17
   4    1.53846E-02  0.    2.61365E-05   -68.7281    1.00000    2.52355E-17
   4    1.53846E-02    2.00000E-03    2.61365E-05   -68.7281    1.00000    2.52355E-17
   4    1.53846E-02    4.00000E-03    2.61365E-05   -68.7281    1.00000    2.52355E-17
   4    1.53846E-02    6.00000E-03    2.61365E-05   -68.7281    1.00000    2.52355E-17
   4    1.53846E-02    8.00000E-03    2.61365E-05   -68.7281    1.00000    2.52355E-17
   4    1.53846E-02    1.00000E-02    2.61365E-05   -68.7281    1.00000    2.52355E-17
   4    1.53846E-02    1.20000E-02    2.61365E-05   -68.7281    1.00000    2.52355E-17
   4    1.53846E-02    1.40000E-02    2.61365E-05   -68.7281    1.00000    2.52355E-17
   4    1.53846E-02    1.60000E-02    2.61365E-05   -68.7281    1.00000    2.52355E-17
   4    1.53846E-02    1.80000E-02    2.61365E-05   -68.7281    1.00000    2.52355E-17
   4    1.53846E-02    2.00000E-02    2.61365E-05   -68.7281    1.00000    2.52355E-17
   4    1.53846E-02    2.20000E-02    2.61365E-05   -68.7281    1.00000    2.52355E-17
   4    1.53846E-02    2.40000E-02    2.61365E-05   -68.7281    1.00000    2.52355E-17
   4    1.53846E-02    2.60000E-02  0.   -68.7281    1.00000  0.
   4    1.53846E-02    2.80000E-02  0.   -68.7281    1.00000  0.
   4    1.53846E-02    3.00000E-02   -3.78558E-05   -68.7281    1.00000    5.29396E-17
   4    1.53846E-02    3.20000E-02   -1.13567E-04   -68.7281    1.00000    4.76456E-16
   4    1.53846E-02    3.40000E-02   -7.57115E-05   -68.7281    1.00000    2.11758E-16
   4    1.53846E-02    3.60000E-02   -7.57115E-05   -68.7281    1.00000    2.11758E-16
   4    1.53846E-02    3.80000E-02   -1.51423E-04   -68.7282    1.00000    8.47033E-16
   4    1.53846E-02    4.00000E-02   -1.51423E-04   -68.7282    1.00000    8.47033E-16
   4    1.53846E-02    4.20000E-02   -3.02846E-04   -68.7284    1.00000    3.38813E-15
   4    1.53846E-02    4.40000E-02  0.   -68.7281    1.00000  0.
   4    1.53846E-02    4.60000E-02   -6.05696E-04   -68.7289    1.00000    1.35525E-14
   4    1.53846E-02    4.80000E-02   -6.05697E-04   -68.7291    1.00000    1.35525E-14
   4    1.53846E-02    5.00000E-02   -6.05698E-04   -68.7292    1.00000    1.35525E-14
   4    1.92308E-02   -4.80000E-02  0.   -90.4714    1.00000  0.
   4    1.92308E-02   -4.60000E-02   -1.39223E-03   -90.4670    1.00000    1.35525E-14
   4    1.92308E-02   -4.40000E-02  0.   -90.4714    1.00000  0.
   4    1.92308E-02   -4.20000E-02  0.   -90.4714    1.00000  0.
   4    1.92308E-02   -4.00000E-02    4.26981E-06   -90.4714    1.00000    1.27469E-19
   4    1.92308E-02   -3.80000E-02    4.26981E-06   -90.4714    1.00000    1.27469E-19
   4    1.92308E-02   -3.60000E-02    4.26981E-06   -90.4714    1.00000    1.27469E-19
   4    1.92308E-02   -3.40000E-02    4.26981E-06   -90.4714    1.00000    1.27469E-19
   4    1.92308E-02   -3.20000E-02    4.26981E-06   -90.4714    1.00000    1.27469E-19
   4    1.92308E-02   -3.00000E-02    4.26981E-06   -90.4714    1.00000    1.27469E-19
   4    1.92308E-02   -2.80000E-02    4.26981E-06   -90.4714    1.00000    1.27469E-19
   4    1.92308E-02   -2.60000E-02    4.26981E-06   -90.4714    1.00000    1.27469E-19
   4    1.92308E-02   -2.40000E-02    4.26981E-06   -90.4714    1.00000    1.27469E-19
   4    1.92308E-02   -2.20000E-02    4.26981E-06   -90.4714    1.00000    1.27469E-19
   4    1.92308E-02   -2.00000E-02    4.26981E-06   -90.4714    1.00000    1.27469E-19
   4    1.92308E-02   -1.80000E-02    4.26981E-06   -90.4714    1.00000    1.27469E-19
   4    1.92308E-02   -1.60000E-02    4.26981E-06   -90.4714    1.00000    1.27469E-19
   4    1.92308E-02   -1.40000E-02    4.26981E-06   -90.4714    1.00000    1.27469E-19
   4    1.92308E-02   -1.20000E-02    4.26981E-06   -90.4714    1.00000    1.27469E-19
   4    1.92308E-02   -1.00000E-02    4.26981E-06   -90.4714    1.00000    1.27469E-19
   4    1.92308E-02   -8.00000E-03    4.26981E-06   -90.4714    1.00000    1.27469E-19
   4    1.92308E-02   -6.00000E-03    4.26981E-06   -90.4714    1.00000    1.27469E-19
   4    1.92308E-02   -4.00000E-03    4.26981E-06   -90.4714    1.00000    1.27469E-19
   4    1.92308E-02   -2.00000E-03    4.26981E-06   -90.4714    1.00000    1.27469E-19
   4    1.92308E-02  0.    4.26981E-06   -90.4714    1.00000    1.27469E-19
   4    1.92308E-02    2.00000E-03    4.26981E-06   -90.4714    1.00000    1.27469E-19
   4    1.92308E-02    4.00000E-03    4.26981E-06   -90.4714    1.00000    1.27469E-19
   4    1.92308E-02    6.00000E-03    4.26981E-06   -90.4714    1.00000    1.27469E-19
   4    1.92308E-02    8.00000E-03    4.26981E-06   -90.4714    1.00000    1.27469E-19
   4    1.92308E-02    1.00000E-02    4.26981E-06   -90.4714    1.00000    1.27469E-19
   4    1.92308E-02    1.20000E-02    4.26981E-06   -90.4714    1.00000    1.27469E-19
   4    1.92308E-02    1.40000E-02    4.26981E-06   -90.4714    1.00000    1.27469E-19
   4    1.92308E-02    1.60000E-02    4.26981E-06   -90.4714    1.00000    1.27469E-19
   4    1.92308E-02    1.80000E-02    4.26981E-06   -90.4714    1.00000    1.27469E-19
   4    1.92308E-02    2.00000E-02    4.26981E-06   -90.4714    1.00000    1.27469E-19
   4    1.92308E-02    2.20000E-02    4.26981E-06   -90.4714    1.00000    1.27469E-19
   4    1.92308E-02    2.40000E-02    4.26981E-06   -90.4714    1.00000    1.27469E-19
   4    1.92308E-02    2.60000E-02    2.17538E-05   -90.4714    1.00000    3.30872E-18
   4    1.92308E-02    2.80000E-02    4.35077E-05   -90.4714    1.00000    1.32349E-17
   4    1.92308E-02    3.00000E-02  0.   -90.4714    1.00000  0.
   4    1.92308E-02    3.20000E-02  0.   -90.4714    1.00000  0.
   4    1.92308E-02    3.40000E-02   -8.70155E-05   -90.4714    1.00000    5.29396E-17
   4    1.92308E-02    3.60000E-02  0.   -90.4714    1.00000  0.
   4    1.92308E-02    3.80000E-02  0.   -90.4714    1.00000  0.
   4    1.92308E-02    4.00000E-02  0.   -90.4714    1.00000  0.
   4    1.92308E-02    4.20000E-02    3.48062E-04   -90.4710    1.00000    8.47033E-16
   4    1.92308E-02    4.40000E-02  0.   -90.4714    1.00000  0.
   4    1.92308E-02    4.60000E-02  0.   -90.4714    1.00000  0.
   4    1.92308E-02    4.80000E-02    6.96126E-04   -90.4700    1.00000    3.38813E-15
   4    1.92308E-02    5.00000E-02   -6.96128E-04   -90.4730    1.00000    3.38813E-15
   4    2.30769E-02   -4.80000E-02  0.   -131.775    1.00000  0.
   4    2.30769E-02   -4.60000E-02  0.   -131.775    1.00000  0.
   4    2.30769E-02   -4.40000E-02  0.   -131.775    1.00000  0.
   4    2.30769E-02   -4.20000E-02  0.   -131.775    1.00000  0.
   4    2.30769E-02   -4.00000E-02    2.48758E-05   -131.775    1.00000    4.55604E-19
   4    2.30769E-02   -3.80000E-02    2.48758E-05   -131.775    1.00000    4.55604E-19
   4    2.30769E-02   -3.60000E-02    2.48758E-05   -131.775    1.00000    4.55604E-19
   4    2.30769E-02   -3.40000E-02    2.48758E-05   -131.775    1.00000    4.55604E-19
   4    2.30769E-02   -3.20000E-02    2.48758E-05   -131.775    1.00000    4.55604E-19
   4    2.30769E-02   -3.00000E-02    2.48758E-05   -131.775    1.00000    4.55604E-19
   4    2.30769E-02   -2.80000E-02    2.48758E-05   -131.775    1.00000    4.55604E-19
   4    2.30769E-02   -2.60000E-02    2.48758E-05   -131.775    1.00000    4.55604E-19
   4    2.30769E-02   -2.40000E-02    2.48758E-05   -131.775    1.00000    4.55604E-19
   4    2.30769E-02   -2.20000E-02    2.48758E-05   -131.775    1.00000    4.55604E-19
   4    2.30769E-02   -2.00000E-02    2.48758E-05   -131.775    1.00000    4.55604E-19
   4    2.30769E-02   -1.80000E-02    2.48758E-05   -131.775    1.00000    4.55604E-19
   4    2.30769E-02   -1.60000E-02    2.48758E-05   -131.775    1.00000    4.55604E-19
   4    2.30769E-02   -1.40000E-02    2.48758E-05   -131.775    1.00000    4.55604E-19
   4    2.30769E-02   -1.20000E-02    2.48758E-05   -131.775    1.00000    4.55604E-19
   4    2.30769E-02   -1.00000E-02    2.48758E-05   -131.775    1.00000    4.55604E-19
   4    2.30769E-02   -8.00000E-03    2.48758E-05   -131.775    1.00000    4.55604E-19
   4    2.30769E-02   -6.00000E-03    2.48758E-05   -131.775    1.00000    4.55604E-19
   4    2.30769E-02   -4.00000E-03    2.48758E-05   -131.775    1.00000    4.55604E-19
   4    2.30769E-02   -2.00000E-03    2.48758E-05   -131.775    1.00000    4.55604E-19
   4    2.30769E-02  0.    2.48758E-05   -131.775    1.00000    4.55604E-19
   4    2.30769E-02    2.00000E-03    2.48758E-05   -131.775    1.00000    4.55604E-19
   4    2.30769E-02    4.00000E-03    2.48758E-05   -131.775    1.00000    4.55604E-19
   4    2.30769E-02    6.00000E-03    2.48758E-05   -131.775    1.00000    4.55604E-19
   4    2.30769E-02    8.00000E-03    2.48758E-05   -131.775    1.00000    4.55604E-19
   4    2.30769E-02    1.00000E-02    2.48758E-05   -131.775    1.00000    4.55604E-19
   4    2.30769E-02    1.20000E-02    2.48758E-05   -131.775    1.00000    4.55604E-19
   4    2.30769E-02    1.40000E-02    2.48758E-05   -131.775    1.00000    4.55604E-19
   4    2.30769E-02    1.60000E-02    2.48758E-05   -131.775    1.00000    4.55604E-19
   4    2.30769E-02    1.80000E-02    2.48758E-05   -131.775    1.00000    4.55604E-19
   4    2.30769E-02    2.00000E-02    2.48758E-05   -131.775    1.00000    4.55604E-19
   4    2.30769E-02    2.20000E-02    2.48758E-05   -131.775    1.00000    4.55604E-19
   4    2.30769E-02    2.40000E-02    2.48758E-05   -131.775    1.00000    4.55604E-19
   4    2.30769E-02    2.60000E-02    3.35184E-05   -131.775    1.00000    8.27181E-19
   4    2.30769E-02    2.80000E-02  0.   -131.775    1.00000  0.
   4    2.30769E-02    3.00000E-02   -1.34074E-04   -131.775    1.00000    1.32349E-17
   4    2.30769E-02    3.20000E-02    1.34074E-04   -131.775    1.00000    1.32349E-17
   4    2.30769E-02    3.40000E-02   -2.68147E-04   -131.775    1.00000    5.29396E-17
   4    2.30769E-02    3.60000E-02    2.68147E-04   -131.775    1.00000    5.29396E-17
   4    2.30769E-02    3.80000E-02  0.   -131.775    1.00000  0.
   4    2.30769E-02    4.00000E-02    1.07258E-03   -131.774    1.00000    8.47033E-16
   4    2.30769E-02    4.20000E-02    1.07258E-03   -131.773    1.00000    8.47033E-16
   4    2.30769E-02    4.40000E-02    1.07260E-03   -131.773    1.00000    8.47033E-16
   4    2.30769E-02    4.60000E-02    1.07258E-03   -131.773    1.00000    8.47033E-16
   4    2.30769E-02    4.80000E-02  0.   -131.775    1.00000  0.
   4    2.30769E-02    5.00000E-02  0.   -131.775    1.00000  0.
   4    2.69231E-02   -4.80000E-02  0.   -242.475    1.00000  0.
   4    2.69231E-02   -4.60000E-02  0.   -242.475    1.00000  0.
   4    2.69231E-02   -4.40000E-02  0.   -242.475    1.00000  0.
   4    2.69231E-02   -4.20000E-02  0.   -242.475    1.00000  0.
   4    2.69231E-02   -4.00000E-02   -2.07300E-04   -242.475    1.00000    8.27181E-19
   4    2.69231E-02   -3.80000E-02    8.07314E-05   -242.475    1.00000    1.25455E-19
   4    2.69231E-02   -3.60000E-02    8.07314E-05   -242.475    1.00000    1.25455E-19
   4    2.69231E-02   -3.40000E-02    8.07314E-05   -242.475    1.00000    1.25455E-19
   4    2.69231E-02   -3.20000E-02    8.07314E-05   -242.475    1.00000    1.25455E-19
   4    2.69231E-02   -3.00000E-02    8.07314E-05   -242.475    1.00000    1.25455E-19
   4    2.69231E-02   -2.80000E-02    8.07314E-05   -242.475    1.00000    1.25455E-19
   4    2.69231E-02   -2.60000E-02    8.07314E-05   -242.475    1.00000    1.25455E-19
   4    2.69231E-02   -2.40000E-02    8.07314E-05   -242.475    1.00000    1.25455E-19
   4    2.69231E-02   -2.20000E-02    8.07314E-05   -242.475    1.00000    1.25455E-19
   4    2.69231E-02   -2.00000E-02    8.07314E-05   -242.475    1.00000    1.25455E-19
   4    2.69231E-02   -1.80000E-02    8.07314E-05   -242.475    1.00000    1.25455E-19
   4    2.69231E-02   -1.60000E-02    8.07314E-05   -242.475    1.00000    1.25455E-19
   4    2.69231E-02   -1.40000E-02    8.07314E-05   -242.475    1.00000    1.25455E-19
   4    2.69231E-02   -1.20000E-02    8.07314E-05   -242.475    1.00000    1.25455E-19
   4    2.69231E-02   -1.00000E-02    8.07314E-05   -242.475    1.00000    1.25455E-19
   4    2.69231E-02   -8.00000E-03    8.07314E-05   -242.475    1.00000    1.25455E-19
   4    2.69231E-02   -6.00000E-03    8.07314E-05   -242.475    1.00000    1.25455E-19
   4    2.69231E-02   -4.00000E-03    8.07314E-05   -242.475    1.00000    1.25455E-19
   4    2.69231E-02   -2.00000E-03    8.07314E-05   -242.475    1.00000    1.25455E-19
   4    2.69231E-02  0.    8.07314E-05   -242.475    1.00000    1.25455E-19
   4    2.69231E-02    2.00000E-03    8.07314E-05   -242.475    1.00000    1.25455E-19
   4    2.69231E-02    4.00000E-03    8.07314E-05   -242.475    1.00000    1.25455E-19
   4    2.69231E-02    6.00000E-03    8.07314E-05   -242.475    1.00000    1.25455E-19
   4    2.69231E-02    8.00000E-03    8.07314E-05   -242.475    1.00000    1.25455E-19
   4    2.69231E-02    1.00000E-02    8.07314E-05   -242.475    1.00000    1.25455E-19
   4    2.69231E-02    1.20000E-02    8.07314E-05   -242.475    1.00000    1.25455E-19
   4    2.69231E-02    1.40000E-02    8.07314E-05   -242.475    1.00000    1.25455E-19
   4    2.69231E-02    1.60000E-02    8.07314E-05   -242.475    1.00000    1.25455E-19
   4    2.69231E-02    1.80000E-02    8.07314E-05   -242.475    1.00000    1.25455E-19
   4    2.69231E-02    2.00000E-02    8.07314E-05   -242.475    1.00000    1.25455E-19
   4    2.69231E-02    2.20000E-02    8.07314E-05   -242.475    1.00000    1.25455E-19
   4    2.69231E-02    2.40000E-02    8.07314E-05   -242.475    1.00000    1.25455E-19
   4    2.69231E-02    2.60000E-02    1.03650E-04   -242.475    1.00000    2.06795E-19
   4    2.69231E-02    2.80000E-02   -4.14600E-04   -242.476    1.00000    3.30872E-18
   4    2.69231E-02    3.00000E-02    4.14599E-04   -242.475    1.00000    3.30872E-18
   4    2.69231E-02    3.20000E-02  0.   -242.475    1.00000  0.
   4    2.69231E-02    3.40000E-02    8.29197E-04   -242.475    1.00000    1.32349E-17
   4    2.69231E-02    3.60000E-02  0.   -242.475    1.00000  0.
   4    2.69231E-02    3.80000E-02  0.   -242.475    1.00000  0.
   4    2.69231E-02    4.00000E-02  0.   -242.475    1.00000  0.
   4    2.69231E-02    4.20000E-02  0.   -242.475    1.00000  0.
   4    2.69231E-02    4.40000E-02  0.   -242.475    1.00000  0.
   4    2.69231E-02    4.60000E-02    3.31628E-03   -242.460    1.00000    2.11758E-16
   4    2.69231E-02    4.80000E-02   -6.63470E-03   -242.512    1.00000    8.47033E-16
   4    2.69231E-02    5.00000E-02  0.   -242.475    1.00000  0.
   4    3.07692E-02   -4.80000E-02   0.243870   -1022.30    1.00000    2.11758E-16
   4    3.07692E-02   -4.60000E-02   0.122935   -1014.95    1.00000    5.29396E-17
   4    3.07692E-02   -4.40000E-02   0.122286   -1013.51    1.00000    5.29396E-17
   4    3.07692E-02   -4.20000E-02    6.09368E-02   -1011.06    1.00000    1.32349E-17
   4    3.07692E-02   -4.00000E-02  0.   -1010.23    1.00000  0.
   4    3.07692E-02   -3.80000E-02    2.70495E-04   -1010.23    1.00000    2.60746E-22
   4    3.07692E-02   -3.60000E-02    2.70495E-04   -1010.23    1.00000    2.60746E-22
   4    3.07692E-02   -3.40000E-02    2.70495E-04   -1010.23    1.00000    2.60746E-22
   4    3.07692E-02   -3.20000E-02    2.70495E-04   -1010.23    1.00000    2.60746E-22
   4    3.07692E-02   -3.00000E-02    2.70495E-04   -1010.23    1.00000    2.60746E-22
   4    3.07692E-02   -2.80000E-02    2.70495E-04   -1010.23    1.00000    2.60746E-22
   4    3.07692E-02   -2.60000E-02    2.70495E-04   -1010.23    1.00000    2.60746E-22
   4    3.07692E-02   -2.40000E-02    2.70495E-04   -1010.23    1.00000    2.60746E-22
   4    3.07692E-02   -2.20000E-02    2.70495E-04   -1010.23    1.00000    2.60746E-22
   4    3.07692E-02   -2.00000E-02    2.70495E-04   -1010.23    1.00000    2.60746E-22
   4    3.07692E-02   -1.80000E-02    2.70495E-04   -1010.23    1.00000    2.60746E-22
   4    3.07692E-02   -1.60000E-02    2.70495E-04   -1010.23    1.00000    2.60746E-22
   4    3.07692E-02   -1.40000E-02    2.70495E-04   -1010.23    1.00000    2.60746E-22
   4    3.07692E-02   -1.20000E-02    2.70495E-04   -1010.23    1.00000    2.60746E-22
   4    3.07692E-02   -1.00000E-02    2.70495E-04   -1010.23    1.00000    2.60746E-22
   4    3.07692E-02   -8.00000E-03    2.70495E-04   -1010.23    1.00000    2.60746E-22
   4    3.07692E-02   -6.00000E-03    2.70495E-04   -1010.23    1.00000    2.60746E-22
   4    3.07692E-02   -4.00000E-03    2.70495E-04   -1010.23    1.00000    2.60746E-22
   4    3.07692E-02   -2.00000E-03    2.70495E-04   -1010.23    1.00000    2.60746E-22
   4    3.07692E-02  0.    2.70495E-04   -1010.23    1.00000    2.60746E-22
   4    3.07692E-02    2.00000E-03    2.70495E-04   -1010.23    1.00000    2.60746E-22
   4    3.07692E-02    4.00000E-03    2.70495E-04   -1010.23    1.00000    2.60746E-22
   4    3.07692E-02    6.00000E-03    2.70495E-04   -1010.23    1.00000    2.60746E-22
   4    3.07692E-02    8.00000E-03    2.70495E-04   -1010.23    1.00000    2.60746E-22
   4    3.07692E-02    1.00000E-02    2.70495E-04   -1010.23    1.00000    2.60746E-22
   4    3.07692E-02    1.20000E-02    2.70495E-04   -1010.23    1.00000    2.60746E-22
   4    3.07692E-02    1.40000E-02    2.70495E-04   -1010.23    1.00000    2.60746E-22
   4    3.07692E-02    1.60000E-02    2.70495E-04   -1010.23    1.00000    2.60746E-22
   4    3.07692E-02    1.80000E-02    2.70495E-04   -1010.23    1.00000    2.60746E-22
   4    3.07692E-02    2.00000E-02    2.70495E-04   -1010.23    1.00000    2.60746E-22
   4    3.07692E-02    2.20000E-02    2.70495E-04   -1010.23    1.00000    2.60746E-22
   4    3.07692E-02    2.40000E-02    2.70495E-04   -1010.23    1.00000    2.60746E-22
   4    3.07692E-02    2.60000E-02    1.90441E-03   -1010.23    1.00000    1.29247E-20
   4    3.07692E-02    2.80000E-02  0.   -1010.23    1.00000  0.
   4    3.07692E-02    3.00000E-02   -7.61772E-03   -1010.25    1.00000    2.06795E-19
   4    3.07692E-02    3.20000E-02    1.52347E-02   -1010.19    1.00000    8.27181E-19
   4    3.07692E-02    3.40000E-02  0.   -1010.23    1.00000  0.
   4    3.07692E-02    3.60000E-02  0.   -1010.23    1.00000  0.
   4    3.07692E-02    3.80000E-02  0.   -1010.23    1.00000  0.
   4    3.07692E-02    4.00000E-02    3.04781E-02   -1009.92    1.00000    3.30872E-18
   4    3.07692E-02    4.20000E-02   -6.09368E-02   -1011.06    1.00000    1.32349E-17
   4    3.07692E-02    4.40000E-02  0.   -1010.23    1.00000  0.
   4    3.07692E-02    4.60000E-02    6.09907E-02   -1009.03    1.00000    1.32349E-17
   4    3.07692E-02    4.80000E-02   0.122020   -1007.40    1.00000    5.29396E-17
   4    3.07692E-02    5.00000E-02  0.   -1010.23    1.00000  0.
