   6   -3.07692E-02   -4.80000E-02   -23.2638   -9.27192    1.00000    2.50953E-05
   6   -3.07692E-02   -4.60000E-02   -50.1100    1.84067    1.00000    1.52449E-06
   6   -3.07692E-02   -4.40000E-02    273.681   -84.8724    1.00000    2.60890E-04
   6   -3.07692E-02   -4.20000E-02    34.3260   -18.1558    1.00000    1.33342E-03
   6   -3.07692E-02   -4.00000E-02    19.0527   -8.68518    1.00000    3.33860E-03
   6   -3.07692E-02   -3.80000E-02    9.98172   -18.5348    1.00000    7.11467E-03
   6   -3.07692E-02   -3.60000E-02    8.48815   -21.1573    1.00000    5.48939E-03
   6   -3.07692E-02   -3.40000E-02    7.46474   -23.1552    1.00000    4.47831E-03
   6   -3.07692E-02   -3.20000E-02    7.82517   -23.0763    1.00000    5.08259E-03
   6   -3.07692E-02   -3.00000E-02    8.02096   -23.2832    1.00000    5.50272E-03
   6   -3.07692E-02   -2.80000E-02    8.07685   -23.7326    1.00000    5.73680E-03
   6   -3.07692E-02   -2.60000E-02    8.10938   -24.1352    1.00000    5.89683E-03
   6   -3.07692E-02   -2.40000E-02    7.97909   -24.8458    1.00000    5.83225E-03
   6   -3.07692E-02   -2.20000E-02    7.87795   -25.4882    1.00000    5.78062E-03
   6   -3.07692E-02   -2.00000E-02    7.77346   -26.0922    1.00000    5.70130E-03
   6   -3.07692E-02   -1.80000E-02    7.56600   -26.9238    1.00000    5.47870E-03
   6   -3.07692E-02   -1.60000E-02    7.37032   -27.6873    1.00000    5.25631E-03
   6   -3.07692E-02   -1.40000E-02    7.19625   -28.3608    1.00000    5.05222E-03
   6   -3.07692E-02   -1.20000E-02    6.93138   -29.2409    1.00000    4.73172E-03
   6   -3.07692E-02   -1.00000E-02    6.71900   -30.0012    1.00000    4.47569E-03
   6   -3.07692E-02   -8.00000E-03    6.46988   -30.8072    1.00000    4.17623E-03
   6   -3.07692E-02   -6.00000E-03    6.20606   -31.6480    1.00000    3.86421E-03
   6   -3.07692E-02   -4.00000E-03    6.00114   -32.3524    1.00000    3.62572E-03
   6   -3.07692E-02   -2.00000E-03    5.78211   -33.0891    1.00000    3.37592E-03
   6   -3.07692E-02  0.    5.46498   -34.0192    1.00000    3.02853E-03
   6   -3.07692E-02    2.00000E-03    5.21136   -34.8014    1.00000    2.76063E-03
   6   -3.07692E-02    4.00000E-03    4.94715   -35.6094    1.00000    2.49271E-03
   6   -3.07692E-02    6.00000E-03    4.74830   -36.2625    1.00000    2.29765E-03
   6   -3.07692E-02    8.00000E-03    4.46314   -37.1212    1.00000    2.03233E-03
   6   -3.07692E-02    1.00000E-02    4.24250   -37.7909    1.00000    1.83717E-03
   6   -3.07692E-02    1.20000E-02    3.93726   -38.6642    1.00000    1.58373E-03
   6   -3.07692E-02    1.40000E-02    3.70214   -39.3701    1.00000    1.40002E-03
   6   -3.07692E-02    1.60000E-02    3.45995   -40.0934    1.00000    1.22233E-03
   6   -3.07692E-02    1.80000E-02    3.21048   -40.8349    1.00000    1.05171E-03
   6   -3.07692E-02    2.00000E-02    2.95373   -41.5945    1.00000    8.89386E-04
   6   -3.07692E-02    2.20000E-02    2.69570   -42.3241    1.00000    7.40320E-04
   6   -3.07692E-02    2.40000E-02    2.42534   -43.1183    1.00000    5.98395E-04
   6   -3.07692E-02    2.60000E-02    2.43731   -43.4295    1.00000    5.75618E-04
   6   -3.07692E-02    2.80000E-02    2.78783   -43.2363    1.00000    6.76313E-04
   6   -3.07692E-02    3.00000E-02    2.80374   -43.5436    1.00000    6.50919E-04
   6   -3.07692E-02    3.20000E-02    3.26304   -43.0189    1.00000    7.91016E-04
   6   -3.07692E-02    3.40000E-02    3.28418   -43.3149    1.00000    7.61772E-04
   6   -3.07692E-02    3.60000E-02    3.45781   -43.2800    1.00000    7.94333E-04
   6   -3.07692E-02    3.80000E-02    5.03045   -40.6009    1.00000    1.22009E-03
   6   -3.07692E-02    4.00000E-02    6.73971   -37.0518    1.00000    1.56841E-03
   6   -3.07692E-02    4.20000E-02    8.37634   -33.1176    1.00000    1.59426E-03
   6   -3.07692E-02    4.40000E-02    9.44517   -30.1451    1.00000    1.33812E-03
   6   -3.07692E-02    4.60000E-02    9.72754   -29.0240    1.00000    8.49800E-04
   6   -3.07692E-02    4.80000E-02    12.0088   -22.6106    1.00000    6.82175E-04
   6   -3.07692E-02    5.00000E-02    16.3751   -8.49778    1.00000    4.89586E-04
   6   -2.69231E-02   -4.80000E-02   -25.2602   -6.30770    1.00000    1.16224E-05
   6   -2.69231E-02   -4.60000E-02   -57.8869    4.80954    1.00000    8.09014E-06
   6   -2.69231E-02   -4.40000E-02    162.142   -52.7994    1.00000    3.07981E-04
   6   -2.69231E-02   -4.20000E-02    31.8946   -16.0679    1.00000    1.48296E-03
   6   -2.69231E-02   -4.00000E-02    19.1735   -5.19195    1.00000    2.19167E-03
   6   -2.69231E-02   -3.80000E-02    14.3057   -9.67777    1.00000    6.94111E-03
   6   -2.69231E-02   -3.60000E-02    9.94886   -17.5009    1.00000    6.14527E-03
   6   -2.69231E-02   -3.40000E-02    9.15731   -19.1825    1.00000    5.66430E-03
   6   -2.69231E-02   -3.20000E-02    8.39053   -20.8116    1.00000    5.09621E-03
   6   -2.69231E-02   -3.00000E-02    7.65484   -22.3745    1.00000    4.48972E-03
   6   -2.69231E-02   -2.80000E-02    7.32275   -23.3167    1.00000    4.29579E-03
   6   -2.69231E-02   -2.60000E-02    7.70574   -23.1955    1.00000    4.91426E-03
   6   -2.69231E-02   -2.40000E-02    7.92134   -23.3648    1.00000    5.35277E-03
   6   -2.69231E-02   -2.20000E-02    8.06523   -23.6272    1.00000    5.68665E-03
   6   -2.69231E-02   -2.00000E-02    8.04162   -24.1551    1.00000    5.78636E-03
   6   -2.69231E-02   -1.80000E-02    7.99440   -24.6853    1.00000    5.82563E-03
   6   -2.69231E-02   -1.60000E-02    7.90555   -25.3020    1.00000    5.79479E-03
   6   -2.69231E-02   -1.40000E-02    7.74109   -26.0412    1.00000    5.64550E-03
   6   -2.69231E-02   -1.20000E-02    7.61507   -26.6919    1.00000    5.52914E-03
   6   -2.69231E-02   -1.00000E-02    7.42886   -27.4347    1.00000    5.32198E-03
   6   -2.69231E-02   -8.00000E-03    7.19148   -28.2525    1.00000    5.04081E-03
   6   -2.69231E-02   -6.00000E-03    7.02963   -28.9379    1.00000    4.85137E-03
   6   -2.69231E-02   -4.00000E-03    6.80208   -29.6937    1.00000    4.57572E-03
   6   -2.69231E-02   -2.00000E-03    6.57868   -30.4790    1.00000    4.30660E-03
   6   -2.69231E-02  0.    6.31997   -31.3075    1.00000    3.99801E-03
   6   -2.69231E-02    2.00000E-03    6.04653   -32.1710    1.00000    3.67857E-03
   6   -2.69231E-02    4.00000E-03    5.83215   -32.8973    1.00000    3.43298E-03
   6   -2.69231E-02    6.00000E-03    5.59327   -33.6436    1.00000    3.16729E-03
   6   -2.69231E-02    8.00000E-03    5.35264   -34.4313    1.00000    2.90692E-03
   6   -2.69231E-02    1.00000E-02    5.09125   -35.2316    1.00000    2.63569E-03
   6   -2.69231E-02    1.20000E-02    4.81388   -36.0345    1.00000    2.36157E-03
   6   -2.69231E-02    1.40000E-02    4.53268   -36.8838    1.00000    2.09641E-03
   6   -2.69231E-02    1.60000E-02    4.31748   -37.5760    1.00000    1.90213E-03
   6   -2.69231E-02    1.80000E-02    4.01433   -38.4439    1.00000    1.64604E-03
   6   -2.69231E-02    2.00000E-02    3.78116   -39.1448    1.00000    1.46028E-03
   6   -2.69231E-02    2.20000E-02    3.54088   -39.8633    1.00000    1.28016E-03
   6   -2.69231E-02    2.40000E-02    3.21383   -40.7924    1.00000    1.05449E-03
   6   -2.69231E-02    2.60000E-02    3.23141   -41.0982    1.00000    1.01570E-03
   6   -2.69231E-02    2.80000E-02    3.58340   -40.8503    1.00000    1.12252E-03
   6   -2.69231E-02    3.00000E-02    3.60631   -41.1494    1.00000    1.08216E-03
   6   -2.69231E-02    3.20000E-02    3.68960   -41.3240    1.00000    1.06720E-03
   6   -2.69231E-02    3.40000E-02    4.00337   -41.0958    1.00000    1.13834E-03
   6   -2.69231E-02    3.60000E-02    4.09216   -41.2567    1.00000    1.11924E-03
   6   -2.69231E-02    3.80000E-02    5.25487   -39.3214    1.00000    1.42332E-03
   6   -2.69231E-02    4.00000E-02    7.11422   -35.4877    1.00000    1.75007E-03
   6   -2.69231E-02    4.20000E-02    8.38137   -32.4874    1.00000    1.70840E-03
   6   -2.69231E-02    4.40000E-02    9.52720   -29.2898    1.00000    1.33480E-03
   6   -2.69231E-02    4.60000E-02    9.53810   -28.9295    1.00000    7.81419E-04
   6   -2.69231E-02    4.80000E-02    12.0326   -22.1659    1.00000    7.24429E-04
   6   -2.69231E-02    5.00000E-02    16.5026   -7.83537    1.00000    4.63885E-04
   6   -2.30769E-02   -4.80000E-02   -27.0794   -4.25695    1.00000    4.75059E-06
   6   -2.30769E-02   -4.60000E-02   -66.9530    8.14400    1.00000    1.90898E-05
   6   -2.30769E-02   -4.40000E-02    120.517   -40.0985    1.00000    3.60420E-04
   6   -2.30769E-02   -4.20000E-02    30.2260   -14.0587    1.00000    1.62577E-03
   6   -2.30769E-02   -4.00000E-02    17.3544   -6.25093    1.00000    3.42689E-03
   6   -2.30769E-02   -3.80000E-02    14.6210   -8.73698    1.00000    6.81959E-03
   6   -2.30769E-02   -3.60000E-02    14.6210   -8.73698    1.00000    6.81959E-03
   6   -2.30769E-02   -3.40000E-02    14.5069   -9.07099    1.00000    6.88922E-03
   6   -2.30769E-02   -3.20000E-02    14.2984   -9.73020    1.00000    6.73052E-03
   6   -2.30769E-02   -3.00000E-02   10.03926   -17.4897    1.00000    6.36944E-03
   6   -2.30769E-02   -2.80000E-02    9.24533   -19.1790    1.00000    5.86526E-03
   6   -2.30769E-02   -2.60000E-02    8.54162   -20.6762    1.00000    5.32769E-03
   6   -2.30769E-02   -2.40000E-02    7.80645   -22.2404    1.00000    4.70632E-03
   6   -2.30769E-02   -2.20000E-02    7.25218   -23.4669    1.00000    4.23212E-03
   6   -2.30769E-02   -2.00000E-02    7.63506   -23.3469    1.00000    4.84446E-03
   6   -2.30769E-02   -1.80000E-02    7.85063   -23.5173    1.00000    5.27771E-03
   6   -2.30769E-02   -1.60000E-02    7.94272   -23.8495    1.00000    5.53690E-03
   6   -2.30769E-02   -1.40000E-02    7.97086   -24.3098    1.00000    5.70369E-03
   6   -2.30769E-02   -1.20000E-02    7.92361   -24.8412    1.00000    5.74054E-03
   6   -2.30769E-02   -1.00000E-02    7.83468   -25.4591    1.00000    5.70767E-03
   6   -2.30769E-02   -8.00000E-03    7.74109   -26.0412    1.00000    5.64550E-03
   6   -2.30769E-02   -6.00000E-03    7.58326   -26.7225    1.00000    5.48522E-03
   6   -2.30769E-02   -4.00000E-03    7.40003   -27.4594    1.00000    5.28285E-03
   6   -2.30769E-02   -2.00000E-03    7.19148   -28.2525    1.00000    5.04081E-03
   6   -2.30769E-02  0.    7.00631   -28.9517    1.00000    4.82119E-03
   6   -2.30769E-02    2.00000E-03    6.80208   -29.6937    1.00000    4.57572E-03
   6   -2.30769E-02    4.00000E-03    6.57868   -30.4790    1.00000    4.30660E-03
   6   -2.30769E-02    6.00000E-03    6.31997   -31.3075    1.00000    3.99801E-03
   6   -2.30769E-02    8.00000E-03    6.04653   -32.1710    1.00000    3.67857E-03
   6   -2.30769E-02    1.00000E-02    5.83215   -32.8973    1.00000    3.43298E-03
   6   -2.30769E-02    1.20000E-02    5.59327   -33.6436    1.00000    3.16729E-03
   6   -2.30769E-02    1.40000E-02    5.35264   -34.4313    1.00000    2.90692E-03
   6   -2.30769E-02    1.60000E-02    5.09125   -35.2316    1.00000    2.63569E-03
   6   -2.30769E-02    1.80000E-02    4.81915   -36.0580    1.00000    2.36557E-03
   6   -2.30769E-02    2.00000E-02    4.53268   -36.8838    1.00000    2.09641E-03
   6   -2.30769E-02    2.20000E-02    4.24054   -37.7602    1.00000    1.83641E-03
   6   -2.30769E-02    2.40000E-02    4.01433   -38.4439    1.00000    1.64604E-03
   6   -2.30769E-02    2.60000E-02    3.96542   -38.9207    1.00000    1.53174E-03
   6   -2.30769E-02    2.80000E-02    4.04904   -39.1026    1.00000    1.50647E-03
   6   -2.30769E-02    3.00000E-02    4.26760   -39.0805    1.00000    1.52030E-03
   6   -2.30769E-02    3.20000E-02    4.35715   -39.2522    1.00000    1.49309E-03
   6   -2.30769E-02    3.40000E-02    4.58342   -39.2028    1.00000    1.49819E-03
   6   -2.30769E-02    3.60000E-02    4.67922   -39.3623    1.00000    1.46929E-03
   6   -2.30769E-02    3.80000E-02    5.79050   -37.4570    1.00000    1.73406E-03
   6   -2.30769E-02    4.00000E-02    7.23825   -34.4853    1.00000    1.93443E-03
   6   -2.30769E-02    4.20000E-02    8.66794   -31.0665    1.00000    1.81090E-03
   6   -2.30769E-02    4.40000E-02    9.37882   -29.0832    1.00000    1.38128E-03
   6   -2.30769E-02    4.60000E-02    9.73966   -27.8964    1.00000    7.89367E-04
   6   -2.30769E-02    4.80000E-02    15.7372  -10.52880    1.00000    7.54975E-04
   6   -2.30769E-02    5.00000E-02    16.5140   -7.67507    1.00000    4.86120E-04
   6   -1.92308E-02   -4.80000E-02   -28.7863   -2.27112    1.00000    1.29376E-06
   6   -1.92308E-02   -4.60000E-02   -77.3200    12.5836    1.00000    3.44324E-05
   6   -1.92308E-02   -4.40000E-02   100.2308   -32.9226    1.00000    3.88886E-04
   6   -1.92308E-02   -4.20000E-02    28.9298   -12.1932    1.00000    1.63600E-03
   6   -1.92308E-02   -4.00000E-02    15.6563   -8.10714    1.00000    4.94942E-03
   6   -1.92308E-02   -3.80000E-02    14.0643  -10.36082    1.00000    7.81871E-03
   6   -1.92308E-02   -3.60000E-02    14.0643  -10.36082    1.00000    7.81871E-03
   6   -1.92308E-02   -3.40000E-02    14.0643  -10.36082    1.00000    7.81871E-03
   6   -1.92308E-02   -3.20000E-02    14.0482  -10.40919    1.00000    7.88134E-03
   6   -1.92308E-02   -3.00000E-02    14.0482  -10.40919    1.00000    7.88134E-03
   6   -1.92308E-02   -2.80000E-02    14.0482  -10.40919    1.00000    7.88134E-03
   6   -1.92308E-02   -2.60000E-02    13.8704   -10.9258    1.00000    7.75773E-03
   6   -1.92308E-02   -2.40000E-02    10.7204   -16.7355    1.00000    7.42867E-03
   6   -1.92308E-02   -2.20000E-02   10.00404   -18.2711    1.00000    6.96565E-03
   6   -1.92308E-02   -2.00000E-02    9.31669   -19.7442    1.00000    6.42060E-03
   6   -1.92308E-02   -1.80000E-02    8.72608   -21.0544    1.00000    5.91866E-03
   6   -1.92308E-02   -1.60000E-02    8.11753   -22.3587    1.00000    5.33670E-03
   6   -1.92308E-02   -1.40000E-02    7.61302   -23.5314    1.00000    4.86951E-03
   6   -1.92308E-02   -1.20000E-02    7.82315   -23.6659    1.00000    5.27622E-03
   6   -1.92308E-02   -1.00000E-02    7.90442   -24.0204    1.00000    5.51786E-03
   6   -1.92308E-02   -8.00000E-03    7.94678   -24.4056    1.00000    5.68560E-03
   6   -1.92308E-02   -6.00000E-03    7.86644   -25.0519    1.00000    5.68802E-03
   6   -1.92308E-02   -4.00000E-03    7.80220   -25.5729    1.00000    5.67433E-03
   6   -1.92308E-02   -2.00000E-03    7.63368   -26.3221    1.00000    5.51686E-03
   6   -1.92308E-02  0.    7.50414   -26.9816    1.00000    5.39373E-03
   6   -1.92308E-02    2.00000E-03    7.31443   -27.7334    1.00000    5.18103E-03
   6   -1.92308E-02    4.00000E-03    7.14565   -28.3964    1.00000    4.98549E-03
   6   -1.92308E-02    6.00000E-03    6.95776   -29.1020    1.00000    4.76226E-03
   6   -1.92308E-02    8.00000E-03    6.67816   -30.0171    1.00000    4.42515E-03
   6   -1.92308E-02    1.00000E-02    6.45170   -30.8106    1.00000    4.15456E-03
   6   -1.92308E-02    1.20000E-02    6.26325   -31.4772    1.00000    3.93122E-03
   6   -1.92308E-02    1.40000E-02    5.98721   -32.3470    1.00000    3.61051E-03
   6   -1.92308E-02    1.60000E-02    5.77040   -33.0792    1.00000    3.36378E-03
   6   -1.92308E-02    1.80000E-02    5.46498   -34.0192    1.00000    3.02853E-03
   6   -1.92308E-02    2.00000E-02    5.21136   -34.8014    1.00000    2.76063E-03
   6   -1.92308E-02    2.20000E-02    4.94715   -35.6094    1.00000    2.49271E-03
   6   -1.92308E-02    2.40000E-02    4.67221   -36.4436    1.00000    2.22671E-03
   6   -1.92308E-02    2.60000E-02    4.63770   -36.8627    1.00000    2.09415E-03
   6   -1.92308E-02    2.80000E-02    4.65462   -37.2196    1.00000    1.99143E-03
   6   -1.92308E-02    3.00000E-02    4.87013   -37.1619    1.00000    1.98180E-03
   6   -1.92308E-02    3.20000E-02    4.97228   -37.3184    1.00000    1.94627E-03
   6   -1.92308E-02    3.40000E-02    5.19571   -37.2318    1.00000    1.92823E-03
   6   -1.92308E-02    3.60000E-02    5.29740   -37.3520    1.00000    1.88699E-03
   6   -1.92308E-02    3.80000E-02    6.10828   -36.0503    1.00000    2.03164E-03
   6   -1.92308E-02    4.00000E-02    7.62606   -32.9118    1.00000    2.14035E-03
   6   -1.92308E-02    4.20000E-02    8.79793   -30.1095    1.00000    1.84267E-03
   6   -1.92308E-02    4.40000E-02    9.30093   -28.6517    1.00000    1.32117E-03
   6   -1.92308E-02    4.60000E-02    9.81618   -27.2197    1.00000    8.67676E-04
   6   -1.92308E-02    4.80000E-02    15.8081  -10.09128    1.00000    7.80300E-04
   6   -1.92308E-02    5.00000E-02    16.6325   -7.10026    1.00000    4.60272E-04
   6   -1.53846E-02   -4.80000E-02   -30.2655  -0.606891    1.00000    8.07856E-08
   6   -1.53846E-02   -4.60000E-02   -86.6306    15.3540    1.00000    4.13464E-05
   6   -1.53846E-02   -4.40000E-02    87.5835   -28.5362    1.00000    4.31550E-04
   6   -1.53846E-02   -4.20000E-02    28.3622   -9.89171    1.00000    1.50853E-03
   6   -1.53846E-02   -4.00000E-02    11.8676   -14.8791    1.00000    8.59202E-03
   6   -1.53846E-02   -3.80000E-02    11.8676   -14.8791    1.00000    8.59202E-03
   6   -1.53846E-02   -3.60000E-02    11.9117   -14.8228    1.00000    8.64978E-03
   6   -1.53846E-02   -3.40000E-02    11.9117   -14.8228    1.00000    8.64978E-03
   6   -1.53846E-02   -3.20000E-02    11.9117   -14.8228    1.00000    8.64978E-03
   6   -1.53846E-02   -3.00000E-02    11.9117   -14.8228    1.00000    8.64978E-03
   6   -1.53846E-02   -2.80000E-02    11.9117   -14.8228    1.00000    8.64978E-03
   6   -1.53846E-02   -2.60000E-02    11.9117   -14.8228    1.00000    8.64978E-03
   6   -1.53846E-02   -2.40000E-02    11.9117   -14.8228    1.00000    8.64978E-03
   6   -1.53846E-02   -2.20000E-02    11.9117   -14.8228    1.00000    8.64978E-03
   6   -1.53846E-02   -2.00000E-02    11.8578   -14.9396    1.00000    8.63212E-03
   6   -1.53846E-02   -1.80000E-02    11.2398   -16.3192    1.00000    8.39052E-03
   6   -1.53846E-02   -1.60000E-02    10.6033   -17.6982    1.00000    7.97226E-03
   6   -1.53846E-02   -1.40000E-02    9.99842   -19.0075    1.00000    7.48146E-03
   6   -1.53846E-02   -1.20000E-02    9.36739   -20.3727    1.00000    6.89684E-03
   6   -1.53846E-02   -1.00000E-02    8.77584   -21.6517    1.00000    6.30146E-03
   6   -1.53846E-02   -8.00000E-03    8.16090   -22.9808    1.00000    5.65282E-03
   6   -1.53846E-02   -6.00000E-03    7.76237   -23.9755    1.00000    5.26290E-03
   6   -1.53846E-02   -4.00000E-03    7.89358   -24.2187    1.00000    5.55091E-03
   6   -1.53846E-02   -2.00000E-03    7.84571   -24.7989    1.00000    5.60426E-03
   6   -1.53846E-02  0.    7.77737   -25.3755    1.00000    5.60290E-03
   6   -1.53846E-02    2.00000E-03    7.70208   -25.9205    1.00000    5.56938E-03
   6   -1.53846E-02    4.00000E-03    7.59412   -26.5342    1.00000    5.48174E-03
   6   -1.53846E-02    6.00000E-03    7.45387   -27.2167    1.00000    5.34112E-03
   6   -1.53846E-02    8.00000E-03    7.25469   -27.9891    1.00000    5.11358E-03
   6   -1.53846E-02    1.00000E-02    7.00564   -28.8343    1.00000    4.81634E-03
   6   -1.53846E-02    1.20000E-02    6.80932   -29.5595    1.00000    4.58243E-03
   6   -1.53846E-02    1.40000E-02    6.59388   -30.3278    1.00000    4.32435E-03
   6   -1.53846E-02    1.60000E-02    6.35925   -31.1398    1.00000    4.04473E-03
   6   -1.53846E-02    1.80000E-02    6.09033   -31.9931    1.00000    3.72970E-03
   6   -1.53846E-02    2.00000E-02    5.88060   -32.7090    1.00000    3.48847E-03
   6   -1.53846E-02    2.20000E-02    5.58241   -33.6318    1.00000    3.15645E-03
   6   -1.53846E-02    2.40000E-02    5.33486   -34.3996    1.00000    2.89035E-03
   6   -1.53846E-02    2.60000E-02    5.32313   -34.7784    1.00000    2.74792E-03
   6   -1.53846E-02    2.80000E-02    5.35213   -35.0810    1.00000    2.62444E-03
   6   -1.53846E-02    3.00000E-02    5.49543   -35.1918    1.00000    2.51793E-03
   6   -1.53846E-02    3.20000E-02    5.52676   -35.5008    1.00000    2.40250E-03
   6   -1.53846E-02    3.40000E-02    5.49433   -35.8801    1.00000    2.26411E-03
   6   -1.53846E-02    3.60000E-02    5.77783   -35.6997    1.00000    2.24518E-03
   6   -1.53846E-02    3.80000E-02    6.54280   -34.4395    1.00000    2.32894E-03
   6   -1.53846E-02    4.00000E-02    7.96199   -31.4870    1.00000    2.31841E-03
   6   -1.53846E-02    4.20000E-02    8.83695   -29.4240    1.00000    1.95038E-03
   6   -1.53846E-02    4.40000E-02    9.25013   -28.1213    1.00000    1.26233E-03
   6   -1.53846E-02    4.60000E-02   10.42180   -25.2524    1.00000    9.59067E-04
   6   -1.53846E-02    4.80000E-02    15.9164   -9.50933    1.00000    7.93454E-04
   6   -1.53846E-02    5.00000E-02    16.8055   -6.28183    1.00000    4.13965E-04
   6   -1.15385E-02   -5.00000E-02   -19.0575   -4.84887    1.00000    3.56139E-09
   6   -1.15385E-02   -4.80000E-02   -31.6119    1.42967    1.00000    4.16399E-07
   6   -1.15385E-02   -4.60000E-02   -96.2051    18.7125    1.00000    5.18161E-05
   6   -1.15385E-02   -4.40000E-02    79.3799   -25.5572    1.00000    4.63998E-04
   6   -1.15385E-02   -4.20000E-02    28.2243   -7.36331    1.00000    1.17057E-03
   6   -1.15385E-02   -4.00000E-02    11.6349   -16.0427    1.00000    9.12539E-03
   6   -1.15385E-02   -3.80000E-02    11.6349   -16.0427    1.00000    9.12539E-03
   6   -1.15385E-02   -3.60000E-02    11.6349   -16.0427    1.00000    9.12539E-03
   6   -1.15385E-02   -3.40000E-02    11.6349   -16.0427    1.00000    9.12539E-03
   6   -1.15385E-02   -3.20000E-02    11.6349   -16.0427    1.00000    9.12539E-03
   6   -1.15385E-02   -3.00000E-02    11.6349   -16.0427    1.00000    9.12539E-03
   6   -1.15385E-02   -2.80000E-02    11.6712   -16.0008    1.00000    9.17622E-03
   6   -1.15385E-02   -2.60000E-02    11.6712   -16.0008    1.00000    9.17622E-03
   6   -1.15385E-02   -2.40000E-02    11.6712   -16.0008    1.00000    9.17622E-03
   6   -1.15385E-02   -2.20000E-02    11.7251   -15.8824    1.00000    9.20443E-03
   6   -1.15385E-02   -2.00000E-02    11.7251   -15.8824    1.00000    9.20443E-03
   6   -1.15385E-02   -1.80000E-02    11.7251   -15.8824    1.00000    9.20443E-03
   6   -1.15385E-02   -1.60000E-02    11.7251   -15.8824    1.00000    9.20443E-03
   6   -1.15385E-02   -1.40000E-02    11.7251   -15.8824    1.00000    9.20443E-03
   6   -1.15385E-02   -1.20000E-02    11.5080   -16.3592    1.00000    9.08434E-03
   6   -1.15385E-02   -1.00000E-02    10.9476   -17.5886    1.00000    8.70196E-03
   6   -1.15385E-02   -8.00000E-03   10.36106   -18.8733    1.00000    8.20832E-03
   6   -1.15385E-02   -6.00000E-03    9.74717   -20.2161    1.00000    7.61403E-03
   6   -1.15385E-02   -4.00000E-03    9.28038   -21.2776    1.00000    7.14038E-03
   6   -1.15385E-02   -2.00000E-03    8.68408   -22.5803    1.00000    6.47827E-03
   6   -1.15385E-02  0.    8.20305   -23.6304    1.00000    5.92884E-03
   6   -1.15385E-02    2.00000E-03    7.78068   -24.6824    1.00000    5.47205E-03
   6   -1.15385E-02    4.00000E-03    7.78095   -25.1551    1.00000    5.56924E-03
   6   -1.15385E-02    6.00000E-03    7.69189   -25.7755    1.00000    5.53253E-03
   6   -1.15385E-02    8.00000E-03    7.59836   -26.3594    1.00000    5.46802E-03
   6   -1.15385E-02    1.00000E-02    7.47239   -27.0121    1.00000    5.35025E-03
   6   -1.15385E-02    1.20000E-02    7.28564   -27.7580    1.00000    5.14235E-03
   6   -1.15385E-02    1.40000E-02    7.07356   -28.5601    1.00000    4.89574E-03
   6   -1.15385E-02    1.60000E-02    6.88543   -29.2671    1.00000    4.67300E-03
   6   -1.15385E-02    1.80000E-02    6.67816   -30.0171    1.00000    4.42515E-03
   6   -1.15385E-02    2.00000E-02    6.45170   -30.8106    1.00000    4.15456E-03
   6   -1.15385E-02    2.20000E-02    6.20606   -31.6480    1.00000    3.86421E-03
   6   -1.15385E-02    2.40000E-02    5.92746   -32.5241    1.00000    3.54237E-03
   6   -1.15385E-02    2.60000E-02    5.85720   -33.0206    1.00000    3.31004E-03
   6   -1.15385E-02    2.80000E-02    5.90826   -33.2876    1.00000    3.18219E-03
   6   -1.15385E-02    3.00000E-02    6.04850   -33.3636    1.00000    3.03679E-03
   6   -1.15385E-02    3.20000E-02    6.08881   -33.6274    1.00000    2.90476E-03
   6   -1.15385E-02    3.40000E-02    6.09380   -33.9739    1.00000    2.77442E-03
   6   -1.15385E-02    3.60000E-02    6.29087   -33.9678    1.00000    2.65427E-03
   6   -1.15385E-02    3.80000E-02    7.00905   -32.7490    1.00000    2.66150E-03
   6   -1.15385E-02    4.00000E-02    8.20619   -30.2618    1.00000    2.43883E-03
   6   -1.15385E-02    4.20000E-02    8.91399   -28.5630    1.00000    1.94479E-03
   6   -1.15385E-02    4.40000E-02    9.01951   -28.0398    1.00000    1.14845E-03
   6   -1.15385E-02    4.60000E-02    11.0812   -23.1103    1.00000    1.05204E-03
   6   -1.15385E-02    4.80000E-02    16.0267   -8.96350    1.00000    7.90348E-04
   6   -1.15385E-02    5.00000E-02    16.8980   -5.73550    1.00000    3.85362E-04
   6   -7.69231E-03   -5.00000E-02   -19.4885   -2.68654    1.00000    4.05875E-09
   6   -7.69231E-03   -4.80000E-02   -32.5628    3.16793    1.00000    1.73957E-06
   6   -7.69231E-03   -4.60000E-02   -106.353    23.3212    1.00000    6.46798E-05
   6   -7.69231E-03   -4.40000E-02    74.2177   -23.4769    1.00000    4.77126E-04
   6   -7.69231E-03   -4.20000E-02    28.7821   -3.86988    1.00000    4.84858E-04
   6   -7.69231E-03   -4.00000E-02    11.2711   -17.4789    1.00000    9.33242E-03
   6   -7.69231E-03   -3.80000E-02    11.2711   -17.4789    1.00000    9.33242E-03
   6   -7.69231E-03   -3.60000E-02    11.2711   -17.4789    1.00000    9.33242E-03
   6   -7.69231E-03   -3.40000E-02    11.2711   -17.4789    1.00000    9.33242E-03
   6   -7.69231E-03   -3.20000E-02    11.2711   -17.4789    1.00000    9.33242E-03
   6   -7.69231E-03   -3.00000E-02    11.2711   -17.4789    1.00000    9.33242E-03
   6   -7.69231E-03   -2.80000E-02    11.2711   -17.4789    1.00000    9.33242E-03
   6   -7.69231E-03   -2.60000E-02    11.3255   -17.3577    1.00000    9.37268E-03
   6   -7.69231E-03   -2.40000E-02    11.3545   -17.3295    1.00000    9.41488E-03
   6   -7.69231E-03   -2.20000E-02    11.3545   -17.3295    1.00000    9.41488E-03
   6   -7.69231E-03   -2.00000E-02    11.3545   -17.3295    1.00000    9.41488E-03
   6   -7.69231E-03   -1.80000E-02    11.3545   -17.3295    1.00000    9.41488E-03
   6   -7.69231E-03   -1.60000E-02    11.3545   -17.3295    1.00000    9.41488E-03
   6   -7.69231E-03   -1.40000E-02    11.3545   -17.3295    1.00000    9.41488E-03
   6   -7.69231E-03   -1.20000E-02    11.3545   -17.3295    1.00000    9.41488E-03
   6   -7.69231E-03   -1.00000E-02    11.3545   -17.3295    1.00000    9.41488E-03
   6   -7.69231E-03   -8.00000E-03    11.3545   -17.3295    1.00000    9.41488E-03
   6   -7.69231E-03   -6.00000E-03    11.3545   -17.3295    1.00000    9.41488E-03
   6   -7.69231E-03   -4.00000E-03    11.0809   -17.9388    1.00000    9.20416E-03
   6   -7.69231E-03   -2.00000E-03   10.57059   -19.0732    1.00000    8.75308E-03
   6   -7.69231E-03  0.   10.03695   -20.2568    1.00000    8.21671E-03
   6   -7.69231E-03    2.00000E-03    9.54233   -21.3519    1.00000    7.67567E-03
   6   -7.69231E-03    4.00000E-03    9.02807   -22.4888    1.00000    7.08226E-03
   6   -7.69231E-03    6.00000E-03    8.49341   -23.6693    1.00000    6.44507E-03
   6   -7.69231E-03    8.00000E-03    8.04954   -24.6904    1.00000    5.91762E-03
   6   -7.69231E-03    1.00000E-02    7.67493   -25.6441    1.00000    5.48553E-03
   6   -7.69231E-03    1.20000E-02    7.63317   -26.1571    1.00000    5.49550E-03
   6   -7.69231E-03    1.40000E-02    7.44603   -26.9479    1.00000    5.30569E-03
   6   -7.69231E-03    1.60000E-02    7.26847   -27.6747    1.00000    5.11244E-03
   6   -7.69231E-03    1.80000E-02    7.16502   -28.2725    1.00000    5.00580E-03
   6   -7.69231E-03    2.00000E-02    6.91005   -29.1316    1.00000    4.70099E-03
   6   -7.69231E-03    2.20000E-02    6.72968   -29.8597    1.00000    4.48723E-03
   6   -7.69231E-03    2.40000E-02    6.50607   -30.6465    1.00000    4.21944E-03
   6   -7.69231E-03    2.60000E-02    6.37859   -31.2541    1.00000    3.89135E-03
   6   -7.69231E-03    2.80000E-02    6.36683   -31.6482    1.00000    3.67050E-03
   6   -7.69231E-03    3.00000E-02    6.40150   -31.9332    1.00000    3.54350E-03
   6   -7.69231E-03    3.20000E-02    6.58461   -31.9193    1.00000    3.37430E-03
   6   -7.69231E-03    3.40000E-02    6.52544   -32.4041    1.00000    3.16634E-03
   6   -7.69231E-03    3.60000E-02    6.70996   -32.3880    1.00000    3.00543E-03
   6   -7.69231E-03    3.80000E-02    7.39175   -31.2316    1.00000    2.93925E-03
   6   -7.69231E-03    4.00000E-02    8.43141   -29.0307    1.00000    2.53609E-03
   6   -7.69231E-03    4.20000E-02    8.84752   -28.0352    1.00000    1.86617E-03
   6   -7.69231E-03    4.40000E-02    9.00788   -27.5156    1.00000    1.09951E-03
   6   -7.69231E-03    4.60000E-02    11.6097   -21.3936    1.00000    1.11793E-03
   6   -7.69231E-03    4.80000E-02    15.9913   -8.87172    1.00000    8.51647E-04
   6   -7.69231E-03    5.00000E-02    17.0811   -4.90435    1.00000    3.22047E-04
   6   -3.84615E-03   -5.00000E-02   -19.7461  -0.749832    1.00000    2.63263E-10
   6   -3.84615E-03   -4.80000E-02   -33.0088    4.10698    1.00000    2.45387E-06
   6   -3.84615E-03   -4.60000E-02   -113.743    27.9184    1.00000    8.07139E-05
   6   -3.84615E-03   -4.40000E-02    70.1056   -22.4978    1.00000    5.27202E-04
   6   -3.84615E-03   -4.20000E-02    25.1703   -8.31386    1.00000    1.83217E-03
   6   -3.84615E-03   -4.00000E-02    10.8104   -19.1573    1.00000    9.23569E-03
   6   -3.84615E-03   -3.80000E-02    10.8104   -19.1573    1.00000    9.23569E-03
   6   -3.84615E-03   -3.60000E-02    10.8104   -19.1573    1.00000    9.23569E-03
   6   -3.84615E-03   -3.40000E-02    10.8104   -19.1573    1.00000    9.23569E-03
   6   -3.84615E-03   -3.20000E-02    10.8104   -19.1573    1.00000    9.23569E-03
   6   -3.84615E-03   -3.00000E-02    10.8104   -19.1573    1.00000    9.23569E-03
   6   -3.84615E-03   -2.80000E-02    10.8104   -19.1573    1.00000    9.23569E-03
   6   -3.84615E-03   -2.60000E-02    10.8651   -19.0337    1.00000    9.28637E-03
   6   -3.84615E-03   -2.40000E-02    10.8651   -19.0337    1.00000    9.28637E-03
   6   -3.84615E-03   -2.20000E-02    10.8651   -19.0337    1.00000    9.28637E-03
   6   -3.84615E-03   -2.00000E-02    10.8651   -19.0337    1.00000    9.28637E-03
   6   -3.84615E-03   -1.80000E-02    10.8651   -19.0337    1.00000    9.28637E-03
   6   -3.84615E-03   -1.60000E-02    10.8651   -19.0337    1.00000    9.28637E-03
   6   -3.84615E-03   -1.40000E-02    10.8651   -19.0337    1.00000    9.28637E-03
   6   -3.84615E-03   -1.20000E-02    10.8651   -19.0337    1.00000    9.28637E-03
   6   -3.84615E-03   -1.00000E-02    10.8651   -19.0337    1.00000    9.28637E-03
   6   -3.84615E-03   -8.00000E-03    10.8651   -19.0337    1.00000    9.28637E-03
   6   -3.84615E-03   -6.00000E-03    10.8651   -19.0337    1.00000    9.28637E-03
   6   -3.84615E-03   -4.00000E-03    10.9194   -18.9108    1.00000    9.33607E-03
   6   -3.84615E-03   -2.00000E-03    10.9194   -18.9108    1.00000    9.33607E-03
   6   -3.84615E-03  0.    10.9194   -18.9108    1.00000    9.33607E-03
   6   -3.84615E-03    2.00000E-03    10.9194   -18.9108    1.00000    9.33607E-03
   6   -3.84615E-03    4.00000E-03    10.5888   -19.6578    1.00000    9.02155E-03
   6   -3.84615E-03    6.00000E-03   10.13080   -20.6902    1.00000    8.54245E-03
   6   -3.84615E-03    8.00000E-03    9.65271   -21.7649    1.00000    8.00114E-03
   6   -3.84615E-03    1.00000E-02    9.15384   -22.8838    1.00000    7.40497E-03
   6   -3.84615E-03    1.20000E-02    8.69994   -23.8998    1.00000    6.84515E-03
   6   -3.84615E-03    1.40000E-02    8.22918   -24.9519    1.00000    6.25630E-03
   6   -3.84615E-03    1.60000E-02    7.77592   -26.0046    1.00000    5.69420E-03
   6   -3.84615E-03    1.80000E-02    7.45041   -26.8555    1.00000    5.30287E-03
   6   -3.84615E-03    2.00000E-02    7.31014   -27.5401    1.00000    5.16134E-03
   6   -3.84615E-03    2.20000E-02    7.11039   -28.3158    1.00000    4.93364E-03
   6   -3.84615E-03    2.40000E-02    6.95807   -28.9824    1.00000    4.75892E-03
   6   -3.84615E-03    2.60000E-02    6.87075   -29.5160    1.00000    4.45559E-03
   6   -3.84615E-03    2.80000E-02    6.82042   -30.0181    1.00000    4.16541E-03
   6   -3.84615E-03    3.00000E-02    6.79935   -30.4183    1.00000    3.96255E-03
   6   -3.84615E-03    3.20000E-02    7.01574   -30.3699    1.00000    3.79402E-03
   6   -3.84615E-03    3.40000E-02    6.97067   -30.8011    1.00000    3.58178E-03
   6   -3.84615E-03    3.60000E-02    7.16851   -30.7559    1.00000    3.39920E-03
   6   -3.84615E-03    3.80000E-02    7.71140   -29.8770    1.00000    3.16658E-03
   6   -3.84615E-03    4.00000E-02    8.46107   -28.3301    1.00000    2.66238E-03
   6   -3.84615E-03    4.20000E-02    8.78404   -27.4809    1.00000    1.77873E-03
   6   -3.84615E-03    4.40000E-02    9.69057   -25.4694    1.00000    1.24308E-03
   6   -3.84615E-03    4.60000E-02    15.4609  -10.44207    1.00000    1.18351E-03
   6   -3.84615E-03    4.80000E-02    16.1395   -8.19687    1.00000    8.26625E-04
   6   -3.84615E-03    5.00000E-02    17.2653   -4.08065    1.00000    2.54048E-04
   6  0.   -5.00000E-02   -19.7878  -0.367963    1.00000    7.17276E-11
   6  0.   -4.80000E-02   -33.2644    5.88944    1.00000    4.24275E-06
   6  0.   -4.60000E-02   -115.061    29.4910    1.00000    8.53738E-05
   6  0.   -4.40000E-02    69.3549   -21.2838    1.00000    5.18385E-04
   6  0.   -4.20000E-02    21.6407   -13.8587    1.00000    2.80273E-03
   6  0.   -4.00000E-02    9.09191   -23.6662    1.00000    7.44023E-03
   6  0.   -3.80000E-02    9.09191   -23.6662    1.00000    7.44023E-03
   6  0.   -3.60000E-02    9.09191   -23.6662    1.00000    7.44023E-03
   6  0.   -3.40000E-02    9.09191   -23.6662    1.00000    7.44023E-03
   6  0.   -3.20000E-02    9.09191   -23.6662    1.00000    7.44023E-03
   6  0.   -3.00000E-02    9.09191   -23.6662    1.00000    7.44023E-03
   6  0.   -2.80000E-02    9.09191   -23.6662    1.00000    7.44023E-03
   6  0.   -2.60000E-02    9.09191   -23.6662    1.00000    7.44023E-03
   6  0.   -2.40000E-02    9.09191   -23.6662    1.00000    7.44023E-03
   6  0.   -2.20000E-02    9.09191   -23.6662    1.00000    7.44023E-03
   6  0.   -2.00000E-02    9.09191   -23.6662    1.00000    7.44023E-03
   6  0.   -1.80000E-02    9.09191   -23.6662    1.00000    7.44023E-03
   6  0.   -1.60000E-02    9.09191   -23.6662    1.00000    7.44023E-03
   6  0.   -1.40000E-02    9.09191   -23.6662    1.00000    7.44023E-03
   6  0.   -1.20000E-02    9.09191   -23.6662    1.00000    7.44023E-03
   6  0.   -1.00000E-02    9.09191   -23.6662    1.00000    7.44023E-03
   6  0.   -8.00000E-03    9.09191   -23.6662    1.00000    7.44023E-03
   6  0.   -6.00000E-03    9.09191   -23.6662    1.00000    7.44023E-03
   6  0.   -4.00000E-03    9.09191   -23.6662    1.00000    7.44023E-03
   6  0.   -2.00000E-03    9.09191   -23.6662    1.00000    7.44023E-03
   6  0.  0.    9.09191   -23.6662    1.00000    7.44023E-03
   6  0.    2.00000E-03    9.09191   -23.6662    1.00000    7.44023E-03
   6  0.    4.00000E-03    9.09191   -23.6662    1.00000    7.44023E-03
   6  0.    6.00000E-03    9.09191   -23.6662    1.00000    7.44023E-03
   6  0.    8.00000E-03    9.11361   -23.6534    1.00000    7.47208E-03
   6  0.    1.00000E-02    9.11361   -23.6534    1.00000    7.47208E-03
   6  0.    1.20000E-02    9.11361   -23.6534    1.00000    7.47208E-03
   6  0.    1.40000E-02    9.11361   -23.6534    1.00000    7.47208E-03
   6  0.    1.60000E-02    9.11361   -23.6534    1.00000    7.47208E-03
   6  0.    1.80000E-02    8.73687   -24.5107    1.00000    6.99580E-03
   6  0.    2.00000E-02    8.28100   -25.5458    1.00000    6.41206E-03
   6  0.    2.20000E-02    7.87587   -26.4637    1.00000    5.89257E-03
   6  0.    2.40000E-02    7.45711   -27.4110    1.00000    5.36037E-03
   6  0.    2.60000E-02    7.24252   -28.0114    1.00000    4.86964E-03
   6  0.    2.80000E-02    7.23816   -28.4287    1.00000    4.61660E-03
   6  0.    3.00000E-02    7.19089   -28.9147    1.00000    4.37246E-03
   6  0.    3.20000E-02    7.32275   -29.0301    1.00000    4.08418E-03
   6  0.    3.40000E-02    7.32074   -29.3854    1.00000    3.90548E-03
   6  0.    3.60000E-02    7.50438   -29.3375    1.00000    3.68097E-03
   6  0.    3.80000E-02    7.88782   -28.7846    1.00000    3.26877E-03
   6  0.    4.00000E-02    8.51118   -27.5157    1.00000    2.63461E-03
   6  0.    4.20000E-02    9.52071   -25.4147    1.00000    2.04754E-03
   6  0.    4.40000E-02    10.7025   -22.6630    1.00000    1.47764E-03
   6  0.    4.60000E-02    15.5527   -9.96151    1.00000    1.21818E-03
   6  0.    4.80000E-02    16.3234   -7.39298    1.00000    7.76377E-04
   6  0.    5.00000E-02    17.4210   -3.29403    1.00000    1.90475E-04
   6    3.84615E-03   -5.00000E-02   -19.7867    4.99457    1.00000    3.82488E-09
   6    3.84615E-03   -4.80000E-02   -33.0498    7.42876    1.00000    5.22389E-06
   6    3.84615E-03   -4.60000E-02   -115.750    33.3026    1.00000    9.52939E-05
   6    3.84615E-03   -4.40000E-02    69.7125   -20.8456    1.00000    5.02606E-04
   6    3.84615E-03   -4.20000E-02    10.8551   -30.6847    1.00000    2.38100E-03
   6    3.84615E-03   -4.00000E-02    6.08151   -31.8208    1.00000    3.72117E-03
   6    3.84615E-03   -3.80000E-02    6.08151   -31.8208    1.00000    3.72117E-03
   6    3.84615E-03   -3.60000E-02    6.08151   -31.8208    1.00000    3.72117E-03
   6    3.84615E-03   -3.40000E-02    6.08151   -31.8208    1.00000    3.72117E-03
   6    3.84615E-03   -3.20000E-02    6.08151   -31.8208    1.00000    3.72117E-03
   6    3.84615E-03   -3.00000E-02    6.08151   -31.8208    1.00000    3.72117E-03
   6    3.84615E-03   -2.80000E-02    6.08151   -31.8208    1.00000    3.72117E-03
   6    3.84615E-03   -2.60000E-02    6.08151   -31.8208    1.00000    3.72117E-03
   6    3.84615E-03   -2.40000E-02    6.08151   -31.8208    1.00000    3.72117E-03
   6    3.84615E-03   -2.20000E-02    6.08151   -31.8208    1.00000    3.72117E-03
   6    3.84615E-03   -2.00000E-02    6.08151   -31.8208    1.00000    3.72117E-03
   6    3.84615E-03   -1.80000E-02    6.08151   -31.8208    1.00000    3.72117E-03
   6    3.84615E-03   -1.60000E-02    6.08151   -31.8208    1.00000    3.72117E-03
   6    3.84615E-03   -1.40000E-02    6.08151   -31.8208    1.00000    3.72117E-03
   6    3.84615E-03   -1.20000E-02    6.08151   -31.8208    1.00000    3.72117E-03
   6    3.84615E-03   -1.00000E-02    6.08151   -31.8208    1.00000    3.72117E-03
   6    3.84615E-03   -8.00000E-03    6.08151   -31.8208    1.00000    3.72117E-03
   6    3.84615E-03   -6.00000E-03    6.08151   -31.8208    1.00000    3.72117E-03
   6    3.84615E-03   -4.00000E-03    6.08151   -31.8208    1.00000    3.72117E-03
   6    3.84615E-03   -2.00000E-03    6.08151   -31.8208    1.00000    3.72117E-03
   6    3.84615E-03  0.    6.08151   -31.8208    1.00000    3.72117E-03
   6    3.84615E-03    2.00000E-03    6.08151   -31.8208    1.00000    3.72117E-03
   6    3.84615E-03    4.00000E-03    6.08151   -31.8208    1.00000    3.72117E-03
   6    3.84615E-03    6.00000E-03    6.08151   -31.8208    1.00000    3.72117E-03
   6    3.84615E-03    8.00000E-03    6.08151   -31.8208    1.00000    3.72117E-03
   6    3.84615E-03    1.00000E-02    6.08151   -31.8208    1.00000    3.72117E-03
   6    3.84615E-03    1.20000E-02    6.08151   -31.8208    1.00000    3.72117E-03
   6    3.84615E-03    1.40000E-02    6.08151   -31.8208    1.00000    3.72117E-03
   6    3.84615E-03    1.60000E-02    6.08151   -31.8208    1.00000    3.72117E-03
   6    3.84615E-03    1.80000E-02    6.08151   -31.8208    1.00000    3.72117E-03
   6    3.84615E-03    2.00000E-02    6.08151   -31.8208    1.00000    3.72117E-03
   6    3.84615E-03    2.20000E-02    6.08151   -31.8208    1.00000    3.72117E-03
   6    3.84615E-03    2.40000E-02    6.08151   -31.8208    1.00000    3.72117E-03
   6    3.84615E-03    2.60000E-02    6.28478   -31.4331    1.00000    3.78521E-03
   6    3.84615E-03    2.80000E-02    6.52821   -30.9865    1.00000    3.84521E-03
   6    3.84615E-03    3.00000E-02    6.72327   -30.5977    1.00000    3.88078E-03
   6    3.84615E-03    3.20000E-02    7.14127   -29.7676    1.00000    3.91247E-03
   6    3.84615E-03    3.40000E-02    7.32074   -29.3854    1.00000    3.90548E-03
   6    3.84615E-03    3.60000E-02    7.83327   -28.4416    1.00000    3.97537E-03
   6    3.84615E-03    3.80000E-02    8.68912   -26.8580    1.00000    3.89728E-03
   6    3.84615E-03    4.00000E-02    9.78931   -24.7860    1.00000    3.44127E-03
   6    3.84615E-03    4.20000E-02    11.2271   -21.5218    1.00000    2.81136E-03
   6    3.84615E-03    4.40000E-02    12.5158   -18.2290    1.00000    1.99672E-03
   6    3.84615E-03    4.60000E-02    15.7035   -9.26295    1.00000    1.23017E-03
   6    3.84615E-03    4.80000E-02    16.4934   -6.67206    1.00000    7.15172E-04
   6    3.84615E-03    5.00000E-02    17.2092   -4.22718    1.00000    2.71099E-04
   6    7.69231E-03   -5.00000E-02   -19.4650    3.98396    1.00000    1.44805E-09
   6    7.69231E-03   -4.80000E-02   -32.5254    9.22878    1.00000    6.60841E-06
   6    7.69231E-03   -4.60000E-02   -109.067    33.2779    1.00000    9.19938E-05
   6    7.69231E-03   -4.40000E-02    55.0250   -33.5201    1.00000    8.99221E-04
   6    7.69231E-03   -4.20000E-02    9.05562   -38.3773    1.00000    2.14220E-03
   6    7.69231E-03   -4.00000E-02    2.27325   -43.4216    1.00000    5.26537E-04
   6    7.69231E-03   -3.80000E-02    2.27325   -43.4216    1.00000    5.26537E-04
   6    7.69231E-03   -3.60000E-02    2.27325   -43.4216    1.00000    5.26537E-04
   6    7.69231E-03   -3.40000E-02    2.32892   -43.3445    1.00000    5.47165E-04
   6    7.69231E-03   -3.20000E-02    2.32892   -43.3445    1.00000    5.47165E-04
   6    7.69231E-03   -3.00000E-02    2.32892   -43.3445    1.00000    5.47165E-04
   6    7.69231E-03   -2.80000E-02    2.32892   -43.3445    1.00000    5.47165E-04
   6    7.69231E-03   -2.60000E-02    2.32892   -43.3445    1.00000    5.47165E-04
   6    7.69231E-03   -2.40000E-02    2.32892   -43.3445    1.00000    5.47165E-04
   6    7.69231E-03   -2.20000E-02    2.32892   -43.3445    1.00000    5.47165E-04
   6    7.69231E-03   -2.00000E-02    2.38468   -43.2673    1.00000    5.67979E-04
   6    7.69231E-03   -1.80000E-02    2.38468   -43.2673    1.00000    5.67979E-04
   6    7.69231E-03   -1.60000E-02    2.38468   -43.2673    1.00000    5.67979E-04
   6    7.69231E-03   -1.40000E-02    2.38468   -43.2673    1.00000    5.67979E-04
   6    7.69231E-03   -1.20000E-02    2.38468   -43.2673    1.00000    5.67979E-04
   6    7.69231E-03   -1.00000E-02    2.38468   -43.2673    1.00000    5.67979E-04
   6    7.69231E-03   -8.00000E-03    2.44057   -43.1900    1.00000    5.88989E-04
   6    7.69231E-03   -6.00000E-03    2.44057   -43.1900    1.00000    5.88989E-04
   6    7.69231E-03   -4.00000E-03    2.44057   -43.1900    1.00000    5.88989E-04
   6    7.69231E-03   -2.00000E-03    2.44057   -43.1900    1.00000    5.88989E-04
   6    7.69231E-03  0.    2.44057   -43.1900    1.00000    5.88989E-04
   6    7.69231E-03    2.00000E-03    2.49653   -43.1126    1.00000    6.10151E-04
   6    7.69231E-03    4.00000E-03    2.49653   -43.1126    1.00000    6.10151E-04
   6    7.69231E-03    6.00000E-03    2.49653   -43.1126    1.00000    6.10151E-04
   6    7.69231E-03    8.00000E-03    2.49653   -43.1126    1.00000    6.10151E-04
   6    7.69231E-03    1.00000E-02    2.49653   -43.1126    1.00000    6.10151E-04
   6    7.69231E-03    1.20000E-02    2.49653   -43.1126    1.00000    6.10151E-04
   6    7.69231E-03    1.40000E-02    2.55262   -43.0351    1.00000    6.31487E-04
   6    7.69231E-03    1.60000E-02    2.55262   -43.0351    1.00000    6.31487E-04
   6    7.69231E-03    1.80000E-02    2.55262   -43.0351    1.00000    6.31487E-04
   6    7.69231E-03    2.00000E-02    2.55262   -43.0351    1.00000    6.31487E-04
   6    7.69231E-03    2.20000E-02    2.55262   -43.0351    1.00000    6.31487E-04
   6    7.69231E-03    2.40000E-02    2.60879   -42.9574    1.00000    6.52964E-04
   6    7.69231E-03    2.60000E-02    2.77402   -42.6648    1.00000    7.18151E-04
   6    7.69231E-03    2.80000E-02    2.93918   -42.3648    1.00000    7.84286E-04
   6    7.69231E-03    3.00000E-02    3.16075   -41.9760    1.00000    8.73446E-04
   6    7.69231E-03    3.20000E-02    3.77427   -40.9167    1.00000    1.11961E-03
   6    7.69231E-03    3.40000E-02    4.05214   -40.4110    1.00000    1.22955E-03
   6    7.69231E-03    3.60000E-02    4.66195   -39.2818    1.00000    1.46056E-03
   6    7.69231E-03    3.80000E-02    5.79866   -37.0100    1.00000    1.83147E-03
   6    7.69231E-03    4.00000E-02    7.62606   -32.9118    1.00000    2.14035E-03
   6    7.69231E-03    4.20000E-02    8.87088   -29.7029    1.00000    1.98309E-03
   6    7.69231E-03    4.40000E-02   10.49827   -25.4621    1.00000    1.68881E-03
   6    7.69231E-03    4.60000E-02    11.9820   -21.2952    1.00000    1.31601E-03
   6    7.69231E-03    4.80000E-02    15.8417   -9.59391    1.00000    8.57473E-04
   6    7.69231E-03    5.00000E-02    16.8380   -5.89600    1.00000    4.04676E-04
   6    1.15385E-02   -5.00000E-02   -19.0993    10.9898    1.00000    6.78495E-10
   6    1.15385E-02   -4.80000E-02   -31.5036    10.7557    1.00000    6.42122E-06
   6    1.15385E-02   -4.60000E-02  -100.6325    33.9817    1.00000    9.43768E-05
   6    1.15385E-02   -4.40000E-02    22.5326   -55.0759    1.00000    6.84171E-04
   6    1.15385E-02   -4.20000E-02    2.90902   -53.1175    1.00000    2.77946E-04
   6    1.15385E-02   -4.00000E-02    8.96728E-02   -55.4333    1.00000    4.20013E-07
   6    1.15385E-02   -3.80000E-02    8.96728E-02   -55.4333    1.00000    4.20013E-07
   6    1.15385E-02   -3.60000E-02    8.96728E-02   -55.4333    1.00000    4.20013E-07
   6    1.15385E-02   -3.40000E-02    8.96728E-02   -55.4333    1.00000    4.20013E-07
   6    1.15385E-02   -3.20000E-02    8.96728E-02   -55.4333    1.00000    4.20013E-07
   6    1.15385E-02   -3.00000E-02    8.96728E-02   -55.4333    1.00000    4.20013E-07
   6    1.15385E-02   -2.80000E-02    8.96728E-02   -55.4333    1.00000    4.20013E-07
   6    1.15385E-02   -2.60000E-02    8.96728E-02   -55.4333    1.00000    4.20013E-07
   6    1.15385E-02   -2.40000E-02    8.96728E-02   -55.4333    1.00000    4.20013E-07
   6    1.15385E-02   -2.20000E-02    8.96728E-02   -55.4333    1.00000    4.20013E-07
   6    1.15385E-02   -2.00000E-02    8.96728E-02   -55.4333    1.00000    4.20013E-07
   6    1.15385E-02   -1.80000E-02    8.96728E-02   -55.4333    1.00000    4.20013E-07
   6    1.15385E-02   -1.60000E-02    8.96728E-02   -55.4333    1.00000    4.20013E-07
   6    1.15385E-02   -1.40000E-02    8.96728E-02   -55.4333    1.00000    4.20013E-07
   6    1.15385E-02   -1.20000E-02    8.96728E-02   -55.4333    1.00000    4.20013E-07
   6    1.15385E-02   -1.00000E-02    8.96728E-02   -55.4333    1.00000    4.20013E-07
   6    1.15385E-02   -8.00000E-03    8.96728E-02   -55.4333    1.00000    4.20013E-07
   6    1.15385E-02   -6.00000E-03    8.96728E-02   -55.4333    1.00000    4.20013E-07
   6    1.15385E-02   -4.00000E-03    8.96728E-02   -55.4333    1.00000    4.20013E-07
   6    1.15385E-02   -2.00000E-03    8.96728E-02   -55.4333    1.00000    4.20013E-07
   6    1.15385E-02  0.    8.96728E-02   -55.4333    1.00000    4.20013E-07
   6    1.15385E-02    2.00000E-03    8.96728E-02   -55.4333    1.00000    4.20013E-07
   6    1.15385E-02    4.00000E-03    8.96728E-02   -55.4333    1.00000    4.20013E-07
   6    1.15385E-02    6.00000E-03    8.96728E-02   -55.4333    1.00000    4.20013E-07
   6    1.15385E-02    8.00000E-03    8.96728E-02   -55.4333    1.00000    4.20013E-07
   6    1.15385E-02    1.00000E-02    8.96728E-02   -55.4333    1.00000    4.20013E-07
   6    1.15385E-02    1.20000E-02    8.96728E-02   -55.4333    1.00000    4.20013E-07
   6    1.15385E-02    1.40000E-02    8.96728E-02   -55.4333    1.00000    4.20013E-07
   6    1.15385E-02    1.60000E-02    8.96728E-02   -55.4333    1.00000    4.20013E-07
   6    1.15385E-02    1.80000E-02    8.96728E-02   -55.4333    1.00000    4.20013E-07
   6    1.15385E-02    2.00000E-02    8.96728E-02   -55.4333    1.00000    4.20013E-07
   6    1.15385E-02    2.20000E-02    8.96728E-02   -55.4333    1.00000    4.20013E-07
   6    1.15385E-02    2.40000E-02    8.96728E-02   -55.4333    1.00000    4.20013E-07
   6    1.15385E-02    2.60000E-02    8.96528E-02   -55.4308    1.00000    4.19862E-07
   6    1.15385E-02    2.80000E-02    8.96647E-02   -55.4283    1.00000    4.20013E-07
   6    1.15385E-02    3.00000E-02    8.96566E-02   -55.4233    1.00000    4.20013E-07
   6    1.15385E-02    3.20000E-02    8.96367E-02   -55.4209    1.00000    4.19862E-07
   6    1.15385E-02    3.40000E-02    8.96327E-02   -55.4184    1.00000    4.19862E-07
   6    1.15385E-02    3.60000E-02    8.96246E-02   -55.4134    1.00000    4.19862E-07
   6    1.15385E-02    3.80000E-02   0.381233   -54.8970    1.00000    7.30458E-06
   6    1.15385E-02    4.00000E-02    3.12923   -49.5475    1.00000    3.40702E-04
   6    1.15385E-02    4.20000E-02    5.46268   -44.2239    1.00000    7.48171E-04
   6    1.15385E-02    4.40000E-02    7.87787   -37.8560    1.00000    1.03473E-03
   6    1.15385E-02    4.60000E-02    9.48977   -32.9576    1.00000    9.98560E-04
   6    1.15385E-02    4.80000E-02   10.37018   -29.6683    1.00000    6.36400E-04
   6    1.15385E-02    5.00000E-02    12.2417   -23.5970    1.00000    4.96514E-04
   6    1.53846E-02   -4.80000E-02   -30.2165    12.3325    1.00000    5.30374E-06
   6    1.53846E-02   -4.60000E-02   -89.7039    33.1746    1.00000    8.79536E-05
   6    1.53846E-02   -4.40000E-02    15.2078   -71.7914    1.00000    4.43520E-04
   6    1.53846E-02   -4.20000E-02    6.61519E-02   -68.8430    1.00000    6.32892E-08
   6    1.53846E-02   -4.00000E-02    6.61059E-02   -68.7952    1.00000    6.32892E-08
   6    1.53846E-02   -3.80000E-02    6.61059E-02   -68.7952    1.00000    6.32892E-08
   6    1.53846E-02   -3.60000E-02    6.61059E-02   -68.7952    1.00000    6.32892E-08
   6    1.53846E-02   -3.40000E-02    6.61059E-02   -68.7952    1.00000    6.32892E-08
   6    1.53846E-02   -3.20000E-02    6.61059E-02   -68.7952    1.00000    6.32892E-08
   6    1.53846E-02   -3.00000E-02    6.61059E-02   -68.7952    1.00000    6.32892E-08
   6    1.53846E-02   -2.80000E-02    6.61059E-02   -68.7952    1.00000    6.32892E-08
   6    1.53846E-02   -2.60000E-02    6.61059E-02   -68.7952    1.00000    6.32892E-08
   6    1.53846E-02   -2.40000E-02    6.61059E-02   -68.7952    1.00000    6.32892E-08
   6    1.53846E-02   -2.20000E-02    6.61059E-02   -68.7952    1.00000    6.32892E-08
   6    1.53846E-02   -2.00000E-02    6.61059E-02   -68.7952    1.00000    6.32892E-08
   6    1.53846E-02   -1.80000E-02    6.61059E-02   -68.7952    1.00000    6.32892E-08
   6    1.53846E-02   -1.60000E-02    6.61059E-02   -68.7952    1.00000    6.32892E-08
   6    1.53846E-02   -1.40000E-02    6.61059E-02   -68.7952    1.00000    6.32892E-08
   6    1.53846E-02   -1.20000E-02    6.61059E-02   -68.7952    1.00000    6.32892E-08
   6    1.53846E-02   -1.00000E-02    6.61059E-02   -68.7952    1.00000    6.32892E-08
   6    1.53846E-02   -8.00000E-03    6.61059E-02   -68.7952    1.00000    6.32892E-08
   6    1.53846E-02   -6.00000E-03    6.61059E-02   -68.7952    1.00000    6.32892E-08
   6    1.53846E-02   -4.00000E-03    6.61059E-02   -68.7952    1.00000    6.32892E-08
   6    1.53846E-02   -2.00000E-03    6.61059E-02   -68.7952    1.00000    6.32892E-08
   6    1.53846E-02  0.    6.61059E-02   -68.7952    1.00000    6.32892E-08
   6    1.53846E-02    2.00000E-03    6.61059E-02   -68.7952    1.00000    6.32892E-08
   6    1.53846E-02    4.00000E-03    6.61059E-02   -68.7952    1.00000    6.32892E-08
   6    1.53846E-02    6.00000E-03    6.61059E-02   -68.7952    1.00000    6.32892E-08
   6    1.53846E-02    8.00000E-03    6.61059E-02   -68.7952    1.00000    6.32892E-08
   6    1.53846E-02    1.00000E-02    6.61059E-02   -68.7952    1.00000    6.32892E-08
   6    1.53846E-02    1.20000E-02    6.61059E-02   -68.7952    1.00000    6.32892E-08
   6    1.53846E-02    1.40000E-02    6.61059E-02   -68.7952    1.00000    6.32892E-08
   6    1.53846E-02    1.60000E-02    6.61059E-02   -68.7952    1.00000    6.32892E-08
   6    1.53846E-02    1.80000E-02    6.61059E-02   -68.7952    1.00000    6.32892E-08
   6    1.53846E-02    2.00000E-02    6.61059E-02   -68.7952    1.00000    6.32892E-08
   6    1.53846E-02    2.20000E-02    6.61059E-02   -68.7952    1.00000    6.32892E-08
   6    1.53846E-02    2.40000E-02    6.61059E-02   -68.7952    1.00000    6.32892E-08
   6    1.53846E-02    2.60000E-02    6.61037E-02   -68.7929    1.00000    6.32892E-08
   6    1.53846E-02    2.80000E-02    6.61016E-02   -68.7906    1.00000    6.32892E-08
   6    1.53846E-02    3.00000E-02    6.60972E-02   -68.7861    1.00000    6.32892E-08
   6    1.53846E-02    3.20000E-02    6.60951E-02   -68.7838    1.00000    6.32892E-08
   6    1.53846E-02    3.40000E-02    6.60928E-02   -68.7815    1.00000    6.32892E-08
   6    1.53846E-02    3.60000E-02    6.61190E-02   -68.7769    1.00000    6.33478E-08
   6    1.53846E-02    3.80000E-02    6.61103E-02   -68.7678    1.00000    6.33478E-08
   6    1.53846E-02    4.00000E-02    6.60643E-02   -68.7520    1.00000    6.32892E-08
   6    1.53846E-02    4.20000E-02    6.60513E-02   -68.7384    1.00000    6.32892E-08
   6    1.53846E-02    4.40000E-02    1.06870   -66.2108    1.00000    1.51667E-05
   6    1.53846E-02    4.60000E-02    4.52027   -56.6837    1.00000    1.96995E-04
   6    1.53846E-02    4.80000E-02    8.08551   -45.2904    1.00000    4.15293E-04
   6    1.53846E-02    5.00000E-02   10.23567   -37.2346    1.00000    4.39736E-04
   6    1.92308E-02   -4.80000E-02   -28.6665    14.2742    1.00000    4.17945E-06
   6    1.92308E-02   -4.60000E-02   -776.795    1369.06    1.00000    1.12860E-04
   6    1.92308E-02   -4.40000E-02    4.27577E-02   -90.4973    1.00000    5.16453E-09
   6    1.92308E-02   -4.20000E-02    4.26969E-02   -90.4509    1.00000    5.15512E-09
   6    1.92308E-02   -4.00000E-02    4.26595E-02   -90.4085    1.00000    5.15094E-09
   6    1.92308E-02   -3.80000E-02    4.26595E-02   -90.4085    1.00000    5.15094E-09
   6    1.92308E-02   -3.60000E-02    4.26595E-02   -90.4085    1.00000    5.15094E-09
   6    1.92308E-02   -3.40000E-02    4.26595E-02   -90.4085    1.00000    5.15094E-09
   6    1.92308E-02   -3.20000E-02    4.26595E-02   -90.4085    1.00000    5.15094E-09
   6    1.92308E-02   -3.00000E-02    4.26595E-02   -90.4085    1.00000    5.15094E-09
   6    1.92308E-02   -2.80000E-02    4.26595E-02   -90.4085    1.00000    5.15094E-09
   6    1.92308E-02   -2.60000E-02    4.26595E-02   -90.4085    1.00000    5.15094E-09
   6    1.92308E-02   -2.40000E-02    4.26595E-02   -90.4085    1.00000    5.15094E-09
   6    1.92308E-02   -2.20000E-02    4.26595E-02   -90.4085    1.00000    5.15094E-09
   6    1.92308E-02   -2.00000E-02    4.26595E-02   -90.4085    1.00000    5.15094E-09
   6    1.92308E-02   -1.80000E-02    4.26595E-02   -90.4085    1.00000    5.15094E-09
   6    1.92308E-02   -1.60000E-02    4.26595E-02   -90.4085    1.00000    5.15094E-09
   6    1.92308E-02   -1.40000E-02    4.26595E-02   -90.4085    1.00000    5.15094E-09
   6    1.92308E-02   -1.20000E-02    4.26595E-02   -90.4085    1.00000    5.15094E-09
   6    1.92308E-02   -1.00000E-02    4.26595E-02   -90.4085    1.00000    5.15094E-09
   6    1.92308E-02   -8.00000E-03    4.26595E-02   -90.4085    1.00000    5.15094E-09
   6    1.92308E-02   -6.00000E-03    4.26595E-02   -90.4085    1.00000    5.15094E-09
   6    1.92308E-02   -4.00000E-03    4.26595E-02   -90.4085    1.00000    5.15094E-09
   6    1.92308E-02   -2.00000E-03    4.26595E-02   -90.4085    1.00000    5.15094E-09
   6    1.92308E-02  0.    4.26595E-02   -90.4085    1.00000    5.15094E-09
   6    1.92308E-02    2.00000E-03    4.26595E-02   -90.4085    1.00000    5.15094E-09
   6    1.92308E-02    4.00000E-03    4.26595E-02   -90.4085    1.00000    5.15094E-09
   6    1.92308E-02    6.00000E-03    4.26595E-02   -90.4085    1.00000    5.15094E-09
   6    1.92308E-02    8.00000E-03    4.26595E-02   -90.4085    1.00000    5.15094E-09
   6    1.92308E-02    1.00000E-02    4.26595E-02   -90.4085    1.00000    5.15094E-09
   6    1.92308E-02    1.20000E-02    4.26595E-02   -90.4085    1.00000    5.15094E-09
   6    1.92308E-02    1.40000E-02    4.26595E-02   -90.4085    1.00000    5.15094E-09
   6    1.92308E-02    1.60000E-02    4.26595E-02   -90.4085    1.00000    5.15094E-09
   6    1.92308E-02    1.80000E-02    4.26595E-02   -90.4085    1.00000    5.15094E-09
   6    1.92308E-02    2.00000E-02    4.26595E-02   -90.4085    1.00000    5.15094E-09
   6    1.92308E-02    2.20000E-02    4.26595E-02   -90.4085    1.00000    5.15094E-09
   6    1.92308E-02    2.40000E-02    4.26595E-02   -90.4085    1.00000    5.15094E-09
   6    1.92308E-02    2.60000E-02    4.26932E-02   -90.4065    1.00000    5.15930E-09
   6    1.92308E-02    2.80000E-02    4.26923E-02   -90.4046    1.00000    5.15930E-09
   6    1.92308E-02    3.00000E-02    4.26904E-02   -90.4007    1.00000    5.15930E-09
   6    1.92308E-02    3.20000E-02    4.26550E-02   -90.3989    1.00000    5.15094E-09
   6    1.92308E-02    3.40000E-02    4.26877E-02   -90.3949    1.00000    5.15930E-09
   6    1.92308E-02    3.60000E-02    4.26868E-02   -90.3930    1.00000    5.15930E-09
   6    1.92308E-02    3.80000E-02    4.26831E-02   -90.3853    1.00000    5.15930E-09
   6    1.92308E-02    4.00000E-02    4.26768E-02   -90.3718    1.00000    5.15930E-09
   6    1.92308E-02    4.20000E-02    4.26013E-02   -90.3585    1.00000    5.14259E-09
   6    1.92308E-02    4.40000E-02    4.25267E-02   -90.3472    1.00000    5.12590E-09
   6    1.92308E-02    4.60000E-02    4.26596E-02   -90.3352    1.00000    5.15930E-09
   6    1.92308E-02    4.80000E-02    4.26532E-02   -90.3217    1.00000    5.15930E-09
   6    1.92308E-02    5.00000E-02    1.72818   -84.0593    1.00000    7.88386E-06
   6    2.30769E-02   -4.80000E-02   -26.8547    15.5041    1.00000    2.39713E-06
   6    2.30769E-02   -4.60000E-02    28.3233   -225.146    1.00000    2.39522E-05
   6    2.30769E-02   -4.40000E-02   0.349013   -132.351    1.00000    3.48464E-08
   6    2.30769E-02   -4.20000E-02   0.347577   -131.799    1.00000    3.48505E-08
   6    2.30769E-02   -4.00000E-02   0.346167   -131.252    1.00000    3.48573E-08
   6    2.30769E-02   -3.80000E-02   0.346167   -131.252    1.00000    3.48573E-08
   6    2.30769E-02   -3.60000E-02   0.346167   -131.252    1.00000    3.48573E-08
   6    2.30769E-02   -3.40000E-02   0.346167   -131.252    1.00000    3.48573E-08
   6    2.30769E-02   -3.20000E-02   0.346167   -131.252    1.00000    3.48573E-08
   6    2.30769E-02   -3.00000E-02   0.346167   -131.252    1.00000    3.48573E-08
   6    2.30769E-02   -2.80000E-02   0.346167   -131.252    1.00000    3.48573E-08
   6    2.30769E-02   -2.60000E-02   0.346167   -131.252    1.00000    3.48573E-08
   6    2.30769E-02   -2.40000E-02   0.346167   -131.252    1.00000    3.48573E-08
   6    2.30769E-02   -2.20000E-02   0.346167   -131.252    1.00000    3.48573E-08
   6    2.30769E-02   -2.00000E-02   0.346167   -131.252    1.00000    3.48573E-08
   6    2.30769E-02   -1.80000E-02   0.346167   -131.252    1.00000    3.48573E-08
   6    2.30769E-02   -1.60000E-02   0.346167   -131.252    1.00000    3.48573E-08
   6    2.30769E-02   -1.40000E-02   0.346167   -131.252    1.00000    3.48573E-08
   6    2.30769E-02   -1.20000E-02   0.346167   -131.252    1.00000    3.48573E-08
   6    2.30769E-02   -1.00000E-02   0.346167   -131.252    1.00000    3.48573E-08
   6    2.30769E-02   -8.00000E-03   0.346167   -131.252    1.00000    3.48573E-08
   6    2.30769E-02   -6.00000E-03   0.346167   -131.252    1.00000    3.48573E-08
   6    2.30769E-02   -4.00000E-03   0.346167   -131.252    1.00000    3.48573E-08
   6    2.30769E-02   -2.00000E-03   0.346167   -131.252    1.00000    3.48573E-08
   6    2.30769E-02  0.   0.346167   -131.252    1.00000    3.48573E-08
   6    2.30769E-02    2.00000E-03   0.346167   -131.252    1.00000    3.48573E-08
   6    2.30769E-02    4.00000E-03   0.346167   -131.252    1.00000    3.48573E-08
   6    2.30769E-02    6.00000E-03   0.346167   -131.252    1.00000    3.48573E-08
   6    2.30769E-02    8.00000E-03   0.346167   -131.252    1.00000    3.48573E-08
   6    2.30769E-02    1.00000E-02   0.346167   -131.252    1.00000    3.48573E-08
   6    2.30769E-02    1.20000E-02   0.346167   -131.252    1.00000    3.48573E-08
   6    2.30769E-02    1.40000E-02   0.346167   -131.252    1.00000    3.48573E-08
   6    2.30769E-02    1.60000E-02   0.346167   -131.252    1.00000    3.48573E-08
   6    2.30769E-02    1.80000E-02   0.346167   -131.252    1.00000    3.48573E-08
   6    2.30769E-02    2.00000E-02   0.346167   -131.252    1.00000    3.48573E-08
   6    2.30769E-02    2.20000E-02   0.346167   -131.252    1.00000    3.48573E-08
   6    2.30769E-02    2.40000E-02   0.346167   -131.252    1.00000    3.48573E-08
   6    2.30769E-02    2.60000E-02   0.346054   -131.229    1.00000    3.48464E-08
   6    2.30769E-02    2.80000E-02   0.346048   -131.206    1.00000    3.48573E-08
   6    2.30769E-02    3.00000E-02   0.345928   -131.161    1.00000    3.48573E-08
   6    2.30769E-02    3.20000E-02   0.345868   -131.138    1.00000    3.48573E-08
   6    2.30769E-02    3.40000E-02   0.345748   -131.093    1.00000    3.48573E-08
   6    2.30769E-02    3.60000E-02   0.345689   -131.070    1.00000    3.48573E-08
   6    2.30769E-02    3.80000E-02   0.345390   -130.957    1.00000    3.48573E-08
   6    2.30769E-02    4.00000E-02   0.344978   -130.822    1.00000    3.48464E-08
   6    2.30769E-02    4.20000E-02   0.344670   -130.664    1.00000    3.48682E-08
   6    2.30769E-02    4.40000E-02   0.344207   -130.529    1.00000    3.48464E-08
   6    2.30769E-02    4.60000E-02   0.343791   -130.372    1.00000    3.48464E-08
   6    2.30769E-02    4.80000E-02   0.343442   -130.238    1.00000    3.48464E-08
   6    2.30769E-02    5.00000E-02   0.343086   -130.104    1.00000    3.48464E-08
   6    2.69231E-02   -4.80000E-02   -25.1174    19.4446    1.00000    1.34855E-06
   6    2.69231E-02   -4.60000E-02   0.289122   -245.568    1.00000    6.09105E-10
   6    2.69231E-02   -4.40000E-02   0.287649   -244.752    1.00000    6.06952E-10
   6    2.69231E-02   -4.20000E-02   0.286661   -243.876    1.00000    6.07131E-10
   6    2.69231E-02   -4.00000E-02   0.285805   -243.039    1.00000    6.07669E-10
   6    2.69231E-02   -3.80000E-02   0.285764   -243.005    1.00000    6.07669E-10
   6    2.69231E-02   -3.60000E-02   0.285764   -243.005    1.00000    6.07669E-10
   6    2.69231E-02   -3.40000E-02   0.285764   -243.005    1.00000    6.07669E-10
   6    2.69231E-02   -3.20000E-02   0.285764   -243.005    1.00000    6.07669E-10
   6    2.69231E-02   -3.00000E-02   0.285764   -243.005    1.00000    6.07669E-10
   6    2.69231E-02   -2.80000E-02   0.285764   -243.005    1.00000    6.07669E-10
   6    2.69231E-02   -2.60000E-02   0.285764   -243.005    1.00000    6.07669E-10
   6    2.69231E-02   -2.40000E-02   0.285764   -243.005    1.00000    6.07669E-10
   6    2.69231E-02   -2.20000E-02   0.285764   -243.005    1.00000    6.07669E-10
   6    2.69231E-02   -2.00000E-02   0.285764   -243.005    1.00000    6.07669E-10
   6    2.69231E-02   -1.80000E-02   0.285764   -243.005    1.00000    6.07669E-10
   6    2.69231E-02   -1.60000E-02   0.285764   -243.005    1.00000    6.07669E-10
   6    2.69231E-02   -1.40000E-02   0.285764   -243.005    1.00000    6.07669E-10
   6    2.69231E-02   -1.20000E-02   0.285764   -243.005    1.00000    6.07669E-10
   6    2.69231E-02   -1.00000E-02   0.285764   -243.005    1.00000    6.07669E-10
   6    2.69231E-02   -8.00000E-03   0.285764   -243.005    1.00000    6.07669E-10
   6    2.69231E-02   -6.00000E-03   0.285764   -243.005    1.00000    6.07669E-10
   6    2.69231E-02   -4.00000E-03   0.285764   -243.005    1.00000    6.07669E-10
   6    2.69231E-02   -2.00000E-03   0.285764   -243.005    1.00000    6.07669E-10
   6    2.69231E-02  0.   0.285764   -243.005    1.00000    6.07669E-10
   6    2.69231E-02    2.00000E-03   0.285764   -243.005    1.00000    6.07669E-10
   6    2.69231E-02    4.00000E-03   0.285764   -243.005    1.00000    6.07669E-10
   6    2.69231E-02    6.00000E-03   0.285764   -243.005    1.00000    6.07669E-10
   6    2.69231E-02    8.00000E-03   0.285764   -243.005    1.00000    6.07669E-10
   6    2.69231E-02    1.00000E-02   0.285764   -243.005    1.00000    6.07669E-10
   6    2.69231E-02    1.20000E-02   0.285764   -243.005    1.00000    6.07669E-10
   6    2.69231E-02    1.40000E-02   0.285764   -243.005    1.00000    6.07669E-10
   6    2.69231E-02    1.60000E-02   0.285764   -243.005    1.00000    6.07669E-10
   6    2.69231E-02    1.80000E-02   0.285764   -243.005    1.00000    6.07669E-10
   6    2.69231E-02    2.00000E-02   0.285764   -243.005    1.00000    6.07669E-10
   6    2.69231E-02    2.20000E-02   0.285764   -243.005    1.00000    6.07669E-10
   6    2.69231E-02    2.40000E-02   0.285764   -243.005    1.00000    6.07669E-10
   6    2.69231E-02    2.60000E-02   0.285808   -242.970    1.00000    6.08028E-10
   6    2.69231E-02    2.80000E-02   0.285557   -242.901    1.00000    6.07310E-10
   6    2.69231E-02    3.00000E-02   0.285601   -242.866    1.00000    6.07669E-10
   6    2.69231E-02    3.20000E-02   0.285560   -242.831    1.00000    6.07669E-10
   6    2.69231E-02    3.40000E-02   0.285310   -242.762    1.00000    6.06952E-10
   6    2.69231E-02    3.60000E-02   0.285270   -242.728    1.00000    6.06952E-10
   6    2.69231E-02    3.80000E-02   0.285066   -242.555    1.00000    6.06952E-10
   6    2.69231E-02    4.00000E-02   0.285287   -242.311    1.00000    6.09105E-10
   6    2.69231E-02    4.20000E-02   0.284705   -242.105    1.00000    6.07669E-10
   6    2.69231E-02    4.40000E-02   0.284089   -241.866    1.00000    6.06235E-10
   6    2.69231E-02    4.60000E-02   0.284512   -241.656    1.00000    6.09105E-10
   6    2.69231E-02    4.80000E-02   0.283938   -241.452    1.00000    6.07669E-10
   6    2.69231E-02    5.00000E-02   0.283990   -241.210    1.00000    6.09105E-10
   6    3.07692E-02   -4.80000E-02   -35.7416    1113.98    1.00000    1.95563E-10
   6    3.07692E-02   -4.60000E-02   -58.8242    1831.45    1.00000    1.95563E-10
   6    3.07692E-02   -4.40000E-02   -181.655    5654.21    1.00000    1.95665E-10
   6    3.07692E-02   -4.20000E-02    133.585   -4156.06    1.00000    1.95716E-10
   6    3.07692E-02   -4.00000E-02    51.3175   -1596.63    1.00000    1.95700E-10
   6    3.07692E-02   -3.80000E-02    47.6493   -1482.51    1.00000    1.95697E-10
   6    3.07692E-02   -3.60000E-02    47.6493   -1482.51    1.00000    1.95697E-10
   6    3.07692E-02   -3.40000E-02    47.6493   -1482.51    1.00000    1.95697E-10
   6    3.07692E-02   -3.20000E-02    47.6493   -1482.51    1.00000    1.95697E-10
   6    3.07692E-02   -3.00000E-02    47.6493   -1482.51    1.00000    1.95697E-10
   6    3.07692E-02   -2.80000E-02    47.6493   -1482.51    1.00000    1.95697E-10
   6    3.07692E-02   -2.60000E-02    47.6493   -1482.51    1.00000    1.95697E-10
   6    3.07692E-02   -2.40000E-02    47.6493   -1482.51    1.00000    1.95697E-10
   6    3.07692E-02   -2.20000E-02    47.6493   -1482.51    1.00000    1.95697E-10
   6    3.07692E-02   -2.00000E-02    47.6493   -1482.51    1.00000    1.95697E-10
   6    3.07692E-02   -1.80000E-02    47.6493   -1482.51    1.00000    1.95697E-10
   6    3.07692E-02   -1.60000E-02    47.6493   -1482.51    1.00000    1.95697E-10
   6    3.07692E-02   -1.40000E-02    47.6493   -1482.51    1.00000    1.95697E-10
   6    3.07692E-02   -1.20000E-02    47.6493   -1482.51    1.00000    1.95697E-10
   6    3.07692E-02   -1.00000E-02    47.6493   -1482.51    1.00000    1.95697E-10
   6    3.07692E-02   -8.00000E-03    47.6493   -1482.51    1.00000    1.95697E-10
   6    3.07692E-02   -6.00000E-03    47.6493   -1482.51    1.00000    1.95697E-10
   6    3.07692E-02   -4.00000E-03    47.6493   -1482.51    1.00000    1.95697E-10
   6    3.07692E-02   -2.00000E-03    47.6493   -1482.51    1.00000    1.95697E-10
   6    3.07692E-02  0.    47.6493   -1482.51    1.00000    1.95697E-10
   6    3.07692E-02    2.00000E-03    47.6493   -1482.51    1.00000    1.95697E-10
   6    3.07692E-02    4.00000E-03    47.6493   -1482.51    1.00000    1.95697E-10
   6    3.07692E-02    6.00000E-03    47.6493   -1482.51    1.00000    1.95697E-10
   6    3.07692E-02    8.00000E-03    47.6493   -1482.51    1.00000    1.95697E-10
   6    3.07692E-02    1.00000E-02    47.6493   -1482.51    1.00000    1.95697E-10
   6    3.07692E-02    1.20000E-02    47.6493   -1482.51    1.00000    1.95697E-10
   6    3.07692E-02    1.40000E-02    47.6493   -1482.51    1.00000    1.95697E-10
   6    3.07692E-02    1.60000E-02    47.6493   -1482.51    1.00000    1.95697E-10
   6    3.07692E-02    1.80000E-02    47.6493   -1482.51    1.00000    1.95697E-10
   6    3.07692E-02    2.00000E-02    47.6493   -1482.51    1.00000    1.95697E-10
   6    3.07692E-02    2.20000E-02    47.6493   -1482.51    1.00000    1.95697E-10
   6    3.07692E-02    2.40000E-02    47.6493   -1482.51    1.00000    1.95697E-10
   6    3.07692E-02    2.60000E-02    46.5419   -1448.01    1.00000    1.95709E-10
   6    3.07692E-02    2.80000E-02    44.4738   -1383.60    1.00000    1.95729E-10
   6    3.07692E-02    3.00000E-02    43.5050   -1353.51    1.00000    1.95716E-10
   6    3.07692E-02    3.20000E-02    41.6890   -1297.10    1.00000    1.95690E-10
   6    3.07692E-02    3.40000E-02    40.8404   -1270.59    1.00000    1.95716E-10
   6    3.07692E-02    3.60000E-02    40.0200   -1245.19    1.00000    1.95690E-10
   6    3.07692E-02    3.80000E-02    35.7290   -1111.74    1.00000    1.95665E-10
   6    3.07692E-02    4.00000E-02    32.2755  -1004.014    1.00000    1.95767E-10
   6    3.07692E-02    4.20000E-02    29.0029   -902.031    1.00000    1.95767E-10
   6    3.07692E-02    4.40000E-02    26.6758   -829.983    1.00000    1.95665E-10
   6    3.07692E-02    4.60000E-02    24.7072   -768.223    1.00000    1.95767E-10
   6    3.07692E-02    4.80000E-02    22.7353   -707.284    1.00000    1.95665E-10
   6    3.07692E-02    5.00000E-02    21.2740   -662.533    1.00000    1.95665E-10
