   8   -3.07692E-02   -4.80000E-02   -35.6745   -1108.93    1.00000    1.95767E-10
   8   -3.07692E-02   -4.60000E-02   -58.6780   -1822.99    1.00000    1.95563E-10
   8   -3.07692E-02   -4.40000E-02   -181.485   -5647.47    1.00000    1.95767E-10
   8   -3.07692E-02   -4.20000E-02    133.585    4156.05    1.00000    1.95716E-10
   8   -3.07692E-02   -4.00000E-02    51.3177    1596.63    1.00000    1.95702E-10
   8   -3.07692E-02   -3.80000E-02    47.6492    1482.51    1.00000    1.95697E-10
   8   -3.07692E-02   -3.60000E-02    47.6492    1482.51    1.00000    1.95697E-10
   8   -3.07692E-02   -3.40000E-02    47.6492    1482.51    1.00000    1.95697E-10
   8   -3.07692E-02   -3.20000E-02    47.6492    1482.51    1.00000    1.95697E-10
   8   -3.07692E-02   -3.00000E-02    47.6492    1482.51    1.00000    1.95697E-10
   8   -3.07692E-02   -2.80000E-02    47.6492    1482.51    1.00000    1.95697E-10
   8   -3.07692E-02   -2.60000E-02    47.6492    1482.51    1.00000    1.95697E-10
   8   -3.07692E-02   -2.40000E-02    47.6492    1482.51    1.00000    1.95697E-10
   8   -3.07692E-02   -2.20000E-02    47.6492    1482.51    1.00000    1.95697E-10
   8   -3.07692E-02   -2.00000E-02    47.6492    1482.51    1.00000    1.95697E-10
   8   -3.07692E-02   -1.80000E-02    47.6492    1482.51    1.00000    1.95697E-10
   8   -3.07692E-02   -1.60000E-02    47.6492    1482.51    1.00000    1.95697E-10
   8   -3.07692E-02   -1.40000E-02    47.6492    1482.51    1.00000    1.95697E-10
   8   -3.07692E-02   -1.20000E-02    47.6492    1482.51    1.00000    1.95697E-10
   8   -3.07692E-02   -1.00000E-02    47.6492    1482.51    1.00000    1.95697E-10
   8   -3.07692E-02   -8.00000E-03    47.6492    1482.51    1.00000    1.95697E-10
   8   -3.07692E-02   -6.00000E-03    47.6492    1482.51    1.00000    1.95697E-10
   8   -3.07692E-02   -4.00000E-03    47.6492    1482.51    1.00000    1.95697E-10
   8   -3.07692E-02   -2.00000E-03    47.6492    1482.51    1.00000    1.95697E-10
   8   -3.07692E-02  0.    47.6492    1482.51    1.00000    1.95697E-10
   8   -3.07692E-02    2.00000E-03    47.6492    1482.51    1.00000    1.95697E-10
   8   -3.07692E-02    4.00000E-03    47.6492    1482.51    1.00000    1.95697E-10
   8   -3.07692E-02    6.00000E-03    47.6492    1482.51    1.00000    1.95697E-10
   8   -3.07692E-02    8.00000E-03    47.6492    1482.51    1.00000    1.95697E-10
   8   -3.07692E-02    1.00000E-02    47.6492    1482.51    1.00000    1.95697E-10
   8   -3.07692E-02    1.20000E-02    47.6492    1482.51    1.00000    1.95697E-10
   8   -3.07692E-02    1.40000E-02    47.6492    1482.51    1.00000    1.95697E-10
   8   -3.07692E-02    1.60000E-02    47.6492    1482.51    1.00000    1.95697E-10
   8   -3.07692E-02    1.80000E-02    47.6492    1482.51    1.00000    1.95697E-10
   8   -3.07692E-02    2.00000E-02    47.6492    1482.51    1.00000    1.95697E-10
   8   -3.07692E-02    2.20000E-02    47.6492    1482.51    1.00000    1.95697E-10
   8   -3.07692E-02    2.40000E-02    47.6492    1482.51    1.00000    1.95697E-10
   8   -3.07692E-02    2.60000E-02    46.5405    1448.01    1.00000    1.95697E-10
   8   -3.07692E-02    2.80000E-02    44.4698    1383.62    1.00000    1.95690E-10
   8   -3.07692E-02    3.00000E-02    43.5016    1353.53    1.00000    1.95678E-10
   8   -3.07692E-02    3.20000E-02    41.6890    1297.10    1.00000    1.95690E-10
   8   -3.07692E-02    3.40000E-02    40.8377    1270.61    1.00000    1.95690E-10
   8   -3.07692E-02    3.60000E-02    40.0180    1245.21    1.00000    1.95665E-10
   8   -3.07692E-02    3.80000E-02    35.7340    1111.67    1.00000    1.95716E-10
   8   -3.07692E-02    4.00000E-02    32.2728   1004.061    1.00000    1.95716E-10
   8   -3.07692E-02    4.20000E-02    28.9919    902.283    1.00000    1.95614E-10
   8   -3.07692E-02    4.40000E-02    26.6758    829.982    1.00000    1.95665E-10
   8   -3.07692E-02    4.60000E-02    24.6944    768.640    1.00000    1.95665E-10
   8   -3.07692E-02    4.80000E-02    22.7271    707.596    1.00000    1.95665E-10
   8   -3.07692E-02    5.00000E-02    21.2836    662.123    1.00000    1.95665E-10
   8   -2.69231E-02   -4.80000E-02   -25.1174   -19.4447    1.00000    1.34855E-06
   8   -2.69231E-02   -4.60000E-02   0.288781    245.566    1.00000    6.07669E-10
   8   -2.69231E-02   -4.40000E-02   0.287819    244.753    1.00000    6.07669E-10
   8   -2.69231E-02   -4.20000E-02   0.286619    243.875    1.00000    6.06952E-10
   8   -2.69231E-02   -4.00000E-02   0.285721    243.039    1.00000    6.07310E-10
   8   -2.69231E-02   -3.80000E-02   0.285679    243.005    1.00000    6.07310E-10
   8   -2.69231E-02   -3.60000E-02   0.285679    243.005    1.00000    6.07310E-10
   8   -2.69231E-02   -3.40000E-02   0.285679    243.005    1.00000    6.07310E-10
   8   -2.69231E-02   -3.20000E-02   0.285679    243.005    1.00000    6.07310E-10
   8   -2.69231E-02   -3.00000E-02   0.285679    243.005    1.00000    6.07310E-10
   8   -2.69231E-02   -2.80000E-02   0.285679    243.005    1.00000    6.07310E-10
   8   -2.69231E-02   -2.60000E-02   0.285679    243.005    1.00000    6.07310E-10
   8   -2.69231E-02   -2.40000E-02   0.285679    243.005    1.00000    6.07310E-10
   8   -2.69231E-02   -2.20000E-02   0.285679    243.005    1.00000    6.07310E-10
   8   -2.69231E-02   -2.00000E-02   0.285679    243.005    1.00000    6.07310E-10
   8   -2.69231E-02   -1.80000E-02   0.285679    243.005    1.00000    6.07310E-10
   8   -2.69231E-02   -1.60000E-02   0.285679    243.005    1.00000    6.07310E-10
   8   -2.69231E-02   -1.40000E-02   0.285679    243.005    1.00000    6.07310E-10
   8   -2.69231E-02   -1.20000E-02   0.285679    243.005    1.00000    6.07310E-10
   8   -2.69231E-02   -1.00000E-02   0.285679    243.005    1.00000    6.07310E-10
   8   -2.69231E-02   -8.00000E-03   0.285679    243.005    1.00000    6.07310E-10
   8   -2.69231E-02   -6.00000E-03   0.285679    243.005    1.00000    6.07310E-10
   8   -2.69231E-02   -4.00000E-03   0.285679    243.005    1.00000    6.07310E-10
   8   -2.69231E-02   -2.00000E-03   0.285679    243.005    1.00000    6.07310E-10
   8   -2.69231E-02  0.   0.285679    243.005    1.00000    6.07310E-10
   8   -2.69231E-02    2.00000E-03   0.285679    243.005    1.00000    6.07310E-10
   8   -2.69231E-02    4.00000E-03   0.285679    243.005    1.00000    6.07310E-10
   8   -2.69231E-02    6.00000E-03   0.285679    243.005    1.00000    6.07310E-10
   8   -2.69231E-02    8.00000E-03   0.285679    243.005    1.00000    6.07310E-10
   8   -2.69231E-02    1.00000E-02   0.285679    243.005    1.00000    6.07310E-10
   8   -2.69231E-02    1.20000E-02   0.285679    243.005    1.00000    6.07310E-10
   8   -2.69231E-02    1.40000E-02   0.285679    243.005    1.00000    6.07310E-10
   8   -2.69231E-02    1.60000E-02   0.285679    243.005    1.00000    6.07310E-10
   8   -2.69231E-02    1.80000E-02   0.285679    243.005    1.00000    6.07310E-10
   8   -2.69231E-02    2.00000E-02   0.285679    243.005    1.00000    6.07310E-10
   8   -2.69231E-02    2.20000E-02   0.285679    243.005    1.00000    6.07310E-10
   8   -2.69231E-02    2.40000E-02   0.285679    243.005    1.00000    6.07310E-10
   8   -2.69231E-02    2.60000E-02   0.285639    242.970    1.00000    6.07310E-10
   8   -2.69231E-02    2.80000E-02   0.285557    242.901    1.00000    6.07310E-10
   8   -2.69231E-02    3.00000E-02   0.285432    242.866    1.00000    6.06952E-10
   8   -2.69231E-02    3.20000E-02   0.285392    242.831    1.00000    6.06952E-10
   8   -2.69231E-02    3.40000E-02   0.285310    242.762    1.00000    6.06952E-10
   8   -2.69231E-02    3.60000E-02   0.285606    242.727    1.00000    6.08387E-10
   8   -2.69231E-02    3.80000E-02   0.285402    242.553    1.00000    6.08387E-10
   8   -2.69231E-02    4.00000E-02   0.284950    242.312    1.00000    6.07669E-10
   8   -2.69231E-02    4.20000E-02   0.284707    242.105    1.00000    6.07669E-10
   8   -2.69231E-02    4.40000E-02   0.284424    241.864    1.00000    6.07669E-10
   8   -2.69231E-02    4.60000E-02   0.284183    241.658    1.00000    6.07669E-10
   8   -2.69231E-02    4.80000E-02   0.283937    241.452    1.00000    6.07669E-10
   8   -2.69231E-02    5.00000E-02   0.283990    241.210    1.00000    6.09105E-10
   8   -2.30769E-02   -4.80000E-02   -26.8546   -15.5032    1.00000    2.39686E-06
   8   -2.30769E-02   -4.60000E-02    28.3230    225.145    1.00000    2.39522E-05
   8   -2.30769E-02   -4.40000E-02   0.349013    132.351    1.00000    3.48464E-08
   8   -2.30769E-02   -4.20000E-02   0.347564    131.799    1.00000    3.48478E-08
   8   -2.30769E-02   -4.00000E-02   0.346114    131.252    1.00000    3.48464E-08
   8   -2.30769E-02   -3.80000E-02   0.346114    131.252    1.00000    3.48464E-08
   8   -2.30769E-02   -3.60000E-02   0.346114    131.252    1.00000    3.48464E-08
   8   -2.30769E-02   -3.40000E-02   0.346114    131.252    1.00000    3.48464E-08
   8   -2.30769E-02   -3.20000E-02   0.346114    131.252    1.00000    3.48464E-08
   8   -2.30769E-02   -3.00000E-02   0.346114    131.252    1.00000    3.48464E-08
   8   -2.30769E-02   -2.80000E-02   0.346114    131.252    1.00000    3.48464E-08
   8   -2.30769E-02   -2.60000E-02   0.346114    131.252    1.00000    3.48464E-08
   8   -2.30769E-02   -2.40000E-02   0.346114    131.252    1.00000    3.48464E-08
   8   -2.30769E-02   -2.20000E-02   0.346114    131.252    1.00000    3.48464E-08
   8   -2.30769E-02   -2.00000E-02   0.346114    131.252    1.00000    3.48464E-08
   8   -2.30769E-02   -1.80000E-02   0.346114    131.252    1.00000    3.48464E-08
   8   -2.30769E-02   -1.60000E-02   0.346114    131.252    1.00000    3.48464E-08
   8   -2.30769E-02   -1.40000E-02   0.346114    131.252    1.00000    3.48464E-08
   8   -2.30769E-02   -1.20000E-02   0.346114    131.252    1.00000    3.48464E-08
   8   -2.30769E-02   -1.00000E-02   0.346114    131.252    1.00000    3.48464E-08
   8   -2.30769E-02   -8.00000E-03   0.346114    131.252    1.00000    3.48464E-08
   8   -2.30769E-02   -6.00000E-03   0.346114    131.252    1.00000    3.48464E-08
   8   -2.30769E-02   -4.00000E-03   0.346114    131.252    1.00000    3.48464E-08
   8   -2.30769E-02   -2.00000E-03   0.346114    131.252    1.00000    3.48464E-08
   8   -2.30769E-02  0.   0.346114    131.252    1.00000    3.48464E-08
   8   -2.30769E-02    2.00000E-03   0.346114    131.252    1.00000    3.48464E-08
   8   -2.30769E-02    4.00000E-03   0.346114    131.252    1.00000    3.48464E-08
   8   -2.30769E-02    6.00000E-03   0.346114    131.252    1.00000    3.48464E-08
   8   -2.30769E-02    8.00000E-03   0.346114    131.252    1.00000    3.48464E-08
   8   -2.30769E-02    1.00000E-02   0.346114    131.252    1.00000    3.48464E-08
   8   -2.30769E-02    1.20000E-02   0.346114    131.252    1.00000    3.48464E-08
   8   -2.30769E-02    1.40000E-02   0.346114    131.252    1.00000    3.48464E-08
   8   -2.30769E-02    1.60000E-02   0.346114    131.252    1.00000    3.48464E-08
   8   -2.30769E-02    1.80000E-02   0.346114    131.252    1.00000    3.48464E-08
   8   -2.30769E-02    2.00000E-02   0.346114    131.252    1.00000    3.48464E-08
   8   -2.30769E-02    2.20000E-02   0.346114    131.252    1.00000    3.48464E-08
   8   -2.30769E-02    2.40000E-02   0.346114    131.252    1.00000    3.48464E-08
   8   -2.30769E-02    2.60000E-02   0.346053    131.229    1.00000    3.48464E-08
   8   -2.30769E-02    2.80000E-02   0.345886    131.207    1.00000    3.48247E-08
   8   -2.30769E-02    3.00000E-02   0.345875    131.161    1.00000    3.48464E-08
   8   -2.30769E-02    3.20000E-02   0.345760    131.138    1.00000    3.48356E-08
   8   -2.30769E-02    3.40000E-02   0.345696    131.093    1.00000    3.48464E-08
   8   -2.30769E-02    3.60000E-02   0.345634    131.070    1.00000    3.48464E-08
   8   -2.30769E-02    3.80000E-02   0.345389    130.957    1.00000    3.48573E-08
   8   -2.30769E-02    4.00000E-02   0.345086    130.821    1.00000    3.48682E-08
   8   -2.30769E-02    4.20000E-02   0.344565    130.664    1.00000    3.48464E-08
   8   -2.30769E-02    4.40000E-02   0.344419    130.528    1.00000    3.48899E-08
   8   -2.30769E-02    4.60000E-02   0.343794    130.372    1.00000    3.48464E-08
   8   -2.30769E-02    4.80000E-02   0.343547    130.237    1.00000    3.48682E-08
   8   -2.30769E-02    5.00000E-02   0.343079    130.104    1.00000    3.48464E-08
   8   -1.92308E-02   -4.80000E-02   -28.6665   -14.2741    1.00000    4.17945E-06
   8   -1.92308E-02   -4.60000E-02   -776.768   -1369.00    1.00000    1.12860E-04
   8   -1.92308E-02   -4.40000E-02    4.27404E-02    90.4973    1.00000    5.16034E-09
   8   -1.92308E-02   -4.20000E-02    4.27142E-02    90.4509    1.00000    5.15930E-09
   8   -1.92308E-02   -4.00000E-02    4.26249E-02    90.4085    1.00000    5.14259E-09
   8   -1.92308E-02   -3.80000E-02    4.26249E-02    90.4085    1.00000    5.14259E-09
   8   -1.92308E-02   -3.60000E-02    4.26249E-02    90.4085    1.00000    5.14259E-09
   8   -1.92308E-02   -3.40000E-02    4.26249E-02    90.4085    1.00000    5.14259E-09
   8   -1.92308E-02   -3.20000E-02    4.26249E-02    90.4085    1.00000    5.14259E-09
   8   -1.92308E-02   -3.00000E-02    4.26249E-02    90.4085    1.00000    5.14259E-09
   8   -1.92308E-02   -2.80000E-02    4.26249E-02    90.4085    1.00000    5.14259E-09
   8   -1.92308E-02   -2.60000E-02    4.26249E-02    90.4085    1.00000    5.14259E-09
   8   -1.92308E-02   -2.40000E-02    4.26249E-02    90.4085    1.00000    5.14259E-09
   8   -1.92308E-02   -2.20000E-02    4.26249E-02    90.4085    1.00000    5.14259E-09
   8   -1.92308E-02   -2.00000E-02    4.26249E-02    90.4085    1.00000    5.14259E-09
   8   -1.92308E-02   -1.80000E-02    4.26249E-02    90.4085    1.00000    5.14259E-09
   8   -1.92308E-02   -1.60000E-02    4.26249E-02    90.4085    1.00000    5.14259E-09
   8   -1.92308E-02   -1.40000E-02    4.26249E-02    90.4085    1.00000    5.14259E-09
   8   -1.92308E-02   -1.20000E-02    4.26249E-02    90.4085    1.00000    5.14259E-09
   8   -1.92308E-02   -1.00000E-02    4.26249E-02    90.4085    1.00000    5.14259E-09
   8   -1.92308E-02   -8.00000E-03    4.26249E-02    90.4085    1.00000    5.14259E-09
   8   -1.92308E-02   -6.00000E-03    4.26249E-02    90.4085    1.00000    5.14259E-09
   8   -1.92308E-02   -4.00000E-03    4.26249E-02    90.4085    1.00000    5.14259E-09
   8   -1.92308E-02   -2.00000E-03    4.26249E-02    90.4085    1.00000    5.14259E-09
   8   -1.92308E-02  0.    4.26249E-02    90.4085    1.00000    5.14259E-09
   8   -1.92308E-02    2.00000E-03    4.26249E-02    90.4085    1.00000    5.14259E-09
   8   -1.92308E-02    4.00000E-03    4.26249E-02    90.4085    1.00000    5.14259E-09
   8   -1.92308E-02    6.00000E-03    4.26249E-02    90.4085    1.00000    5.14259E-09
   8   -1.92308E-02    8.00000E-03    4.26249E-02    90.4085    1.00000    5.14259E-09
   8   -1.92308E-02    1.00000E-02    4.26249E-02    90.4085    1.00000    5.14259E-09
   8   -1.92308E-02    1.20000E-02    4.26249E-02    90.4085    1.00000    5.14259E-09
   8   -1.92308E-02    1.40000E-02    4.26249E-02    90.4085    1.00000    5.14259E-09
   8   -1.92308E-02    1.60000E-02    4.26249E-02    90.4085    1.00000    5.14259E-09
   8   -1.92308E-02    1.80000E-02    4.26249E-02    90.4085    1.00000    5.14259E-09
   8   -1.92308E-02    2.00000E-02    4.26249E-02    90.4085    1.00000    5.14259E-09
   8   -1.92308E-02    2.20000E-02    4.26249E-02    90.4085    1.00000    5.14259E-09
   8   -1.92308E-02    2.40000E-02    4.26249E-02    90.4085    1.00000    5.14259E-09
   8   -1.92308E-02    2.60000E-02    4.26932E-02    90.4065    1.00000    5.15930E-09
   8   -1.92308E-02    2.80000E-02    4.26924E-02    90.4045    1.00000    5.15930E-09
   8   -1.92308E-02    3.00000E-02    4.25867E-02    90.4009    1.00000    5.13424E-09
   8   -1.92308E-02    3.20000E-02    4.26550E-02    90.3988    1.00000    5.15094E-09
   8   -1.92308E-02    3.40000E-02    4.26532E-02    90.3950    1.00000    5.15094E-09
   8   -1.92308E-02    3.60000E-02    4.26869E-02    90.3930    1.00000    5.15930E-09
   8   -1.92308E-02    3.80000E-02    4.26487E-02    90.3853    1.00000    5.15094E-09
   8   -1.92308E-02    4.00000E-02    4.26076E-02    90.3719    1.00000    5.14259E-09
   8   -1.92308E-02    4.20000E-02    4.26013E-02    90.3585    1.00000    5.14259E-09
   8   -1.92308E-02    4.40000E-02    4.26650E-02    90.3467    1.00000    5.15930E-09
   8   -1.92308E-02    4.60000E-02    4.26594E-02    90.3351    1.00000    5.15930E-09
   8   -1.92308E-02    4.80000E-02    4.25149E-02    90.3222    1.00000    5.12590E-09
   8   -1.92308E-02    5.00000E-02    1.72832    84.0587    1.00000    7.88517E-06
   8   -1.53846E-02   -4.80000E-02   -30.2166   -12.3328    1.00000    5.30401E-06
   8   -1.53846E-02   -4.60000E-02   -89.7036   -33.1742    1.00000    8.79520E-05
   8   -1.53846E-02   -4.40000E-02    15.2078    71.7914    1.00000    4.43519E-04
   8   -1.53846E-02   -4.20000E-02    6.61671E-02    68.8429    1.00000    6.33185E-08
   8   -1.53846E-02   -4.00000E-02    6.61059E-02    68.7952    1.00000    6.32892E-08
   8   -1.53846E-02   -3.80000E-02    6.61059E-02    68.7952    1.00000    6.32892E-08
   8   -1.53846E-02   -3.60000E-02    6.61059E-02    68.7952    1.00000    6.32892E-08
   8   -1.53846E-02   -3.40000E-02    6.61059E-02    68.7952    1.00000    6.32892E-08
   8   -1.53846E-02   -3.20000E-02    6.61059E-02    68.7952    1.00000    6.32892E-08
   8   -1.53846E-02   -3.00000E-02    6.61059E-02    68.7952    1.00000    6.32892E-08
   8   -1.53846E-02   -2.80000E-02    6.61059E-02    68.7952    1.00000    6.32892E-08
   8   -1.53846E-02   -2.60000E-02    6.61059E-02    68.7952    1.00000    6.32892E-08
   8   -1.53846E-02   -2.40000E-02    6.61059E-02    68.7952    1.00000    6.32892E-08
   8   -1.53846E-02   -2.20000E-02    6.61059E-02    68.7952    1.00000    6.32892E-08
   8   -1.53846E-02   -2.00000E-02    6.61059E-02    68.7952    1.00000    6.32892E-08
   8   -1.53846E-02   -1.80000E-02    6.61059E-02    68.7952    1.00000    6.32892E-08
   8   -1.53846E-02   -1.60000E-02    6.61059E-02    68.7952    1.00000    6.32892E-08
   8   -1.53846E-02   -1.40000E-02    6.61059E-02    68.7952    1.00000    6.32892E-08
   8   -1.53846E-02   -1.20000E-02    6.61059E-02    68.7952    1.00000    6.32892E-08
   8   -1.53846E-02   -1.00000E-02    6.61059E-02    68.7952    1.00000    6.32892E-08
   8   -1.53846E-02   -8.00000E-03    6.61059E-02    68.7952    1.00000    6.32892E-08
   8   -1.53846E-02   -6.00000E-03    6.61059E-02    68.7952    1.00000    6.32892E-08
   8   -1.53846E-02   -4.00000E-03    6.61059E-02    68.7952    1.00000    6.32892E-08
   8   -1.53846E-02   -2.00000E-03    6.61059E-02    68.7952    1.00000    6.32892E-08
   8   -1.53846E-02  0.    6.61059E-02    68.7952    1.00000    6.32892E-08
   8   -1.53846E-02    2.00000E-03    6.61059E-02    68.7952    1.00000    6.32892E-08
   8   -1.53846E-02    4.00000E-03    6.61059E-02    68.7952    1.00000    6.32892E-08
   8   -1.53846E-02    6.00000E-03    6.61059E-02    68.7952    1.00000    6.32892E-08
   8   -1.53846E-02    8.00000E-03    6.61059E-02    68.7952    1.00000    6.32892E-08
   8   -1.53846E-02    1.00000E-02    6.61059E-02    68.7952    1.00000    6.32892E-08
   8   -1.53846E-02    1.20000E-02    6.61059E-02    68.7952    1.00000    6.32892E-08
   8   -1.53846E-02    1.40000E-02    6.61059E-02    68.7952    1.00000    6.32892E-08
   8   -1.53846E-02    1.60000E-02    6.61059E-02    68.7952    1.00000    6.32892E-08
   8   -1.53846E-02    1.80000E-02    6.61059E-02    68.7952    1.00000    6.32892E-08
   8   -1.53846E-02    2.00000E-02    6.61059E-02    68.7952    1.00000    6.32892E-08
   8   -1.53846E-02    2.20000E-02    6.61059E-02    68.7952    1.00000    6.32892E-08
   8   -1.53846E-02    2.40000E-02    6.61059E-02    68.7952    1.00000    6.32892E-08
   8   -1.53846E-02    2.60000E-02    6.61037E-02    68.7929    1.00000    6.32892E-08
   8   -1.53846E-02    2.80000E-02    6.61015E-02    68.7906    1.00000    6.32892E-08
   8   -1.53846E-02    3.00000E-02    6.60972E-02    68.7861    1.00000    6.32892E-08
   8   -1.53846E-02    3.20000E-02    6.61561E-02    68.7837    1.00000    6.34064E-08
   8   -1.53846E-02    3.40000E-02    6.60928E-02    68.7815    1.00000    6.32892E-08
   8   -1.53846E-02    3.60000E-02    6.60884E-02    68.7770    1.00000    6.32892E-08
   8   -1.53846E-02    3.80000E-02    6.61102E-02    68.7678    1.00000    6.33478E-08
   8   -1.53846E-02    4.00000E-02    6.60644E-02    68.7520    1.00000    6.32892E-08
   8   -1.53846E-02    4.20000E-02    6.60209E-02    68.7384    1.00000    6.32307E-08
   8   -1.53846E-02    4.40000E-02    1.06870    66.2107    1.00000    1.51667E-05
   8   -1.53846E-02    4.60000E-02    4.52029    56.6836    1.00000    1.96995E-04
   8   -1.53846E-02    4.80000E-02    8.08543    45.2906    1.00000    4.15283E-04
   8   -1.53846E-02    5.00000E-02   10.23567    37.2346    1.00000    4.39731E-04
   8   -1.15385E-02   -5.00000E-02   -19.0993   -10.9898    1.00000    6.78495E-10
   8   -1.15385E-02   -4.80000E-02   -31.5036   -10.7557    1.00000    6.42122E-06
   8   -1.15385E-02   -4.60000E-02  -100.6326   -33.9818    1.00000    9.43773E-05
   8   -1.15385E-02   -4.40000E-02    22.5326    55.0759    1.00000    6.84172E-04
   8   -1.15385E-02   -4.20000E-02    2.90902    53.1174    1.00000    2.77946E-04
   8   -1.15385E-02   -4.00000E-02    8.96568E-02    55.4333    1.00000    4.19862E-07
   8   -1.15385E-02   -3.80000E-02    8.96568E-02    55.4333    1.00000    4.19862E-07
   8   -1.15385E-02   -3.60000E-02    8.96568E-02    55.4333    1.00000    4.19862E-07
   8   -1.15385E-02   -3.40000E-02    8.96568E-02    55.4333    1.00000    4.19862E-07
   8   -1.15385E-02   -3.20000E-02    8.96568E-02    55.4333    1.00000    4.19862E-07
   8   -1.15385E-02   -3.00000E-02    8.96568E-02    55.4333    1.00000    4.19862E-07
   8   -1.15385E-02   -2.80000E-02    8.96568E-02    55.4333    1.00000    4.19862E-07
   8   -1.15385E-02   -2.60000E-02    8.96568E-02    55.4333    1.00000    4.19862E-07
   8   -1.15385E-02   -2.40000E-02    8.96568E-02    55.4333    1.00000    4.19862E-07
   8   -1.15385E-02   -2.20000E-02    8.96568E-02    55.4333    1.00000    4.19862E-07
   8   -1.15385E-02   -2.00000E-02    8.96568E-02    55.4333    1.00000    4.19862E-07
   8   -1.15385E-02   -1.80000E-02    8.96568E-02    55.4333    1.00000    4.19862E-07
   8   -1.15385E-02   -1.60000E-02    8.96568E-02    55.4333    1.00000    4.19862E-07
   8   -1.15385E-02   -1.40000E-02    8.96568E-02    55.4333    1.00000    4.19862E-07
   8   -1.15385E-02   -1.20000E-02    8.96568E-02    55.4333    1.00000    4.19862E-07
   8   -1.15385E-02   -1.00000E-02    8.96568E-02    55.4333    1.00000    4.19862E-07
   8   -1.15385E-02   -8.00000E-03    8.96568E-02    55.4333    1.00000    4.19862E-07
   8   -1.15385E-02   -6.00000E-03    8.96568E-02    55.4333    1.00000    4.19862E-07
   8   -1.15385E-02   -4.00000E-03    8.96568E-02    55.4333    1.00000    4.19862E-07
   8   -1.15385E-02   -2.00000E-03    8.96568E-02    55.4333    1.00000    4.19862E-07
   8   -1.15385E-02  0.    8.96568E-02    55.4333    1.00000    4.19862E-07
   8   -1.15385E-02    2.00000E-03    8.96568E-02    55.4333    1.00000    4.19862E-07
   8   -1.15385E-02    4.00000E-03    8.96568E-02    55.4333    1.00000    4.19862E-07
   8   -1.15385E-02    6.00000E-03    8.96568E-02    55.4333    1.00000    4.19862E-07
   8   -1.15385E-02    8.00000E-03    8.96568E-02    55.4333    1.00000    4.19862E-07
   8   -1.15385E-02    1.00000E-02    8.96568E-02    55.4333    1.00000    4.19862E-07
   8   -1.15385E-02    1.20000E-02    8.96568E-02    55.4333    1.00000    4.19862E-07
   8   -1.15385E-02    1.40000E-02    8.96568E-02    55.4333    1.00000    4.19862E-07
   8   -1.15385E-02    1.60000E-02    8.96568E-02    55.4333    1.00000    4.19862E-07
   8   -1.15385E-02    1.80000E-02    8.96568E-02    55.4333    1.00000    4.19862E-07
   8   -1.15385E-02    2.00000E-02    8.96568E-02    55.4333    1.00000    4.19862E-07
   8   -1.15385E-02    2.20000E-02    8.96568E-02    55.4333    1.00000    4.19862E-07
   8   -1.15385E-02    2.40000E-02    8.96568E-02    55.4333    1.00000    4.19862E-07
   8   -1.15385E-02    2.60000E-02    8.96528E-02    55.4308    1.00000    4.19862E-07
   8   -1.15385E-02    2.80000E-02    8.96486E-02    55.4283    1.00000    4.19862E-07
   8   -1.15385E-02    3.00000E-02    8.96405E-02    55.4233    1.00000    4.19862E-07
   8   -1.15385E-02    3.20000E-02    8.96367E-02    55.4208    1.00000    4.19862E-07
   8   -1.15385E-02    3.40000E-02    8.96327E-02    55.4184    1.00000    4.19862E-07
   8   -1.15385E-02    3.60000E-02    8.96567E-02    55.4133    1.00000    4.20164E-07
   8   -1.15385E-02    3.80000E-02   0.381233    54.8969    1.00000    7.30458E-06
   8   -1.15385E-02    4.00000E-02    3.12922    49.5475    1.00000    3.40702E-04
   8   -1.15385E-02    4.20000E-02    5.46272    44.2238    1.00000    7.48184E-04
   8   -1.15385E-02    4.40000E-02    7.87789    37.8559    1.00000    1.03474E-03
   8   -1.15385E-02    4.60000E-02    9.48978    32.9576    1.00000    9.98575E-04
   8   -1.15385E-02    4.80000E-02   10.37017    29.6683    1.00000    6.36400E-04
   8   -1.15385E-02    5.00000E-02    12.2417    23.5970    1.00000    4.96514E-04
   8   -7.69231E-03   -5.00000E-02   -19.4650   -3.98397    1.00000    1.44805E-09
   8   -7.69231E-03   -4.80000E-02   -32.5255   -9.22902    1.00000    6.60871E-06
   8   -7.69231E-03   -4.60000E-02   -109.067   -33.2783    1.00000    9.19955E-05
   8   -7.69231E-03   -4.40000E-02    55.0249    33.5202    1.00000    8.99221E-04
   8   -7.69231E-03   -4.20000E-02    9.05561    38.3773    1.00000    2.14220E-03
   8   -7.69231E-03   -4.00000E-02    2.27326    43.4216    1.00000    5.26537E-04
   8   -7.69231E-03   -3.80000E-02    2.27326    43.4216    1.00000    5.26537E-04
   8   -7.69231E-03   -3.60000E-02    2.27326    43.4216    1.00000    5.26537E-04
   8   -7.69231E-03   -3.40000E-02    2.32892    43.3445    1.00000    5.47165E-04
   8   -7.69231E-03   -3.20000E-02    2.32892    43.3445    1.00000    5.47165E-04
   8   -7.69231E-03   -3.00000E-02    2.32892    43.3445    1.00000    5.47165E-04
   8   -7.69231E-03   -2.80000E-02    2.32892    43.3445    1.00000    5.47165E-04
   8   -7.69231E-03   -2.60000E-02    2.32892    43.3445    1.00000    5.47165E-04
   8   -7.69231E-03   -2.40000E-02    2.32892    43.3445    1.00000    5.47165E-04
   8   -7.69231E-03   -2.20000E-02    2.32892    43.3445    1.00000    5.47165E-04
   8   -7.69231E-03   -2.00000E-02    2.38470    43.2673    1.00000    5.67990E-04
   8   -7.69231E-03   -1.80000E-02    2.38470    43.2673    1.00000    5.67990E-04
   8   -7.69231E-03   -1.60000E-02    2.38470    43.2673    1.00000    5.67990E-04
   8   -7.69231E-03   -1.40000E-02    2.38470    43.2673    1.00000    5.67990E-04
   8   -7.69231E-03   -1.20000E-02    2.38470    43.2673    1.00000    5.67990E-04
   8   -7.69231E-03   -1.00000E-02    2.38470    43.2673    1.00000    5.67990E-04
   8   -7.69231E-03   -8.00000E-03    2.44058    43.1900    1.00000    5.88989E-04
   8   -7.69231E-03   -6.00000E-03    2.44058    43.1900    1.00000    5.88989E-04
   8   -7.69231E-03   -4.00000E-03    2.44058    43.1900    1.00000    5.88989E-04
   8   -7.69231E-03   -2.00000E-03    2.44058    43.1900    1.00000    5.88989E-04
   8   -7.69231E-03  0.    2.44058    43.1900    1.00000    5.88989E-04
   8   -7.69231E-03    2.00000E-03    2.49653    43.1126    1.00000    6.10151E-04
   8   -7.69231E-03    4.00000E-03    2.49653    43.1126    1.00000    6.10151E-04
   8   -7.69231E-03    6.00000E-03    2.49653    43.1126    1.00000    6.10151E-04
   8   -7.69231E-03    8.00000E-03    2.49653    43.1126    1.00000    6.10151E-04
   8   -7.69231E-03    1.00000E-02    2.49653    43.1126    1.00000    6.10151E-04
   8   -7.69231E-03    1.20000E-02    2.49653    43.1126    1.00000    6.10151E-04
   8   -7.69231E-03    1.40000E-02    2.55260    43.0351    1.00000    6.31476E-04
   8   -7.69231E-03    1.60000E-02    2.55260    43.0351    1.00000    6.31476E-04
   8   -7.69231E-03    1.80000E-02    2.55260    43.0351    1.00000    6.31476E-04
   8   -7.69231E-03    2.00000E-02    2.55260    43.0351    1.00000    6.31476E-04
   8   -7.69231E-03    2.20000E-02    2.55260    43.0351    1.00000    6.31476E-04
   8   -7.69231E-03    2.40000E-02    2.60875    42.9575    1.00000    6.52940E-04
   8   -7.69231E-03    2.60000E-02    2.77402    42.6647    1.00000    7.18151E-04
   8   -7.69231E-03    2.80000E-02    2.93918    42.3648    1.00000    7.84286E-04
   8   -7.69231E-03    3.00000E-02    3.16077    41.9760    1.00000    8.73460E-04
   8   -7.69231E-03    3.20000E-02    3.77429    40.9166    1.00000    1.11962E-03
   8   -7.69231E-03    3.40000E-02    4.05217    40.4109    1.00000    1.22957E-03
   8   -7.69231E-03    3.60000E-02    4.66195    39.2818    1.00000    1.46056E-03
   8   -7.69231E-03    3.80000E-02    5.79863    37.0100    1.00000    1.83145E-03
   8   -7.69231E-03    4.00000E-02    7.62603    32.9119    1.00000    2.14033E-03
   8   -7.69231E-03    4.20000E-02    8.87084    29.7030    1.00000    1.98309E-03
   8   -7.69231E-03    4.40000E-02   10.49822    25.4623    1.00000    1.68881E-03
   8   -7.69231E-03    4.60000E-02    11.9821    21.2948    1.00000    1.31605E-03
   8   -7.69231E-03    4.80000E-02    15.8417    9.59379    1.00000    8.57446E-04
   8   -7.69231E-03    5.00000E-02    16.8379    5.89607    1.00000    4.04686E-04
   8   -3.84615E-03   -5.00000E-02   -19.7867   -4.99457    1.00000    3.82488E-09
   8   -3.84615E-03   -4.80000E-02   -33.0498   -7.42876    1.00000    5.22389E-06
   8   -3.84615E-03   -4.60000E-02   -115.750   -33.3026    1.00000    9.52939E-05
   8   -3.84615E-03   -4.40000E-02    69.7125    20.8457    1.00000    5.02608E-04
   8   -3.84615E-03   -4.20000E-02    10.8550    30.6847    1.00000    2.38099E-03
   8   -3.84615E-03   -4.00000E-02    6.08150    31.8208    1.00000    3.72117E-03
   8   -3.84615E-03   -3.80000E-02    6.08150    31.8208    1.00000    3.72117E-03
   8   -3.84615E-03   -3.60000E-02    6.08150    31.8208    1.00000    3.72117E-03
   8   -3.84615E-03   -3.40000E-02    6.08150    31.8208    1.00000    3.72117E-03
   8   -3.84615E-03   -3.20000E-02    6.08150    31.8208    1.00000    3.72117E-03
   8   -3.84615E-03   -3.00000E-02    6.08150    31.8208    1.00000    3.72117E-03
   8   -3.84615E-03   -2.80000E-02    6.08150    31.8208    1.00000    3.72117E-03
   8   -3.84615E-03   -2.60000E-02    6.08150    31.8208    1.00000    3.72117E-03
   8   -3.84615E-03   -2.40000E-02    6.08150    31.8208    1.00000    3.72117E-03
   8   -3.84615E-03   -2.20000E-02    6.08150    31.8208    1.00000    3.72117E-03
   8   -3.84615E-03   -2.00000E-02    6.08150    31.8208    1.00000    3.72117E-03
   8   -3.84615E-03   -1.80000E-02    6.08150    31.8208    1.00000    3.72117E-03
   8   -3.84615E-03   -1.60000E-02    6.08150    31.8208    1.00000    3.72117E-03
   8   -3.84615E-03   -1.40000E-02    6.08150    31.8208    1.00000    3.72117E-03
   8   -3.84615E-03   -1.20000E-02    6.08150    31.8208    1.00000    3.72117E-03
   8   -3.84615E-03   -1.00000E-02    6.08150    31.8208    1.00000    3.72117E-03
   8   -3.84615E-03   -8.00000E-03    6.08150    31.8208    1.00000    3.72117E-03
   8   -3.84615E-03   -6.00000E-03    6.08150    31.8208    1.00000    3.72117E-03
   8   -3.84615E-03   -4.00000E-03    6.08150    31.8208    1.00000    3.72117E-03
   8   -3.84615E-03   -2.00000E-03    6.08150    31.8208    1.00000    3.72117E-03
   8   -3.84615E-03  0.    6.08150    31.8208    1.00000    3.72117E-03
   8   -3.84615E-03    2.00000E-03    6.08150    31.8208    1.00000    3.72117E-03
   8   -3.84615E-03    4.00000E-03    6.08150    31.8208    1.00000    3.72117E-03
   8   -3.84615E-03    6.00000E-03    6.08150    31.8208    1.00000    3.72117E-03
   8   -3.84615E-03    8.00000E-03    6.08150    31.8208    1.00000    3.72117E-03
   8   -3.84615E-03    1.00000E-02    6.08150    31.8208    1.00000    3.72117E-03
   8   -3.84615E-03    1.20000E-02    6.08150    31.8208    1.00000    3.72117E-03
   8   -3.84615E-03    1.40000E-02    6.08150    31.8208    1.00000    3.72117E-03
   8   -3.84615E-03    1.60000E-02    6.08150    31.8208    1.00000    3.72117E-03
   8   -3.84615E-03    1.80000E-02    6.08150    31.8208    1.00000    3.72117E-03
   8   -3.84615E-03    2.00000E-02    6.08150    31.8208    1.00000    3.72117E-03
   8   -3.84615E-03    2.20000E-02    6.08150    31.8208    1.00000    3.72117E-03
   8   -3.84615E-03    2.40000E-02    6.08150    31.8208    1.00000    3.72117E-03
   8   -3.84615E-03    2.60000E-02    6.28477    31.4331    1.00000    3.78521E-03
   8   -3.84615E-03    2.80000E-02    6.52818    30.9865    1.00000    3.84518E-03
   8   -3.84615E-03    3.00000E-02    6.72336    30.5975    1.00000    3.88090E-03
   8   -3.84615E-03    3.20000E-02    7.14126    29.7676    1.00000    3.91244E-03
   8   -3.84615E-03    3.40000E-02    7.32076    29.3853    1.00000    3.90548E-03
   8   -3.84615E-03    3.60000E-02    7.83324    28.4417    1.00000    3.97540E-03
   8   -3.84615E-03    3.80000E-02    8.68913    26.8580    1.00000    3.89728E-03
   8   -3.84615E-03    4.00000E-02    9.78934    24.7859    1.00000    3.44127E-03
   8   -3.84615E-03    4.20000E-02    11.2271    21.5217    1.00000    2.81136E-03
   8   -3.84615E-03    4.40000E-02    12.5159    18.2290    1.00000    1.99672E-03
   8   -3.84615E-03    4.60000E-02    15.7035    9.26291    1.00000    1.23016E-03
   8   -3.84615E-03    4.80000E-02    16.4934    6.67207    1.00000    7.15172E-04
   8   -3.84615E-03    5.00000E-02    17.2091    4.22730    1.00000    2.71114E-04
   8  0.   -5.00000E-02   -19.7877   0.368595    1.00000    7.19743E-11
   8  0.   -4.80000E-02   -33.2645   -5.88979    1.00000    4.24323E-06
   8  0.   -4.60000E-02   -115.061   -29.4910    1.00000    8.53738E-05
   8  0.   -4.40000E-02    69.3549    21.2839    1.00000    5.18385E-04
   8  0.   -4.20000E-02    21.6407    13.8586    1.00000    2.80270E-03
   8  0.   -4.00000E-02    9.09186    23.6663    1.00000    7.44015E-03
   8  0.   -3.80000E-02    9.09186    23.6663    1.00000    7.44015E-03
   8  0.   -3.60000E-02    9.09186    23.6663    1.00000    7.44015E-03
   8  0.   -3.40000E-02    9.09186    23.6663    1.00000    7.44015E-03
   8  0.   -3.20000E-02    9.09186    23.6663    1.00000    7.44015E-03
   8  0.   -3.00000E-02    9.09186    23.6663    1.00000    7.44015E-03
   8  0.   -2.80000E-02    9.09186    23.6663    1.00000    7.44015E-03
   8  0.   -2.60000E-02    9.09186    23.6663    1.00000    7.44015E-03
   8  0.   -2.40000E-02    9.09186    23.6663    1.00000    7.44015E-03
   8  0.   -2.20000E-02    9.09186    23.6663    1.00000    7.44015E-03
   8  0.   -2.00000E-02    9.09186    23.6663    1.00000    7.44015E-03
   8  0.   -1.80000E-02    9.09186    23.6663    1.00000    7.44015E-03
   8  0.   -1.60000E-02    9.09186    23.6663    1.00000    7.44015E-03
   8  0.   -1.40000E-02    9.09186    23.6663    1.00000    7.44015E-03
   8  0.   -1.20000E-02    9.09186    23.6663    1.00000    7.44015E-03
   8  0.   -1.00000E-02    9.09186    23.6663    1.00000    7.44015E-03
   8  0.   -8.00000E-03    9.09186    23.6663    1.00000    7.44015E-03
   8  0.   -6.00000E-03    9.09186    23.6663    1.00000    7.44015E-03
   8  0.   -4.00000E-03    9.09186    23.6663    1.00000    7.44015E-03
   8  0.   -2.00000E-03    9.09186    23.6663    1.00000    7.44015E-03
   8  0.  0.    9.09186    23.6663    1.00000    7.44015E-03
   8  0.    2.00000E-03    9.09186    23.6663    1.00000    7.44015E-03
   8  0.    4.00000E-03    9.09186    23.6663    1.00000    7.44015E-03
   8  0.    6.00000E-03    9.09186    23.6663    1.00000    7.44015E-03
   8  0.    8.00000E-03    9.11356    23.6535    1.00000    7.47204E-03
   8  0.    1.00000E-02    9.11356    23.6535    1.00000    7.47204E-03
   8  0.    1.20000E-02    9.11356    23.6535    1.00000    7.47204E-03
   8  0.    1.40000E-02    9.11356    23.6535    1.00000    7.47204E-03
   8  0.    1.60000E-02    9.11356    23.6535    1.00000    7.47204E-03
   8  0.    1.80000E-02    8.73686    24.5107    1.00000    6.99580E-03
   8  0.    2.00000E-02    8.28096    25.5458    1.00000    6.41202E-03
   8  0.    2.20000E-02    7.87583    26.4638    1.00000    5.89254E-03
   8  0.    2.40000E-02    7.45709    27.4110    1.00000    5.36037E-03
   8  0.    2.60000E-02    7.24256    28.0113    1.00000    4.86971E-03
   8  0.    2.80000E-02    7.23819    28.4286    1.00000    4.61663E-03
   8  0.    3.00000E-02    7.19093    28.9146    1.00000    4.37252E-03
   8  0.    3.20000E-02    7.32271    29.0302    1.00000    4.08412E-03
   8  0.    3.40000E-02    7.32076    29.3853    1.00000    3.90548E-03
   8  0.    3.60000E-02    7.50435    29.3376    1.00000    3.68094E-03
   8  0.    3.80000E-02    7.88776    28.7847    1.00000    3.26872E-03
   8  0.    4.00000E-02    8.51121    27.5157    1.00000    2.63461E-03
   8  0.    4.20000E-02    9.52074    25.4146    1.00000    2.04754E-03
   8  0.    4.40000E-02    10.7025    22.6630    1.00000    1.47762E-03
   8  0.    4.60000E-02    15.5527    9.96156    1.00000    1.21820E-03
   8  0.    4.80000E-02    16.3234    7.39302    1.00000    7.76390E-04
   8  0.    5.00000E-02    17.4210    3.29403    1.00000    1.90475E-04
   8    3.84615E-03   -5.00000E-02   -19.7461   0.749832    1.00000    2.63263E-10
   8    3.84615E-03   -4.80000E-02   -33.0088   -4.10681    1.00000    2.45369E-06
   8    3.84615E-03   -4.60000E-02   -113.743   -27.9185    1.00000    8.07144E-05
   8    3.84615E-03   -4.40000E-02    70.1056    22.4979    1.00000    5.27204E-04
   8    3.84615E-03   -4.20000E-02    25.1702    8.31395    1.00000    1.83221E-03
   8    3.84615E-03   -4.00000E-02    10.8104    19.1573    1.00000    9.23564E-03
   8    3.84615E-03   -3.80000E-02    10.8104    19.1573    1.00000    9.23564E-03
   8    3.84615E-03   -3.60000E-02    10.8104    19.1573    1.00000    9.23564E-03
   8    3.84615E-03   -3.40000E-02    10.8104    19.1573    1.00000    9.23564E-03
   8    3.84615E-03   -3.20000E-02    10.8104    19.1573    1.00000    9.23564E-03
   8    3.84615E-03   -3.00000E-02    10.8104    19.1573    1.00000    9.23564E-03
   8    3.84615E-03   -2.80000E-02    10.8104    19.1573    1.00000    9.23564E-03
   8    3.84615E-03   -2.60000E-02    10.8650    19.0338    1.00000    9.28637E-03
   8    3.84615E-03   -2.40000E-02    10.8650    19.0338    1.00000    9.28637E-03
   8    3.84615E-03   -2.20000E-02    10.8650    19.0338    1.00000    9.28637E-03
   8    3.84615E-03   -2.00000E-02    10.8650    19.0338    1.00000    9.28637E-03
   8    3.84615E-03   -1.80000E-02    10.8650    19.0338    1.00000    9.28637E-03
   8    3.84615E-03   -1.60000E-02    10.8650    19.0338    1.00000    9.28637E-03
   8    3.84615E-03   -1.40000E-02    10.8650    19.0338    1.00000    9.28637E-03
   8    3.84615E-03   -1.20000E-02    10.8650    19.0338    1.00000    9.28637E-03
   8    3.84615E-03   -1.00000E-02    10.8650    19.0338    1.00000    9.28637E-03
   8    3.84615E-03   -8.00000E-03    10.8650    19.0338    1.00000    9.28637E-03
   8    3.84615E-03   -6.00000E-03    10.8650    19.0338    1.00000    9.28637E-03
   8    3.84615E-03   -4.00000E-03    10.9194    18.9108    1.00000    9.33607E-03
   8    3.84615E-03   -2.00000E-03    10.9194    18.9108    1.00000    9.33607E-03
   8    3.84615E-03  0.    10.9194    18.9108    1.00000    9.33607E-03
   8    3.84615E-03    2.00000E-03    10.9194    18.9108    1.00000    9.33607E-03
   8    3.84615E-03    4.00000E-03    10.5888    19.6579    1.00000    9.02147E-03
   8    3.84615E-03    6.00000E-03   10.13081    20.6902    1.00000    8.54245E-03
   8    3.84615E-03    8.00000E-03    9.65271    21.7649    1.00000    8.00114E-03
   8    3.84615E-03    1.00000E-02    9.15385    22.8838    1.00000    7.40497E-03
   8    3.84615E-03    1.20000E-02    8.69995    23.8998    1.00000    6.84515E-03
   8    3.84615E-03    1.40000E-02    8.22917    24.9519    1.00000    6.25626E-03
   8    3.84615E-03    1.60000E-02    7.77595    26.0046    1.00000    5.69424E-03
   8    3.84615E-03    1.80000E-02    7.45043    26.8554    1.00000    5.30287E-03
   8    3.84615E-03    2.00000E-02    7.31015    27.5401    1.00000    5.16134E-03
   8    3.84615E-03    2.20000E-02    7.11037    28.3158    1.00000    4.93361E-03
   8    3.84615E-03    2.40000E-02    6.95801    28.9825    1.00000    4.75882E-03
   8    3.84615E-03    2.60000E-02    6.87077    29.5159    1.00000    4.45562E-03
   8    3.84615E-03    2.80000E-02    6.82040    30.0181    1.00000    4.16538E-03
   8    3.84615E-03    3.00000E-02    6.79927    30.4185    1.00000    3.96246E-03
   8    3.84615E-03    3.20000E-02    7.01574    30.3699    1.00000    3.79402E-03
   8    3.84615E-03    3.40000E-02    6.97068    30.8011    1.00000    3.58178E-03
   8    3.84615E-03    3.60000E-02    7.16848    30.7559    1.00000    3.39917E-03
   8    3.84615E-03    3.80000E-02    7.71134    29.8771    1.00000    3.16653E-03
   8    3.84615E-03    4.00000E-02    8.46104    28.3302    1.00000    2.66236E-03
   8    3.84615E-03    4.20000E-02    8.78405    27.4809    1.00000    1.77871E-03
   8    3.84615E-03    4.40000E-02    9.69057    25.4694    1.00000    1.24308E-03
   8    3.84615E-03    4.60000E-02    15.4609   10.44199    1.00000    1.18349E-03
   8    3.84615E-03    4.80000E-02    16.1395    8.19687    1.00000    8.26625E-04
   8    3.84615E-03    5.00000E-02    17.2653    4.08070    1.00000    2.54056E-04
   8    7.69231E-03   -5.00000E-02   -19.4885    2.68716    1.00000    4.06060E-09
   8    7.69231E-03   -4.80000E-02   -32.5628   -3.16793    1.00000    1.73957E-06
   8    7.69231E-03   -4.60000E-02   -106.352   -23.3210    1.00000    6.46789E-05
   8    7.69231E-03   -4.40000E-02    74.2176    23.4770    1.00000    4.77127E-04
   8    7.69231E-03   -4.20000E-02    28.7821    3.86991    1.00000    4.84868E-04
   8    7.69231E-03   -4.00000E-02    11.2711    17.4789    1.00000    9.33247E-03
   8    7.69231E-03   -3.80000E-02    11.2711    17.4789    1.00000    9.33247E-03
   8    7.69231E-03   -3.60000E-02    11.2711    17.4789    1.00000    9.33247E-03
   8    7.69231E-03   -3.40000E-02    11.2711    17.4789    1.00000    9.33247E-03
   8    7.69231E-03   -3.20000E-02    11.2711    17.4789    1.00000    9.33247E-03
   8    7.69231E-03   -3.00000E-02    11.2711    17.4789    1.00000    9.33247E-03
   8    7.69231E-03   -2.80000E-02    11.2711    17.4789    1.00000    9.33247E-03
   8    7.69231E-03   -2.60000E-02    11.3255    17.3578    1.00000    9.37273E-03
   8    7.69231E-03   -2.40000E-02    11.3545    17.3295    1.00000    9.41493E-03
   8    7.69231E-03   -2.20000E-02    11.3545    17.3295    1.00000    9.41493E-03
   8    7.69231E-03   -2.00000E-02    11.3545    17.3295    1.00000    9.41493E-03
   8    7.69231E-03   -1.80000E-02    11.3545    17.3295    1.00000    9.41493E-03
   8    7.69231E-03   -1.60000E-02    11.3545    17.3295    1.00000    9.41493E-03
   8    7.69231E-03   -1.40000E-02    11.3545    17.3295    1.00000    9.41493E-03
   8    7.69231E-03   -1.20000E-02    11.3545    17.3295    1.00000    9.41493E-03
   8    7.69231E-03   -1.00000E-02    11.3545    17.3295    1.00000    9.41493E-03
   8    7.69231E-03   -8.00000E-03    11.3545    17.3295    1.00000    9.41493E-03
   8    7.69231E-03   -6.00000E-03    11.3545    17.3295    1.00000    9.41493E-03
   8    7.69231E-03   -4.00000E-03    11.0809    17.9389    1.00000    9.20412E-03
   8    7.69231E-03   -2.00000E-03   10.57059    19.0732    1.00000    8.75312E-03
   8    7.69231E-03  0.   10.03696    20.2568    1.00000    8.21671E-03
   8    7.69231E-03    2.00000E-03    9.54232    21.3519    1.00000    7.67567E-03
   8    7.69231E-03    4.00000E-03    9.02807    22.4888    1.00000    7.08230E-03
   8    7.69231E-03    6.00000E-03    8.49340    23.6693    1.00000    6.44507E-03
   8    7.69231E-03    8.00000E-03    8.04957    24.6903    1.00000    5.91766E-03
   8    7.69231E-03    1.00000E-02    7.67498    25.6440    1.00000    5.48563E-03
   8    7.69231E-03    1.20000E-02    7.63315    26.1571    1.00000    5.49547E-03
   8    7.69231E-03    1.40000E-02    7.44605    26.9479    1.00000    5.30569E-03
   8    7.69231E-03    1.60000E-02    7.26845    27.6748    1.00000    5.11241E-03
   8    7.69231E-03    1.80000E-02    7.16497    28.2726    1.00000    5.00573E-03
   8    7.69231E-03    2.00000E-02    6.91006    29.1315    1.00000    4.70099E-03
   8    7.69231E-03    2.20000E-02    6.72968    29.8597    1.00000    4.48723E-03
   8    7.69231E-03    2.40000E-02    6.50606    30.6465    1.00000    4.21941E-03
   8    7.69231E-03    2.60000E-02    6.37855    31.2542    1.00000    3.89132E-03
   8    7.69231E-03    2.80000E-02    6.36685    31.6481    1.00000    3.67053E-03
   8    7.69231E-03    3.00000E-02    6.40156    31.9331    1.00000    3.54359E-03
   8    7.69231E-03    3.20000E-02    6.58462    31.9193    1.00000    3.37430E-03
   8    7.69231E-03    3.40000E-02    6.52542    32.4041    1.00000    3.16632E-03
   8    7.69231E-03    3.60000E-02    6.70996    32.3880    1.00000    3.00543E-03
   8    7.69231E-03    3.80000E-02    7.39169    31.2317    1.00000    2.93922E-03
   8    7.69231E-03    4.00000E-02    8.43142    29.0307    1.00000    2.53609E-03
   8    7.69231E-03    4.20000E-02    8.84750    28.0352    1.00000    1.86617E-03
   8    7.69231E-03    4.40000E-02    9.00787    27.5156    1.00000    1.09949E-03
   8    7.69231E-03    4.60000E-02    11.6098    21.3933    1.00000    1.11794E-03
   8    7.69231E-03    4.80000E-02    15.9913    8.87173    1.00000    8.51647E-04
   8    7.69231E-03    5.00000E-02    17.0811    4.90442    1.00000    3.22055E-04
   8    1.15385E-02   -5.00000E-02   -19.0575    4.84828    1.00000    3.56052E-09
   8    1.15385E-02   -4.80000E-02   -31.6119   -1.42980    1.00000    4.16474E-07
   8    1.15385E-02   -4.60000E-02   -96.2051   -18.7124    1.00000    5.18161E-05
   8    1.15385E-02   -4.40000E-02    79.3798    25.5573    1.00000    4.63999E-04
   8    1.15385E-02   -4.20000E-02    28.2244    7.36327    1.00000    1.17055E-03
   8    1.15385E-02   -4.00000E-02    11.6350    16.0425    1.00000    9.12553E-03
   8    1.15385E-02   -3.80000E-02    11.6350    16.0425    1.00000    9.12553E-03
   8    1.15385E-02   -3.60000E-02    11.6350    16.0425    1.00000    9.12553E-03
   8    1.15385E-02   -3.40000E-02    11.6350    16.0425    1.00000    9.12553E-03
   8    1.15385E-02   -3.20000E-02    11.6350    16.0425    1.00000    9.12553E-03
   8    1.15385E-02   -3.00000E-02    11.6350    16.0425    1.00000    9.12553E-03
   8    1.15385E-02   -2.80000E-02    11.6712    16.0008    1.00000    9.17622E-03
   8    1.15385E-02   -2.60000E-02    11.6712    16.0008    1.00000    9.17622E-03
   8    1.15385E-02   -2.40000E-02    11.6712    16.0008    1.00000    9.17622E-03
   8    1.15385E-02   -2.20000E-02    11.6712    16.0008    1.00000    9.17622E-03
   8    1.15385E-02   -2.00000E-02    11.7251    15.8824    1.00000    9.20443E-03
   8    1.15385E-02   -1.80000E-02    11.7251    15.8824    1.00000    9.20443E-03
   8    1.15385E-02   -1.60000E-02    11.7251    15.8824    1.00000    9.20443E-03
   8    1.15385E-02   -1.40000E-02    11.7251    15.8824    1.00000    9.20443E-03
   8    1.15385E-02   -1.20000E-02    11.5080    16.3592    1.00000    9.08442E-03
   8    1.15385E-02   -1.00000E-02    10.9477    17.5885    1.00000    8.70192E-03
   8    1.15385E-02   -8.00000E-03   10.36104    18.8733    1.00000    8.20823E-03
   8    1.15385E-02   -6.00000E-03    9.74716    20.2161    1.00000    7.61399E-03
   8    1.15385E-02   -4.00000E-03    9.28035    21.2776    1.00000    7.14034E-03
   8    1.15385E-02   -2.00000E-03    8.68409    22.5803    1.00000    6.47823E-03
   8    1.15385E-02  0.    8.20299    23.6305    1.00000    5.92877E-03
   8    1.15385E-02    2.00000E-03    7.78063    24.6825    1.00000    5.47202E-03
   8    1.15385E-02    4.00000E-03    7.78097    25.1551    1.00000    5.56924E-03
   8    1.15385E-02    6.00000E-03    7.69187    25.7755    1.00000    5.53253E-03
   8    1.15385E-02    8.00000E-03    7.59838    26.3594    1.00000    5.46806E-03
   8    1.15385E-02    1.00000E-02    7.47239    27.0121    1.00000    5.35025E-03
   8    1.15385E-02    1.20000E-02    7.28560    27.7580    1.00000    5.14229E-03
   8    1.15385E-02    1.40000E-02    7.07357    28.5601    1.00000    4.89574E-03
   8    1.15385E-02    1.60000E-02    6.88541    29.2671    1.00000    4.67296E-03
   8    1.15385E-02    1.80000E-02    6.67817    30.0170    1.00000    4.42515E-03
   8    1.15385E-02    2.00000E-02    6.45174    30.8105    1.00000    4.15462E-03
   8    1.15385E-02    2.20000E-02    6.20604    31.6480    1.00000    3.86418E-03
   8    1.15385E-02    2.40000E-02    5.92745    32.5242    1.00000    3.54237E-03
   8    1.15385E-02    2.60000E-02    5.85719    33.0206    1.00000    3.31004E-03
   8    1.15385E-02    2.80000E-02    5.90826    33.2875    1.00000    3.18219E-03
   8    1.15385E-02    3.00000E-02    6.04852    33.3636    1.00000    3.03681E-03
   8    1.15385E-02    3.20000E-02    6.08877    33.6275    1.00000    2.90471E-03
   8    1.15385E-02    3.40000E-02    6.09377    33.9739    1.00000    2.77440E-03
   8    1.15385E-02    3.60000E-02    6.29093    33.9677    1.00000    2.65432E-03
   8    1.15385E-02    3.80000E-02    7.00901    32.7491    1.00000    2.66150E-03
   8    1.15385E-02    4.00000E-02    8.20619    30.2618    1.00000    2.43883E-03
   8    1.15385E-02    4.20000E-02    8.91389    28.5633    1.00000    1.94477E-03
   8    1.15385E-02    4.40000E-02    9.01941    28.0401    1.00000    1.14843E-03
   8    1.15385E-02    4.60000E-02    11.0814    23.1099    1.00000    1.05206E-03
   8    1.15385E-02    4.80000E-02    16.0267    8.96350    1.00000    7.90348E-04
   8    1.15385E-02    5.00000E-02    16.8981    5.73545    1.00000    3.85353E-04
   8    1.53846E-02   -4.80000E-02   -30.2656   0.606642    1.00000    8.07194E-08
   8    1.53846E-02   -4.60000E-02   -86.6306   -15.3540    1.00000    4.13464E-05
   8    1.53846E-02   -4.40000E-02    87.5835    28.5362    1.00000    4.31550E-04
   8    1.53846E-02   -4.20000E-02    28.3622    9.89165    1.00000    1.50851E-03
   8    1.53846E-02   -4.00000E-02    11.8676    14.8790    1.00000    8.59219E-03
   8    1.53846E-02   -3.80000E-02    11.8676    14.8790    1.00000    8.59219E-03
   8    1.53846E-02   -3.60000E-02    11.9118    14.8227    1.00000    8.64995E-03
   8    1.53846E-02   -3.40000E-02    11.9118    14.8227    1.00000    8.64995E-03
   8    1.53846E-02   -3.20000E-02    11.9118    14.8227    1.00000    8.64995E-03
   8    1.53846E-02   -3.00000E-02    11.9118    14.8227    1.00000    8.64995E-03
   8    1.53846E-02   -2.80000E-02    11.9118    14.8227    1.00000    8.64995E-03
   8    1.53846E-02   -2.60000E-02    11.9118    14.8227    1.00000    8.64995E-03
   8    1.53846E-02   -2.40000E-02    11.9118    14.8227    1.00000    8.64995E-03
   8    1.53846E-02   -2.20000E-02    11.9118    14.8227    1.00000    8.64995E-03
   8    1.53846E-02   -2.00000E-02    11.8579    14.9395    1.00000    8.63221E-03
   8    1.53846E-02   -1.80000E-02    11.2398    16.3191    1.00000    8.39052E-03
   8    1.53846E-02   -1.60000E-02    10.6033    17.6982    1.00000    7.97222E-03
   8    1.53846E-02   -1.40000E-02    9.99834    19.0077    1.00000    7.48134E-03
   8    1.53846E-02   -1.20000E-02    9.36733    20.3728    1.00000    6.89676E-03
   8    1.53846E-02   -1.00000E-02    8.77583    21.6517    1.00000    6.30142E-03
   8    1.53846E-02   -8.00000E-03    8.16088    22.9808    1.00000    5.65278E-03
   8    1.53846E-02   -6.00000E-03    7.76235    23.9755    1.00000    5.26286E-03
   8    1.53846E-02   -4.00000E-03    7.89353    24.2188    1.00000    5.55084E-03
   8    1.53846E-02   -2.00000E-03    7.84571    24.7989    1.00000    5.60422E-03
   8    1.53846E-02  0.    7.77734    25.3755    1.00000    5.60290E-03
   8    1.53846E-02    2.00000E-03    7.70208    25.9205    1.00000    5.56934E-03
   8    1.53846E-02    4.00000E-03    7.59415    26.5341    1.00000    5.48177E-03
   8    1.53846E-02    6.00000E-03    7.45386    27.2167    1.00000    5.34112E-03
   8    1.53846E-02    8.00000E-03    7.25469    27.9891    1.00000    5.11358E-03
   8    1.53846E-02    1.00000E-02    7.00561    28.8343    1.00000    4.81630E-03
   8    1.53846E-02    1.20000E-02    6.80930    29.5595    1.00000    4.58240E-03
   8    1.53846E-02    1.40000E-02    6.59388    30.3278    1.00000    4.32435E-03
   8    1.53846E-02    1.60000E-02    6.35925    31.1398    1.00000    4.04473E-03
   8    1.53846E-02    1.80000E-02    6.09028    31.9932    1.00000    3.72964E-03
   8    1.53846E-02    2.00000E-02    5.88060    32.7090    1.00000    3.48847E-03
   8    1.53846E-02    2.20000E-02    5.58239    33.6319    1.00000    3.15642E-03
   8    1.53846E-02    2.40000E-02    5.33483    34.3996    1.00000    2.89033E-03
   8    1.53846E-02    2.60000E-02    5.32308    34.7785    1.00000    2.74788E-03
   8    1.53846E-02    2.80000E-02    5.35214    35.0809    1.00000    2.62444E-03
   8    1.53846E-02    3.00000E-02    5.49540    35.1918    1.00000    2.51793E-03
   8    1.53846E-02    3.20000E-02    5.52678    35.5007    1.00000    2.40252E-03
   8    1.53846E-02    3.40000E-02    5.49433    35.8801    1.00000    2.26411E-03
   8    1.53846E-02    3.60000E-02    5.77786    35.6996    1.00000    2.24521E-03
   8    1.53846E-02    3.80000E-02    6.54280    34.4395    1.00000    2.32894E-03
   8    1.53846E-02    4.00000E-02    7.96206    31.4868    1.00000    2.31843E-03
   8    1.53846E-02    4.20000E-02    8.83693    29.4240    1.00000    1.95038E-03
   8    1.53846E-02    4.40000E-02    9.25017    28.1212    1.00000    1.26233E-03
   8    1.53846E-02    4.60000E-02   10.42190    25.2521    1.00000    9.59081E-04
   8    1.53846E-02    4.80000E-02    15.9164    9.50934    1.00000    7.93454E-04
   8    1.53846E-02    5.00000E-02    16.8055    6.28184    1.00000    4.13965E-04
   8    1.92308E-02   -4.80000E-02   -28.7863    2.27113    1.00000    1.29376E-06
   8    1.92308E-02   -4.60000E-02   -77.3199   -12.5835    1.00000    3.44317E-05
   8    1.92308E-02   -4.40000E-02   100.2308    32.9226    1.00000    3.88886E-04
   8    1.92308E-02   -4.20000E-02    28.9298    12.1932    1.00000    1.63600E-03
   8    1.92308E-02   -4.00000E-02    15.6563    8.10715    1.00000    4.94942E-03
   8    1.92308E-02   -3.80000E-02    14.0642   10.36088    1.00000    7.81880E-03
   8    1.92308E-02   -3.60000E-02    14.0642   10.36088    1.00000    7.81880E-03
   8    1.92308E-02   -3.40000E-02    14.0642   10.36088    1.00000    7.81880E-03
   8    1.92308E-02   -3.20000E-02    14.0482   10.40912    1.00000    7.88126E-03
   8    1.92308E-02   -3.00000E-02    14.0482   10.40912    1.00000    7.88126E-03
   8    1.92308E-02   -2.80000E-02    14.0482   10.40912    1.00000    7.88126E-03
   8    1.92308E-02   -2.60000E-02    13.8703    10.9259    1.00000    7.75789E-03
   8    1.92308E-02   -2.40000E-02    10.7204    16.7356    1.00000    7.42851E-03
   8    1.92308E-02   -2.20000E-02   10.00401    18.2712    1.00000    6.96565E-03
   8    1.92308E-02   -2.00000E-02    9.31666    19.7442    1.00000    6.42060E-03
   8    1.92308E-02   -1.80000E-02    8.72606    21.0544    1.00000    5.91866E-03
   8    1.92308E-02   -1.60000E-02    8.11755    22.3587    1.00000    5.33673E-03
   8    1.92308E-02   -1.40000E-02    7.61301    23.5314    1.00000    4.86948E-03
   8    1.92308E-02   -1.20000E-02    7.82313    23.6660    1.00000    5.27622E-03
   8    1.92308E-02   -1.00000E-02    7.90436    24.0205    1.00000    5.51779E-03
   8    1.92308E-02   -8.00000E-03    7.94677    24.4056    1.00000    5.68560E-03
   8    1.92308E-02   -6.00000E-03    7.86644    25.0519    1.00000    5.68802E-03
   8    1.92308E-02   -4.00000E-03    7.80214    25.5730    1.00000    5.67423E-03
   8    1.92308E-02   -2.00000E-03    7.63372    26.3220    1.00000    5.51692E-03
   8    1.92308E-02  0.    7.50414    26.9816    1.00000    5.39373E-03
   8    1.92308E-02    2.00000E-03    7.31440    27.7334    1.00000    5.18099E-03
   8    1.92308E-02    4.00000E-03    7.14567    28.3964    1.00000    4.98549E-03
   8    1.92308E-02    6.00000E-03    6.95774    29.1020    1.00000    4.76223E-03
   8    1.92308E-02    8.00000E-03    6.67817    30.0170    1.00000    4.42515E-03
   8    1.92308E-02    1.00000E-02    6.45174    30.8105    1.00000    4.15462E-03
   8    1.92308E-02    1.20000E-02    6.26327    31.4771    1.00000    3.93125E-03
   8    1.92308E-02    1.40000E-02    5.98720    32.3470    1.00000    3.61048E-03
   8    1.92308E-02    1.60000E-02    5.77040    33.0792    1.00000    3.36378E-03
   8    1.92308E-02    1.80000E-02    5.46500    34.0192    1.00000    3.02856E-03
   8    1.92308E-02    2.00000E-02    5.21134    34.8014    1.00000    2.76061E-03
   8    1.92308E-02    2.20000E-02    4.94713    35.6094    1.00000    2.49269E-03
   8    1.92308E-02    2.40000E-02    4.67216    36.4436    1.00000    2.22667E-03
   8    1.92308E-02    2.60000E-02    4.63770    36.8626    1.00000    2.09415E-03
   8    1.92308E-02    2.80000E-02    4.65462    37.2195    1.00000    1.99143E-03
   8    1.92308E-02    3.00000E-02    4.87008    37.1619    1.00000    1.98176E-03
   8    1.92308E-02    3.20000E-02    4.97225    37.3184    1.00000    1.94625E-03
   8    1.92308E-02    3.40000E-02    5.19571    37.2318    1.00000    1.92823E-03
   8    1.92308E-02    3.60000E-02    5.29734    37.3521    1.00000    1.88695E-03
   8    1.92308E-02    3.80000E-02    6.10827    36.0503    1.00000    2.03164E-03
   8    1.92308E-02    4.00000E-02    7.62603    32.9119    1.00000    2.14033E-03
   8    1.92308E-02    4.20000E-02    8.79801    30.1093    1.00000    1.84269E-03
   8    1.92308E-02    4.40000E-02    9.30096    28.6516    1.00000    1.32119E-03
   8    1.92308E-02    4.60000E-02    9.81633    27.2193    1.00000    8.67689E-04
   8    1.92308E-02    4.80000E-02    15.8081   10.09128    1.00000    7.80300E-04
   8    1.92308E-02    5.00000E-02    16.6325    7.10018    1.00000    4.60262E-04
   8    2.30769E-02   -4.80000E-02   -27.0794    4.25693    1.00000    4.75059E-06
   8    2.30769E-02   -4.60000E-02   -66.9531   -8.14412    1.00000    1.90903E-05
   8    2.30769E-02   -4.40000E-02    120.517    40.0986    1.00000    3.60420E-04
   8    2.30769E-02   -4.20000E-02    30.2260    14.0588    1.00000    1.62577E-03
   8    2.30769E-02   -4.00000E-02    17.3544    6.25091    1.00000    3.42687E-03
   8    2.30769E-02   -3.80000E-02    14.6210    8.73696    1.00000    6.81959E-03
   8    2.30769E-02   -3.60000E-02    14.6210    8.73696    1.00000    6.81959E-03
   8    2.30769E-02   -3.40000E-02    14.5069    9.07102    1.00000    6.88930E-03
   8    2.30769E-02   -3.20000E-02    14.2985    9.73018    1.00000    6.73052E-03
   8    2.30769E-02   -3.00000E-02   10.03932    17.4896    1.00000    6.36951E-03
   8    2.30769E-02   -2.80000E-02    9.24540    19.1788    1.00000    5.86533E-03
   8    2.30769E-02   -2.60000E-02    8.54160    20.6763    1.00000    5.32769E-03
   8    2.30769E-02   -2.40000E-02    7.80644    22.2404    1.00000    4.70632E-03
   8    2.30769E-02   -2.20000E-02    7.25218    23.4669    1.00000    4.23212E-03
   8    2.30769E-02   -2.00000E-02    7.63503    23.3470    1.00000    4.84443E-03
   8    2.30769E-02   -1.80000E-02    7.85057    23.5174    1.00000    5.27764E-03
   8    2.30769E-02   -1.60000E-02    7.94270    23.8496    1.00000    5.53693E-03
   8    2.30769E-02   -1.40000E-02    7.97087    24.3098    1.00000    5.70373E-03
   8    2.30769E-02   -1.20000E-02    7.92360    24.8412    1.00000    5.74050E-03
   8    2.30769E-02   -1.00000E-02    7.83466    25.4591    1.00000    5.70767E-03
   8    2.30769E-02   -8.00000E-03    7.74109    26.0411    1.00000    5.64550E-03
   8    2.30769E-02   -6.00000E-03    7.58331    26.7224    1.00000    5.48529E-03
   8    2.30769E-02   -4.00000E-03    7.40002    27.4595    1.00000    5.28285E-03
   8    2.30769E-02   -2.00000E-03    7.19142    28.2526    1.00000    5.04075E-03
   8    2.30769E-02  0.    7.00634    28.9517    1.00000    4.82125E-03
   8    2.30769E-02    2.00000E-03    6.80208    29.6937    1.00000    4.57572E-03
   8    2.30769E-02    4.00000E-03    6.57867    30.4790    1.00000    4.30660E-03
   8    2.30769E-02    6.00000E-03    6.31997    31.3074    1.00000    3.99801E-03
   8    2.30769E-02    8.00000E-03    6.04649    32.1710    1.00000    3.67851E-03
   8    2.30769E-02    1.00000E-02    5.83214    32.8973    1.00000    3.43295E-03
   8    2.30769E-02    1.20000E-02    5.59325    33.6436    1.00000    3.16729E-03
   8    2.30769E-02    1.40000E-02    5.35265    34.4312    1.00000    2.90695E-03
   8    2.30769E-02    1.60000E-02    5.09121    35.2316    1.00000    2.63564E-03
   8    2.30769E-02    1.80000E-02    4.81917    36.0580    1.00000    2.36560E-03
   8    2.30769E-02    2.00000E-02    4.53266    36.8839    1.00000    2.09639E-03
   8    2.30769E-02    2.20000E-02    4.24053    37.7602    1.00000    1.83641E-03
   8    2.30769E-02    2.40000E-02    4.01433    38.4439    1.00000    1.64604E-03
   8    2.30769E-02    2.60000E-02    3.96542    38.9207    1.00000    1.53174E-03
   8    2.30769E-02    2.80000E-02    4.04900    39.1026    1.00000    1.50644E-03
   8    2.30769E-02    3.00000E-02    4.26756    39.0806    1.00000    1.52026E-03
   8    2.30769E-02    3.20000E-02    4.35718    39.2521    1.00000    1.49311E-03
   8    2.30769E-02    3.40000E-02    4.58344    39.2027    1.00000    1.49821E-03
   8    2.30769E-02    3.60000E-02    4.67923    39.3623    1.00000    1.46929E-03
   8    2.30769E-02    3.80000E-02    5.79050    37.4570    1.00000    1.73406E-03
   8    2.30769E-02    4.00000E-02    7.23821    34.4854    1.00000    1.93441E-03
   8    2.30769E-02    4.20000E-02    8.66780    31.0668    1.00000    1.81086E-03
   8    2.30769E-02    4.40000E-02    9.37877    29.0833    1.00000    1.38128E-03
   8    2.30769E-02    4.60000E-02    9.73956    27.8967    1.00000    7.89354E-04
   8    2.30769E-02    4.80000E-02    15.7372   10.52872    1.00000    7.54962E-04
   8    2.30769E-02    5.00000E-02    16.5140    7.67507    1.00000    4.86120E-04
   8    2.69231E-02   -4.80000E-02   -25.2602    6.30770    1.00000    1.16224E-05
   8    2.69231E-02   -4.60000E-02   -57.8869   -4.80953    1.00000    8.09014E-06
   8    2.69231E-02   -4.40000E-02    162.142    52.7995    1.00000    3.07982E-04
   8    2.69231E-02   -4.20000E-02    31.8946    16.0679    1.00000    1.48297E-03
   8    2.69231E-02   -4.00000E-02    19.1735    5.19195    1.00000    2.19167E-03
   8    2.69231E-02   -3.80000E-02    14.3057    9.67779    1.00000    6.94119E-03
   8    2.69231E-02   -3.60000E-02    9.94883    17.5009    1.00000    6.14527E-03
   8    2.69231E-02   -3.40000E-02    9.15728    19.1826    1.00000    5.66430E-03
   8    2.69231E-02   -3.20000E-02    8.39054    20.8115    1.00000    5.09621E-03
   8    2.69231E-02   -3.00000E-02    7.65482    22.3746    1.00000    4.48972E-03
   8    2.69231E-02   -2.80000E-02    7.32271    23.3168    1.00000    4.29573E-03
   8    2.69231E-02   -2.60000E-02    7.70567    23.1957    1.00000    4.91420E-03
   8    2.69231E-02   -2.40000E-02    7.92136    23.3647    1.00000    5.35280E-03
   8    2.69231E-02   -2.20000E-02    8.06521    23.6272    1.00000    5.68665E-03
   8    2.69231E-02   -2.00000E-02    8.04164    24.1550    1.00000    5.78639E-03
   8    2.69231E-02   -1.80000E-02    7.99443    24.6853    1.00000    5.82567E-03
   8    2.69231E-02   -1.60000E-02    7.90550    25.3021    1.00000    5.79472E-03
   8    2.69231E-02   -1.40000E-02    7.74109    26.0411    1.00000    5.64550E-03
   8    2.69231E-02   -1.20000E-02    7.61512    26.6917    1.00000    5.52924E-03
   8    2.69231E-02   -1.00000E-02    7.42882    27.4347    1.00000    5.32191E-03
   8    2.69231E-02   -8.00000E-03    7.19142    28.2526    1.00000    5.04075E-03
   8    2.69231E-02   -6.00000E-03    7.02963    28.9379    1.00000    4.85137E-03
   8    2.69231E-02   -4.00000E-03    6.80208    29.6937    1.00000    4.57572E-03
   8    2.69231E-02   -2.00000E-03    6.57867    30.4790    1.00000    4.30660E-03
   8    2.69231E-02  0.    6.31997    31.3074    1.00000    3.99801E-03
   8    2.69231E-02    2.00000E-03    6.04649    32.1710    1.00000    3.67851E-03
   8    2.69231E-02    4.00000E-03    5.83214    32.8973    1.00000    3.43295E-03
   8    2.69231E-02    6.00000E-03    5.59325    33.6436    1.00000    3.16729E-03
   8    2.69231E-02    8.00000E-03    5.35265    34.4312    1.00000    2.90695E-03
   8    2.69231E-02    1.00000E-02    5.09121    35.2316    1.00000    2.63564E-03
   8    2.69231E-02    1.20000E-02    4.81385    36.0346    1.00000    2.36152E-03
   8    2.69231E-02    1.40000E-02    4.53266    36.8839    1.00000    2.09639E-03
   8    2.69231E-02    1.60000E-02    4.31749    37.5759    1.00000    1.90215E-03
   8    2.69231E-02    1.80000E-02    4.01433    38.4439    1.00000    1.64604E-03
   8    2.69231E-02    2.00000E-02    3.78116    39.1448    1.00000    1.46028E-03
   8    2.69231E-02    2.20000E-02    3.54087    39.8633    1.00000    1.28016E-03
   8    2.69231E-02    2.40000E-02    3.21386    40.7924    1.00000    1.05450E-03
   8    2.69231E-02    2.60000E-02    3.23138    41.0982    1.00000    1.01569E-03
   8    2.69231E-02    2.80000E-02    3.58340    40.8502    1.00000    1.12252E-03
   8    2.69231E-02    3.00000E-02    3.60631    41.1494    1.00000    1.08216E-03
   8    2.69231E-02    3.20000E-02    3.68962    41.3239    1.00000    1.06721E-03
   8    2.69231E-02    3.40000E-02    4.00333    41.0959    1.00000    1.13832E-03
   8    2.69231E-02    3.60000E-02    4.09213    41.2567    1.00000    1.11922E-03
   8    2.69231E-02    3.80000E-02    5.25487    39.3213    1.00000    1.42332E-03
   8    2.69231E-02    4.00000E-02    7.11422    35.4877    1.00000    1.75007E-03
   8    2.69231E-02    4.20000E-02    8.38137    32.4874    1.00000    1.70840E-03
   8    2.69231E-02    4.40000E-02    9.52720    29.2898    1.00000    1.33480E-03
   8    2.69231E-02    4.60000E-02    9.53815    28.9293    1.00000    7.81419E-04
   8    2.69231E-02    4.80000E-02    12.0328    22.1652    1.00000    7.24442E-04
   8    2.69231E-02    5.00000E-02    16.5026    7.83538    1.00000    4.63885E-04
   8    3.07692E-02   -4.80000E-02   -23.2638    9.27192    1.00000    2.50953E-05
   8    3.07692E-02   -4.60000E-02   -50.1100   -1.84067    1.00000    1.52449E-06
   8    3.07692E-02   -4.40000E-02    273.681    84.8724    1.00000    2.60890E-04
   8    3.07692E-02   -4.20000E-02    34.3260    18.1558    1.00000    1.33343E-03
   8    3.07692E-02   -4.00000E-02    19.0527    8.68524    1.00000    3.33863E-03
   8    3.07692E-02   -3.80000E-02    9.98163    18.5349    1.00000    7.11451E-03
   8    3.07692E-02   -3.60000E-02    8.48812    21.1573    1.00000    5.48932E-03
   8    3.07692E-02   -3.40000E-02    7.46473    23.1552    1.00000    4.47831E-03
   8    3.07692E-02   -3.20000E-02    7.82524    23.0761    1.00000    5.08269E-03
   8    3.07692E-02   -3.00000E-02    8.02089    23.2833    1.00000    5.50265E-03
   8    3.07692E-02   -2.80000E-02    8.07685    23.7325    1.00000    5.73680E-03
   8    3.07692E-02   -2.60000E-02    8.10938    24.1352    1.00000    5.89683E-03
   8    3.07692E-02   -2.40000E-02    7.97916    24.8457    1.00000    5.83235E-03
   8    3.07692E-02   -2.20000E-02    7.87797    25.4881    1.00000    5.78058E-03
   8    3.07692E-02   -2.00000E-02    7.77349    26.0921    1.00000    5.70134E-03
   8    3.07692E-02   -1.80000E-02    7.56599    26.9239    1.00000    5.47867E-03
   8    3.07692E-02   -1.60000E-02    7.37030    27.6874    1.00000    5.25628E-03
   8    3.07692E-02   -1.40000E-02    7.19628    28.3608    1.00000    5.05226E-03
   8    3.07692E-02   -1.20000E-02    6.93137    29.2410    1.00000    4.73169E-03
   8    3.07692E-02   -1.00000E-02    6.71897    30.0012    1.00000    4.47566E-03
   8    3.07692E-02   -8.00000E-03    6.46986    30.8072    1.00000    4.17620E-03
   8    3.07692E-02   -6.00000E-03    6.20604    31.6480    1.00000    3.86418E-03
   8    3.07692E-02   -4.00000E-03    6.00115    32.3523    1.00000    3.62572E-03
   8    3.07692E-02   -2.00000E-03    5.78209    33.0891    1.00000    3.37589E-03
   8    3.07692E-02  0.    5.46500    34.0192    1.00000    3.02856E-03
   8    3.07692E-02    2.00000E-03    5.21134    34.8014    1.00000    2.76061E-03
   8    3.07692E-02    4.00000E-03    4.94713    35.6094    1.00000    2.49269E-03
   8    3.07692E-02    6.00000E-03    4.74830    36.2625    1.00000    2.29765E-03
   8    3.07692E-02    8.00000E-03    4.46314    37.1212    1.00000    2.03233E-03
   8    3.07692E-02    1.00000E-02    4.24249    37.7909    1.00000    1.83717E-03
   8    3.07692E-02    1.20000E-02    3.93728    38.6642    1.00000    1.58375E-03
   8    3.07692E-02    1.40000E-02    3.70216    39.3700    1.00000    1.40004E-03
   8    3.07692E-02    1.60000E-02    3.45997    40.0934    1.00000    1.22235E-03
   8    3.07692E-02    1.80000E-02    3.21052    40.8348    1.00000    1.05174E-03
   8    3.07692E-02    2.00000E-02    2.95375    41.5944    1.00000    8.89400E-04
   8    3.07692E-02    2.20000E-02    2.69570    42.3241    1.00000    7.40320E-04
   8    3.07692E-02    2.40000E-02    2.42536    43.1183    1.00000    5.98407E-04
   8    3.07692E-02    2.60000E-02    2.43731    43.4295    1.00000    5.75618E-04
   8    3.07692E-02    2.80000E-02    2.78781    43.2363    1.00000    6.76301E-04
   8    3.07692E-02    3.00000E-02    2.80374    43.5436    1.00000    6.50919E-04
   8    3.07692E-02    3.20000E-02    3.26304    43.0189    1.00000    7.91016E-04
   8    3.07692E-02    3.40000E-02    3.28420    43.3149    1.00000    7.61784E-04
   8    3.07692E-02    3.60000E-02    3.45779    43.2800    1.00000    7.94320E-04
   8    3.07692E-02    3.80000E-02    5.03041    40.6010    1.00000    1.22005E-03
   8    3.07692E-02    4.00000E-02    6.73970    37.0518    1.00000    1.56841E-03
   8    3.07692E-02    4.20000E-02    8.37640    33.1175    1.00000    1.59427E-03
   8    3.07692E-02    4.40000E-02    9.44527    30.1448    1.00000    1.33815E-03
   8    3.07692E-02    4.60000E-02    9.72754    29.0240    1.00000    8.49800E-04
   8    3.07692E-02    4.80000E-02    12.0088    22.6106    1.00000    6.82175E-04
   8    3.07692E-02    5.00000E-02    16.3751    8.49792    1.00000    4.89607E-04
