 -0.30769E-01 -0.48000E-01  0.38950E-01  0.55007E-01 -0.10000E-02  0.36700E-01
 -0.30769E-01 -0.46000E-01  0.20240E-01  0.55000E-01 -0.10000E-02  0.36832E-01
 -0.30769E-01 -0.44000E-01 -0.20000E-02  0.55000E-01 -0.10000E-02  0.37212E-01
 -0.30769E-01 -0.42000E-01 -0.27100E-01  0.55000E-01 -0.10000E-02  0.37932E-01
 -0.30769E-01 -0.40000E-01 -0.51900E-01  0.55000E-01 -0.10000E-02  0.37620E-01
 -0.30769E-01 -0.38000E-01 -0.55000E-01  0.55000E-01 -0.10000E-02  0.37423E-01
 -0.30769E-01 -0.36000E-01 -0.55000E-01  0.55000E-01 -0.10000E-02  0.37100E-01
 -0.30769E-01 -0.34000E-01 -0.55000E-01  0.55000E-01 -0.10000E-02  0.36900E-01
 -0.30769E-01 -0.32000E-01 -0.55000E-01  0.55000E-01 -0.10000E-02  0.36438E-01
 -0.30769E-01 -0.30000E-01 -0.55000E-01  0.55000E-01 -0.10000E-02  0.36339E-01
 -0.30769E-01 -0.28000E-01 -0.55000E-01  0.55000E-01 -0.10000E-02  0.36142E-01
 -0.30769E-01 -0.26000E-01 -0.55000E-01  0.55000E-01 -0.10000E-02  0.35802E-01
 -0.30769E-01 -0.24000E-01 -0.55000E-01  0.55000E-01 -0.10000E-02  0.35614E-01
 -0.30769E-01 -0.22000E-01 -0.55000E-01  0.55000E-01 -0.10000E-02  0.35520E-01
 -0.30769E-01 -0.20000E-01 -0.55000E-01  0.55000E-01 -0.10000E-02  0.35333E-01
 -0.30769E-01 -0.18000E-01 -0.55000E-01  0.55000E-01 -0.10000E-02  0.34988E-01
 -0.30769E-01 -0.16000E-01 -0.55000E-01  0.55000E-01 -0.10000E-02  0.34814E-01
 -0.30769E-01 -0.14000E-01 -0.55000E-01  0.55000E-01 -0.10000E-02  0.34728E-01
 -0.30769E-01 -0.12000E-01 -0.55000E-01  0.55000E-01 -0.10000E-02  0.34555E-01
 -0.30769E-01 -0.10000E-01 -0.55000E-01  0.55000E-01 -0.10000E-02  0.34295E-01
 -0.30769E-01 -0.80000E-02 -0.55000E-01  0.55000E-01 -0.10000E-02  0.34089E-01
 -0.30769E-01 -0.60000E-02 -0.55000E-01  0.55000E-01 -0.10000E-02  0.33936E-01
 -0.30769E-01 -0.40000E-02 -0.55000E-01  0.55000E-01 -0.10000E-02  0.33859E-01
 -0.30769E-01 -0.20000E-02 -0.55000E-01  0.55000E-01 -0.10000E-02  0.33706E-01
 -0.30769E-01  0.00000E+00 -0.55000E-01  0.55000E-01 -0.10000E-02  0.33553E-01
 -0.30769E-01  0.20000E-02 -0.55000E-01  0.55000E-01 -0.10000E-02  0.33476E-01
 -0.30769E-01  0.40000E-02 -0.55000E-01  0.55000E-01 -0.10000E-02  0.33104E-01
 -0.30769E-01  0.60000E-02 -0.55000E-01  0.55000E-01 -0.10000E-02  0.32975E-01
 -0.30769E-01  0.80000E-02 -0.55000E-01  0.55000E-01 -0.10000E-02  0.32847E-01
 -0.30769E-01  0.10000E-01 -0.55000E-01  0.55000E-01 -0.10000E-02  0.32782E-01
 -0.30769E-01  0.12000E-01 -0.55000E-01  0.55000E-01 -0.10000E-02  0.32654E-01
 -0.30769E-01  0.14000E-01 -0.55000E-01  0.55000E-01 -0.10000E-02  0.32525E-01
 -0.30769E-01  0.16000E-01 -0.55000E-01  0.55000E-01 -0.10000E-02  0.32461E-01
 -0.30769E-01  0.18000E-01 -0.55000E-01  0.55000E-01 -0.10000E-02  0.32332E-01
 -0.30769E-01  0.20000E-01 -0.55000E-01  0.55000E-01 -0.10000E-02  0.32268E-01
 -0.30769E-01  0.22000E-01 -0.55000E-01  0.55000E-01 -0.10000E-02  0.31500E-01
 -0.30769E-01  0.24000E-01 -0.55000E-01  0.54700E-01 -0.10000E-02  0.30350E-01
 -0.30769E-01  0.26000E-01 -0.55003E-01  0.53300E-01 -0.10000E-02  0.29500E-01
 -0.30769E-01  0.28000E-01 -0.55000E-01  0.51900E-01 -0.10000E-02  0.29050E-01
 -0.30769E-01  0.30000E-01 -0.55000E-01  0.50400E-01 -0.10000E-02  0.28300E-01
 -0.30769E-01  0.32000E-01 -0.55000E-01  0.49000E-01 -0.10000E-02  0.27850E-01
 -0.30769E-01  0.34000E-01 -0.55006E-01  0.47700E-01 -0.10000E-02  0.27150E-01
 -0.30769E-01  0.36000E-01 -0.55000E-01  0.46300E-01 -0.10000E-02  0.26550E-01
 -0.30769E-01  0.38000E-01 -0.55000E-01  0.40900E-01 -0.10000E-02  0.24233E-01
 -0.30769E-01  0.40000E-01 -0.55006E-01  0.34400E-01 -0.10000E-02  0.23397E-01
 -0.30769E-01  0.42000E-01 -0.55000E-01  0.28000E-01 -0.10000E-02  0.22626E-01
 -0.30769E-01  0.44000E-01 -0.55006E-01  0.21600E-01 -0.10000E-02  0.21662E-01
 -0.30769E-01  0.46000E-01 -0.55000E-01  0.15300E-01 -0.10000E-02  0.20913E-01
 -0.30769E-01  0.48000E-01 -0.55006E-01  0.90000E-02 -0.10000E-02  0.20300E-01
 -0.30769E-01  0.50000E-01 -0.55000E-01  0.27000E-02 -0.10000E-02  0.20005E-01
 -0.26923E-01 -0.48000E-01  0.37151E-01  0.55000E-01 -0.41569E-02  0.36000E-01
 -0.26923E-01 -0.46000E-01  0.17894E-01  0.55000E-01 -0.41569E-02  0.36241E-01
 -0.26923E-01 -0.44000E-01 -0.44000E-02  0.55000E-01 -0.41569E-02  0.36742E-01
 -0.26923E-01 -0.42000E-01 -0.29200E-01  0.55000E-01 -0.41569E-02  0.37412E-01
 -0.26923E-01 -0.40000E-01 -0.53400E-01  0.55003E-01 -0.41569E-02  0.37845E-01
 -0.26923E-01 -0.38000E-01 -0.55000E-01  0.55000E-01 -0.41569E-02  0.37306E-01
 -0.26923E-01 -0.36000E-01 -0.55000E-01  0.55000E-01 -0.41569E-02  0.37118E-01
 -0.26923E-01 -0.34000E-01 -0.55000E-01  0.55000E-01 -0.41569E-02  0.36635E-01
 -0.26923E-01 -0.32000E-01 -0.55000E-01  0.55000E-01 -0.41569E-02  0.36438E-01
 -0.26923E-01 -0.30000E-01 -0.55000E-01  0.55000E-01 -0.41569E-02  0.36142E-01
 -0.26923E-01 -0.28000E-01 -0.55000E-01  0.55000E-01 -0.41569E-02  0.35800E-01
 -0.26923E-01 -0.26000E-01 -0.55000E-01  0.55000E-01 -0.41569E-02  0.35700E-01
 -0.26923E-01 -0.24000E-01 -0.55000E-01  0.55000E-01 -0.41569E-02  0.35300E-01
 -0.26923E-01 -0.22000E-01 -0.55000E-01  0.55000E-01 -0.41569E-02  0.35158E-01
 -0.26923E-01 -0.20000E-01 -0.55000E-01  0.55000E-01 -0.41569E-02  0.34961E-01
 -0.26923E-01 -0.18000E-01 -0.55000E-01  0.55000E-01 -0.41569E-02  0.34665E-01
 -0.26923E-01 -0.16000E-01 -0.55000E-01  0.55000E-01 -0.41569E-02  0.34487E-01
 -0.26923E-01 -0.14000E-01 -0.55000E-01  0.55000E-01 -0.41569E-02  0.34299E-01
 -0.26923E-01 -0.12000E-01 -0.55000E-01  0.55000E-01 -0.41569E-02  0.34205E-01
 -0.26923E-01 -0.10000E-01 -0.55000E-01  0.55000E-01 -0.41569E-02  0.33862E-01
 -0.26923E-01 -0.80000E-02 -0.55000E-01  0.55000E-01 -0.41569E-02  0.33688E-01
 -0.26923E-01 -0.60000E-02 -0.55000E-01  0.55000E-01 -0.41569E-02  0.33602E-01
 -0.26923E-01 -0.40000E-02 -0.55000E-01  0.55000E-01 -0.41569E-02  0.33429E-01
 -0.26923E-01 -0.20000E-02 -0.55000E-01  0.55000E-01 -0.41569E-02  0.33342E-01
 -0.26923E-01  0.00000E+00 -0.55000E-01  0.55000E-01 -0.41569E-02  0.32940E-01
 -0.26923E-01  0.20000E-02 -0.55000E-01  0.55000E-01 -0.41569E-02  0.32863E-01
 -0.26923E-01  0.40000E-02 -0.55000E-01  0.55000E-01 -0.41569E-02  0.32710E-01
 -0.26923E-01  0.60000E-02 -0.55000E-01  0.55000E-01 -0.41569E-02  0.32634E-01
 -0.26923E-01  0.80000E-02 -0.55000E-01  0.55000E-01 -0.41569E-02  0.32480E-01
 -0.26923E-01  0.10000E-01 -0.55000E-01  0.55000E-01 -0.41569E-02  0.32404E-01
 -0.26923E-01  0.12000E-01 -0.55000E-01  0.55000E-01 -0.41569E-02  0.32011E-01
 -0.26923E-01  0.14000E-01 -0.55000E-01  0.55000E-01 -0.41569E-02  0.31947E-01
 -0.26923E-01  0.16000E-01 -0.55000E-01  0.55000E-01 -0.41569E-02  0.31818E-01
 -0.26923E-01  0.18000E-01 -0.55000E-01  0.55000E-01 -0.41569E-02  0.31690E-01
 -0.26923E-01  0.20000E-01 -0.55000E-01  0.55000E-01 -0.41569E-02  0.31625E-01
 -0.26923E-01  0.22000E-01 -0.55000E-01  0.55000E-01 -0.41569E-02  0.31497E-01
 -0.26923E-01  0.24000E-01 -0.55000E-01  0.54900E-01 -0.41569E-02  0.31432E-01
 -0.26923E-01  0.26000E-01 -0.55003E-01  0.53500E-01 -0.41569E-02  0.31304E-01
 -0.26923E-01  0.28000E-01 -0.55000E-01  0.52000E-01 -0.41569E-02  0.30725E-01
 -0.26923E-01  0.30000E-01 -0.55000E-01  0.50600E-01 -0.41569E-02  0.29504E-01
 -0.26923E-01  0.32000E-01 -0.55000E-01  0.49200E-01 -0.41569E-02  0.28540E-01
 -0.26923E-01  0.34000E-01 -0.55006E-01  0.47800E-01 -0.41569E-02  0.27600E-01
 -0.26923E-01  0.36000E-01 -0.55000E-01  0.46400E-01 -0.41569E-02  0.26950E-01
 -0.26923E-01  0.38000E-01 -0.55000E-01  0.41400E-01 -0.41569E-02  0.25647E-01
 -0.26923E-01  0.40000E-01 -0.55006E-01  0.34800E-01 -0.41569E-02  0.24490E-01
 -0.26923E-01  0.42000E-01 -0.55004E-01  0.28300E-01 -0.41569E-02  0.23590E-01
 -0.26923E-01  0.44000E-01 -0.55006E-01  0.21900E-01 -0.41569E-02  0.22433E-01
 -0.26923E-01  0.46000E-01 -0.55000E-01  0.15600E-01 -0.41569E-02  0.21449E-01
 -0.26923E-01  0.48000E-01 -0.55000E-01  0.93000E-02 -0.41569E-02  0.20785E-01
 -0.26923E-01  0.50000E-01 -0.55000E-01  0.30000E-02 -0.41569E-02  0.20438E-01
 -0.23077E-01 -0.48000E-01  0.35523E-01  0.55000E-01 -0.76210E-02  0.35100E-01
 -0.23077E-01 -0.46000E-01  0.15860E-01  0.55000E-01 -0.76210E-02  0.35749E-01
 -0.23077E-01 -0.44000E-01 -0.65290E-02  0.55000E-01 -0.76210E-02  0.36178E-01
 -0.23077E-01 -0.42000E-01 -0.30900E-01  0.55000E-01 -0.76210E-02  0.36893E-01
 -0.23077E-01 -0.40000E-01 -0.54700E-01  0.55000E-01 -0.76210E-02  0.38149E-01
 -0.23077E-01 -0.38000E-01 -0.55000E-01  0.55000E-01 -0.76210E-02  0.37919E-01
 -0.23077E-01 -0.36000E-01 -0.55000E-01  0.55000E-01 -0.76210E-02  0.37153E-01
 -0.23077E-01 -0.34000E-01 -0.55000E-01  0.55000E-01 -0.76210E-02  0.36893E-01
 -0.23077E-01 -0.32000E-01 -0.55000E-01  0.55000E-01 -0.76210E-02  0.36373E-01
 -0.23077E-01 -0.30000E-01 -0.55000E-01  0.55000E-01 -0.76210E-02  0.36084E-01
 -0.23077E-01 -0.28000E-01 -0.55000E-01  0.55000E-01 -0.76210E-02  0.35896E-01
 -0.23077E-01 -0.26000E-01 -0.55000E-01  0.55000E-01 -0.76210E-02  0.35355E-01
 -0.23077E-01 -0.24000E-01 -0.55000E-01  0.55000E-01 -0.76210E-02  0.35256E-01
 -0.23077E-01 -0.22000E-01 -0.55000E-01  0.55000E-01 -0.76210E-02  0.34961E-01
 -0.23077E-01 -0.20000E-01 -0.55000E-01  0.55000E-01 -0.76210E-02  0.34600E-01
 -0.23077E-01 -0.18000E-01 -0.55000E-01  0.55000E-01 -0.76210E-02  0.34500E-01
 -0.23077E-01 -0.16000E-01 -0.55000E-01  0.55000E-01 -0.76210E-02  0.34200E-01
 -0.23077E-01 -0.14000E-01 -0.55000E-01  0.55000E-01 -0.76210E-02  0.33976E-01
 -0.23077E-01 -0.12000E-01 -0.55000E-01  0.55000E-01 -0.76210E-02  0.33779E-01
 -0.23077E-01 -0.10000E-01 -0.55000E-01  0.55000E-01 -0.76210E-02  0.33680E-01
 -0.23077E-01 -0.80000E-02 -0.55000E-01  0.55000E-01 -0.76210E-02  0.33359E-01
 -0.23077E-01 -0.60000E-02 -0.55000E-01  0.55000E-01 -0.76210E-02  0.33171E-01
 -0.23077E-01 -0.40000E-02 -0.55000E-01  0.55000E-01 -0.76210E-02  0.33077E-01
 -0.23077E-01 -0.20000E-02 -0.55000E-01  0.55000E-01 -0.76210E-02  0.32795E-01
 -0.23077E-01  0.00000E+00 -0.55000E-01  0.55000E-01 -0.76210E-02  0.32563E-01
 -0.23077E-01  0.20000E-02 -0.55000E-01  0.55000E-01 -0.76210E-02  0.32476E-01
 -0.23077E-01  0.40000E-02 -0.55000E-01  0.55000E-01 -0.76210E-02  0.32303E-01
 -0.23077E-01  0.60000E-02 -0.55000E-01  0.55000E-01 -0.76210E-02  0.32216E-01
 -0.23077E-01  0.80000E-02 -0.55000E-01  0.55000E-01 -0.76210E-02  0.31868E-01
 -0.23077E-01  0.10000E-01 -0.55000E-01  0.55000E-01 -0.76210E-02  0.31791E-01
 -0.23077E-01  0.12000E-01 -0.55000E-01  0.55000E-01 -0.76210E-02  0.31638E-01
 -0.23077E-01  0.14000E-01 -0.55000E-01  0.55000E-01 -0.76210E-02  0.31561E-01
 -0.23077E-01  0.16000E-01 -0.55000E-01  0.55000E-01 -0.76210E-02  0.31408E-01
 -0.23077E-01  0.18000E-01 -0.55000E-01  0.55000E-01 -0.76210E-02  0.31331E-01
 -0.23077E-01  0.20000E-01 -0.55000E-01  0.55000E-01 -0.76210E-02  0.31101E-01
 -0.23077E-01  0.22000E-01 -0.55000E-01  0.55000E-01 -0.76210E-02  0.30854E-01
 -0.23077E-01  0.24000E-01 -0.55000E-01  0.55000E-01 -0.76210E-02  0.30790E-01
 -0.23077E-01  0.26000E-01 -0.55003E-01  0.53600E-01 -0.76210E-02  0.30661E-01
 -0.23077E-01  0.28000E-01 -0.55000E-01  0.52200E-01 -0.76210E-02  0.30597E-01
 -0.23077E-01  0.30000E-01 -0.55000E-01  0.50700E-01 -0.76210E-02  0.30533E-01
 -0.23077E-01  0.32000E-01 -0.55000E-01  0.49300E-01 -0.76210E-02  0.30404E-01
 -0.23077E-01  0.34000E-01 -0.55006E-01  0.47900E-01 -0.76210E-02  0.29633E-01
 -0.23077E-01  0.36000E-01 -0.55000E-01  0.46500E-01 -0.76210E-02  0.28668E-01
 -0.23077E-01  0.38000E-01 -0.55000E-01  0.41800E-01 -0.76210E-02  0.27126E-01
 -0.23077E-01  0.40000E-01 -0.55000E-01  0.35100E-01 -0.76210E-02  0.25776E-01
 -0.23077E-01  0.42000E-01 -0.55004E-01  0.29839E-01 -0.76210E-02  0.24619E-01
 -0.23077E-01  0.44000E-01 -0.55000E-01  0.23786E-01 -0.76210E-02  0.23012E-01
 -0.23077E-01  0.46000E-01 -0.55000E-01  0.17135E-01 -0.76210E-02  0.22062E-01
 -0.23077E-01  0.48000E-01 -0.55000E-01  0.10590E-01 -0.76210E-02  0.21449E-01
 -0.23077E-01  0.50000E-01 -0.54946E-01  0.41427E-02 -0.76210E-02  0.20871E-01
 -0.19231E-01 -0.48000E-01  0.34046E-01  0.55000E-01 -0.11100E-01  0.34000E-01
 -0.19231E-01 -0.46000E-01  0.14115E-01  0.55000E-01 -0.11100E-01  0.35158E-01
 -0.19231E-01 -0.44000E-01 -0.82184E-02  0.55006E-01 -0.11100E-01  0.35614E-01
 -0.19231E-01 -0.42000E-01 -0.33710E-01  0.55000E-01 -0.11100E-01  0.36373E-01
 -0.19231E-01 -0.40000E-01 -0.55000E-01  0.55000E-01 -0.11100E-01  0.37613E-01
 -0.19231E-01 -0.38000E-01 -0.55000E-01  0.55000E-01 -0.11100E-01  0.37383E-01
 -0.19231E-01 -0.36000E-01 -0.55000E-01  0.55000E-01 -0.11100E-01  0.37153E-01
 -0.19231E-01 -0.34000E-01 -0.55000E-01  0.55000E-01 -0.11100E-01  0.37000E-01
 -0.19231E-01 -0.32000E-01 -0.55000E-01  0.55000E-01 -0.11100E-01  0.36770E-01
 -0.19231E-01 -0.30000E-01 -0.55000E-01  0.55000E-01 -0.11100E-01  0.36617E-01
 -0.19231E-01 -0.28000E-01 -0.55000E-01  0.55000E-01 -0.11100E-01  0.35767E-01
 -0.19231E-01 -0.26000E-01 -0.55000E-01  0.55000E-01 -0.11100E-01  0.35594E-01
 -0.19231E-01 -0.24000E-01 -0.55000E-01  0.55000E-01 -0.11100E-01  0.35074E-01
 -0.19231E-01 -0.22000E-01 -0.55000E-01  0.55000E-01 -0.11100E-01  0.34769E-01
 -0.19231E-01 -0.20000E-01 -0.55000E-01  0.55000E-01 -0.11100E-01  0.34675E-01
 -0.19231E-01 -0.18000E-01 -0.55000E-01  0.55000E-01 -0.11100E-01  0.34173E-01
 -0.19231E-01 -0.16000E-01 -0.55000E-01  0.55000E-01 -0.11100E-01  0.33976E-01
 -0.19231E-01 -0.14000E-01 -0.55000E-01  0.55000E-01 -0.11100E-01  0.33877E-01
 -0.19231E-01 -0.12000E-01 -0.55000E-01  0.55000E-01 -0.11100E-01  0.33400E-01
 -0.19231E-01 -0.10000E-01 -0.55000E-01  0.55000E-01 -0.11100E-01  0.33300E-01
 -0.19231E-01 -0.80000E-02 -0.55000E-01  0.55000E-01 -0.11100E-01  0.33200E-01
 -0.19231E-01 -0.60000E-02 -0.55000E-01  0.55000E-01 -0.11100E-01  0.32794E-01
 -0.19231E-01 -0.40000E-02 -0.55000E-01  0.55000E-01 -0.11100E-01  0.32696E-01
 -0.19231E-01 -0.20000E-02 -0.55000E-01  0.55000E-01 -0.11100E-01  0.32499E-01
 -0.19231E-01  0.00000E+00 -0.55000E-01  0.55000E-01 -0.11100E-01  0.32137E-01
 -0.19231E-01  0.20000E-02 -0.55000E-01  0.55000E-01 -0.11100E-01  0.32044E-01
 -0.19231E-01  0.40000E-02 -0.55000E-01  0.55000E-01 -0.11100E-01  0.31950E-01
 -0.19231E-01  0.60000E-02 -0.55000E-01  0.55000E-01 -0.11100E-01  0.31856E-01
 -0.19231E-01  0.80000E-02 -0.55000E-01  0.55000E-01 -0.11100E-01  0.31437E-01
 -0.19231E-01  0.10000E-01 -0.55000E-01  0.55000E-01 -0.11100E-01  0.31350E-01
 -0.19231E-01  0.12000E-01 -0.55000E-01  0.55000E-01 -0.11100E-01  0.31264E-01
 -0.19231E-01  0.14000E-01 -0.55000E-01  0.55000E-01 -0.11100E-01  0.31090E-01
 -0.19231E-01  0.16000E-01 -0.55000E-01  0.55000E-01 -0.11100E-01  0.31004E-01
 -0.19231E-01  0.18000E-01 -0.55000E-01  0.55000E-01 -0.11100E-01  0.30718E-01
 -0.19231E-01  0.20000E-01 -0.55000E-01  0.55000E-01 -0.11100E-01  0.30565E-01
 -0.19231E-01  0.22000E-01 -0.55000E-01  0.55000E-01 -0.11100E-01  0.30489E-01
 -0.19231E-01  0.24000E-01 -0.55000E-01  0.55000E-01 -0.11100E-01  0.30335E-01
 -0.19231E-01  0.26000E-01 -0.55003E-01  0.54847E-01 -0.11100E-01  0.30259E-01
 -0.19231E-01  0.28000E-01 -0.55000E-01  0.53362E-01 -0.11100E-01  0.29954E-01
 -0.19231E-01  0.30000E-01 -0.55000E-01  0.51869E-01 -0.11100E-01  0.29890E-01
 -0.19231E-01  0.32000E-01 -0.55000E-01  0.50385E-01 -0.11100E-01  0.29761E-01
 -0.19231E-01  0.34000E-01 -0.55006E-01  0.48991E-01 -0.11100E-01  0.29697E-01
 -0.19231E-01  0.36000E-01 -0.55000E-01  0.47506E-01 -0.11100E-01  0.29633E-01
 -0.19231E-01  0.38000E-01 -0.55000E-01  0.44127E-01 -0.11100E-01  0.29118E-01
 -0.19231E-01  0.40000E-01 -0.55000E-01  0.37180E-01 -0.11100E-01  0.27126E-01
 -0.19231E-01  0.42000E-01 -0.55004E-01  0.30332E-01 -0.11100E-01  0.25712E-01
 -0.19231E-01  0.44000E-01 -0.55000E-01  0.23688E-01 -0.11100E-01  0.23847E-01
 -0.19231E-01  0.46000E-01 -0.55000E-01  0.17142E-01 -0.11100E-01  0.22751E-01
 -0.19231E-01  0.48000E-01 -0.55000E-01  0.10590E-01 -0.11100E-01  0.22139E-01
 -0.19231E-01  0.50000E-01 -0.55006E-01  0.41003E-02 -0.11100E-01  0.21304E-01
 -0.15385E-01 -0.48000E-01  0.32828E-01  0.55000E-01 -0.14575E-01  0.32500E-01
 -0.15385E-01 -0.46000E-01  0.12721E-01  0.55000E-01 -0.14575E-01  0.34665E-01
 -0.15385E-01 -0.44000E-01 -0.96047E-02  0.55000E-01 -0.14575E-01  0.35334E-01
 -0.15385E-01 -0.42000E-01 -0.34604E-01  0.55000E-01 -0.14575E-01  0.36464E-01
 -0.15385E-01 -0.40000E-01 -0.55000E-01  0.55000E-01 -0.14575E-01  0.36387E-01
 -0.15385E-01 -0.38000E-01 -0.55000E-01  0.55000E-01 -0.14575E-01  0.36387E-01
 -0.15385E-01 -0.36000E-01 -0.55000E-01  0.55000E-01 -0.14575E-01  0.36387E-01
 -0.15385E-01 -0.34000E-01 -0.55000E-01  0.55000E-01 -0.14575E-01  0.36387E-01
 -0.15385E-01 -0.32000E-01 -0.55000E-01  0.55000E-01 -0.14575E-01  0.36234E-01
 -0.15385E-01 -0.30000E-01 -0.55000E-01  0.55000E-01 -0.14575E-01  0.36004E-01
 -0.15385E-01 -0.28000E-01 -0.55000E-01  0.55000E-01 -0.14575E-01  0.35851E-01
 -0.15385E-01 -0.26000E-01 -0.55000E-01  0.55000E-01 -0.14575E-01  0.35621E-01
 -0.15385E-01 -0.24000E-01 -0.55000E-01  0.55000E-01 -0.14575E-01  0.35468E-01
 -0.15385E-01 -0.22000E-01 -0.55000E-01  0.55000E-01 -0.14575E-01  0.35238E-01
 -0.15385E-01 -0.20000E-01 -0.55000E-01  0.55000E-01 -0.14575E-01  0.34468E-01
 -0.15385E-01 -0.18000E-01 -0.55000E-01  0.55000E-01 -0.14575E-01  0.34295E-01
 -0.15385E-01 -0.16000E-01 -0.55000E-01  0.55000E-01 -0.14575E-01  0.33862E-01
 -0.15385E-01 -0.14000E-01 -0.55000E-01  0.55000E-01 -0.14575E-01  0.33547E-01
 -0.15385E-01 -0.12000E-01 -0.55000E-01  0.55000E-01 -0.14575E-01  0.33359E-01
 -0.15385E-01 -0.10000E-01 -0.55000E-01  0.55000E-01 -0.14575E-01  0.32991E-01
 -0.15385E-01 -0.80000E-02 -0.55000E-01  0.55000E-01 -0.14575E-01  0.32794E-01
 -0.15385E-01 -0.60000E-02 -0.55000E-01  0.55000E-01 -0.14575E-01  0.32696E-01
 -0.15385E-01 -0.40000E-02 -0.55000E-01  0.55000E-01 -0.14575E-01  0.32300E-01
 -0.15385E-01 -0.20000E-02 -0.55000E-01  0.55000E-01 -0.14575E-01  0.32100E-01
 -0.15385E-01  0.00000E+00 -0.55000E-01  0.55000E-01 -0.14575E-01  0.32000E-01
 -0.15385E-01  0.20000E-02 -0.55000E-01  0.55000E-01 -0.14575E-01  0.31612E-01
 -0.15385E-01  0.40000E-02 -0.55000E-01  0.55000E-01 -0.14575E-01  0.31514E-01
 -0.15385E-01  0.60000E-02 -0.55000E-01  0.55000E-01 -0.14575E-01  0.31415E-01
 -0.15385E-01  0.80000E-02 -0.55000E-01  0.55000E-01 -0.14575E-01  0.31218E-01
 -0.15385E-01  0.10000E-01 -0.55000E-01  0.55000E-01 -0.14575E-01  0.30916E-01
 -0.15385E-01  0.12000E-01 -0.55000E-01  0.55000E-01 -0.14575E-01  0.30822E-01
 -0.15385E-01  0.14000E-01 -0.55000E-01  0.55000E-01 -0.14575E-01  0.30728E-01
 -0.15385E-01  0.16000E-01 -0.55000E-01  0.55000E-01 -0.14575E-01  0.30446E-01
 -0.15385E-01  0.18000E-01 -0.55000E-01  0.55000E-01 -0.14575E-01  0.30311E-01
 -0.15385E-01  0.20000E-01 -0.55000E-01  0.55000E-01 -0.14575E-01  0.30138E-01
 -0.15385E-01  0.22000E-01 -0.55000E-01  0.55000E-01 -0.14575E-01  0.30051E-01
 -0.15385E-01  0.24000E-01 -0.55000E-01  0.55000E-01 -0.14575E-01  0.29964E-01
 -0.15385E-01  0.26000E-01 -0.55003E-01  0.54748E-01 -0.14575E-01  0.29646E-01
 -0.15385E-01  0.28000E-01 -0.55000E-01  0.53263E-01 -0.14575E-01  0.29569E-01
 -0.15385E-01  0.30000E-01 -0.55000E-01  0.51771E-01 -0.14575E-01  0.29493E-01
 -0.15385E-01  0.32000E-01 -0.55000E-01  0.50286E-01 -0.14575E-01  0.29416E-01
 -0.15385E-01  0.34000E-01 -0.55000E-01  0.48801E-01 -0.14575E-01  0.29054E-01
 -0.15385E-01  0.36000E-01 -0.55000E-01  0.47407E-01 -0.14575E-01  0.28990E-01
 -0.15385E-01  0.38000E-01 -0.55000E-01  0.44029E-01 -0.14575E-01  0.28926E-01
 -0.15385E-01  0.40000E-01 -0.55000E-01  0.37082E-01 -0.14575E-01  0.28668E-01
 -0.15385E-01  0.42000E-01 -0.55000E-01  0.30241E-01 -0.14575E-01  0.26997E-01
 -0.15385E-01  0.44000E-01 -0.55000E-01  0.23843E-01 -0.14575E-01  0.24747E-01
 -0.15385E-01  0.46000E-01 -0.55000E-01  0.17366E-01 -0.14575E-01  0.23364E-01
 -0.15385E-01  0.48000E-01 -0.55000E-01  0.10491E-01 -0.14575E-01  0.22751E-01
 -0.15385E-01  0.50000E-01 -0.55006E-01  0.39457E-02 -0.14575E-01  0.21737E-01
 -0.11538E-01 -0.50000E-01  0.51550E-01  0.55004E-01 -0.39467E-02  0.16100E-01
 -0.11538E-01 -0.48000E-01  0.31848E-01  0.55000E-01 -0.18042E-01  0.30800E-01
 -0.11538E-01 -0.46000E-01  0.11600E-01  0.55000E-01 -0.18042E-01  0.34074E-01
 -0.11538E-01 -0.44000E-01 -0.10600E-01  0.55000E-01 -0.18042E-01  0.34901E-01
 -0.11538E-01 -0.42000E-01 -0.35951E-01  0.55006E-01 -0.18042E-01  0.35928E-01
 -0.11538E-01 -0.40000E-01 -0.55000E-01  0.55000E-01 -0.18042E-01  0.35767E-01
 -0.11538E-01 -0.38000E-01 -0.55000E-01  0.55000E-01 -0.18042E-01  0.35594E-01
 -0.11538E-01 -0.36000E-01 -0.55000E-01  0.55000E-01 -0.18042E-01  0.35334E-01
 -0.11538E-01 -0.34000E-01 -0.55000E-01  0.55000E-01 -0.18042E-01  0.35162E-01
 -0.11538E-01 -0.32000E-01 -0.55000E-01  0.55000E-01 -0.18042E-01  0.35162E-01
 -0.11538E-01 -0.30000E-01 -0.55000E-01  0.55000E-01 -0.18042E-01  0.35162E-01
 -0.11538E-01 -0.28000E-01 -0.55000E-01  0.55000E-01 -0.18042E-01  0.35162E-01
 -0.11538E-01 -0.26000E-01 -0.55000E-01  0.55000E-01 -0.18042E-01  0.35085E-01
 -0.11538E-01 -0.24000E-01 -0.55000E-01  0.55000E-01 -0.18042E-01  0.34855E-01
 -0.11538E-01 -0.22000E-01 -0.55000E-01  0.55000E-01 -0.18042E-01  0.34625E-01
 -0.11538E-01 -0.20000E-01 -0.55000E-01  0.55000E-01 -0.18042E-01  0.34472E-01
 -0.11538E-01 -0.18000E-01 -0.55000E-01  0.55000E-01 -0.18042E-01  0.34319E-01
 -0.11538E-01 -0.16000E-01 -0.55000E-01  0.55000E-01 -0.18042E-01  0.34089E-01
 -0.11538E-01 -0.14000E-01 -0.55000E-01  0.55000E-01 -0.18042E-01  0.33936E-01
 -0.11538E-01 -0.12000E-01 -0.55000E-01  0.55000E-01 -0.18042E-01  0.33170E-01
 -0.11538E-01 -0.10000E-01 -0.55000E-01  0.55000E-01 -0.18042E-01  0.32996E-01
 -0.11538E-01 -0.80000E-02 -0.55000E-01  0.55000E-01 -0.18042E-01  0.32736E-01
 -0.11538E-01 -0.60000E-02 -0.55000E-01  0.55000E-01 -0.18042E-01  0.32325E-01
 -0.11538E-01 -0.40000E-02 -0.55000E-01  0.55000E-01 -0.18042E-01  0.32231E-01
 -0.11538E-01 -0.20000E-02 -0.55000E-01  0.55000E-01 -0.18042E-01  0.31950E-01
 -0.11538E-01  0.00000E+00 -0.55000E-01  0.55000E-01 -0.18042E-01  0.31612E-01
 -0.11538E-01  0.20000E-02 -0.55000E-01  0.55000E-01 -0.18042E-01  0.31514E-01
 -0.11538E-01  0.40000E-02 -0.55000E-01  0.55000E-01 -0.18042E-01  0.31218E-01
 -0.11538E-01  0.60000E-02 -0.55000E-01  0.55000E-01 -0.18042E-01  0.31000E-01
 -0.11538E-01  0.80000E-02 -0.55000E-01  0.55000E-01 -0.18042E-01  0.30900E-01
 -0.11538E-01  0.10000E-01 -0.55000E-01  0.55000E-01 -0.18042E-01  0.30700E-01
 -0.11538E-01  0.12000E-01 -0.55000E-01  0.55000E-01 -0.18042E-01  0.30431E-01
 -0.11538E-01  0.14000E-01 -0.55000E-01  0.55000E-01 -0.18042E-01  0.30234E-01
 -0.11538E-01  0.16000E-01 -0.55000E-01  0.55000E-01 -0.18042E-01  0.30135E-01
 -0.11538E-01  0.18000E-01 -0.55000E-01  0.55000E-01 -0.18042E-01  0.29882E-01
 -0.11538E-01  0.20000E-01 -0.55000E-01  0.55000E-01 -0.18042E-01  0.29694E-01
 -0.11538E-01  0.22000E-01 -0.55000E-01  0.55000E-01 -0.18042E-01  0.29600E-01
 -0.11538E-01  0.24000E-01 -0.55000E-01  0.55000E-01 -0.18042E-01  0.29506E-01
 -0.11538E-01  0.26000E-01 -0.55003E-01  0.54650E-01 -0.18042E-01  0.29185E-01
 -0.11538E-01  0.28000E-01 -0.55000E-01  0.53165E-01 -0.18042E-01  0.29098E-01
 -0.11538E-01  0.30000E-01 -0.55000E-01  0.51672E-01 -0.18042E-01  0.29012E-01
 -0.11538E-01  0.32000E-01 -0.55000E-01  0.50188E-01 -0.18042E-01  0.28727E-01
 -0.11538E-01  0.34000E-01 -0.55000E-01  0.48703E-01 -0.18042E-01  0.28650E-01
 -0.11538E-01  0.36000E-01 -0.55000E-01  0.47309E-01 -0.18042E-01  0.28574E-01
 -0.11538E-01  0.38000E-01 -0.55000E-01  0.43930E-01 -0.18042E-01  0.28283E-01
 -0.11538E-01  0.40000E-01 -0.55000E-01  0.38800E-01 -0.18042E-01  0.28283E-01
 -0.11538E-01  0.42000E-01 -0.55000E-01  0.31196E-01 -0.18042E-01  0.28283E-01
 -0.11538E-01  0.44000E-01 -0.55000E-01  0.23843E-01 -0.18042E-01  0.25712E-01
 -0.11538E-01  0.46000E-01 -0.55000E-01  0.16896E-01 -0.18042E-01  0.24054E-01
 -0.11538E-01  0.48000E-01 -0.54999E-01  0.10393E-01 -0.18042E-01  0.23364E-01
 -0.11538E-01  0.50000E-01 -0.55006E-01  0.38472E-02 -0.18042E-01  0.22257E-01
 -0.76923E-02 -0.50000E-01  0.50950E-01  0.55000E-01 -0.72876E-02  0.13900E-01
 -0.76923E-02 -0.48000E-01  0.31160E-01  0.55000E-01 -0.21469E-01  0.28900E-01
 -0.76923E-02 -0.46000E-01  0.10800E-01  0.55000E-01 -0.21500E-01  0.33483E-01
 -0.76923E-02 -0.44000E-01 -0.11400E-01  0.55000E-01 -0.21500E-01  0.34295E-01
 -0.76923E-02 -0.42000E-01 -0.35793E-01  0.55000E-01 -0.21500E-01  0.35162E-01
 -0.76923E-02 -0.40000E-01 -0.55000E-01  0.55000E-01 -0.21500E-01  0.35161E-01
 -0.76923E-02 -0.38000E-01 -0.55000E-01  0.55000E-01 -0.21500E-01  0.34988E-01
 -0.76923E-02 -0.36000E-01 -0.55000E-01  0.55000E-01 -0.21500E-01  0.34814E-01
 -0.76923E-02 -0.34000E-01 -0.55000E-01  0.55000E-01 -0.21500E-01  0.34641E-01
 -0.76923E-02 -0.32000E-01 -0.55000E-01  0.55000E-01 -0.21500E-01  0.34381E-01
 -0.76923E-02 -0.30000E-01 -0.55000E-01  0.55000E-01 -0.21500E-01  0.34208E-01
 -0.76923E-02 -0.28000E-01 -0.55000E-01  0.55000E-01 -0.21500E-01  0.34035E-01
 -0.76923E-02 -0.26000E-01 -0.55000E-01  0.55000E-01 -0.21500E-01  0.33936E-01
 -0.76923E-02 -0.24000E-01 -0.55000E-01  0.55000E-01 -0.21500E-01  0.34013E-01
 -0.76923E-02 -0.22000E-01 -0.55000E-01  0.55000E-01 -0.21500E-01  0.34013E-01
 -0.76923E-02 -0.20000E-01 -0.55000E-01  0.55000E-01 -0.21500E-01  0.33859E-01
 -0.76923E-02 -0.18000E-01 -0.55000E-01  0.55000E-01 -0.21500E-01  0.33706E-01
 -0.76923E-02 -0.16000E-01 -0.55000E-01  0.55000E-01 -0.21500E-01  0.33553E-01
 -0.76923E-02 -0.14000E-01 -0.55000E-01  0.55000E-01 -0.21500E-01  0.33323E-01
 -0.76923E-02 -0.12000E-01 -0.55000E-01  0.55000E-01 -0.21500E-01  0.33170E-01
 -0.76923E-02 -0.10000E-01 -0.55000E-01  0.55000E-01 -0.21500E-01  0.33017E-01
 -0.76923E-02 -0.80000E-02 -0.55000E-01  0.55000E-01 -0.21500E-01  0.32787E-01
 -0.76923E-02 -0.60000E-02 -0.55000E-01  0.55000E-01 -0.21500E-01  0.32634E-01
 -0.76923E-02 -0.40000E-02 -0.55000E-01  0.55000E-01 -0.21500E-01  0.32097E-01
 -0.76923E-02 -0.20000E-02 -0.55000E-01  0.55000E-01 -0.21500E-01  0.31783E-01
 -0.76923E-02  0.00000E+00 -0.55000E-01  0.55000E-01 -0.21500E-01  0.31697E-01
 -0.76923E-02  0.20000E-02 -0.55000E-01  0.55000E-01 -0.21500E-01  0.31198E-01
 -0.76923E-02  0.40000E-02 -0.55000E-01  0.55000E-01 -0.21500E-01  0.31010E-01
 -0.76923E-02  0.60000E-02 -0.55000E-01  0.55000E-01 -0.21500E-01  0.30916E-01
 -0.76923E-02  0.80000E-02 -0.55000E-01  0.55000E-01 -0.21500E-01  0.30446E-01
 -0.76923E-02  0.10000E-01 -0.55000E-01  0.55000E-01 -0.21500E-01  0.30332E-01
 -0.76923E-02  0.12000E-01 -0.55000E-01  0.55000E-01 -0.21500E-01  0.30234E-01
 -0.76923E-02  0.14000E-01 -0.55000E-01  0.55000E-01 -0.21500E-01  0.29900E-01
 -0.76923E-02  0.16000E-01 -0.55000E-01  0.55000E-01 -0.21500E-01  0.29700E-01
 -0.76923E-02  0.18000E-01 -0.55000E-01  0.55000E-01 -0.21500E-01  0.29600E-01
 -0.76923E-02  0.20000E-01 -0.55000E-01  0.55000E-01 -0.21500E-01  0.29300E-01
 -0.76923E-02  0.22000E-01 -0.55000E-01  0.55000E-01 -0.21500E-01  0.29150E-01
 -0.76923E-02  0.24000E-01 -0.55000E-01  0.55000E-01 -0.21500E-01  0.29052E-01
 -0.76923E-02  0.26000E-01 -0.55003E-01  0.54551E-01 -0.21500E-01  0.28855E-01
 -0.76923E-02  0.28000E-01 -0.55000E-01  0.53972E-01 -0.21500E-01  0.28661E-01
 -0.76923E-02  0.30000E-01 -0.55000E-01  0.52627E-01 -0.21500E-01  0.28567E-01
 -0.76923E-02  0.32000E-01 -0.55000E-01  0.51063E-01 -0.21500E-01  0.28319E-01
 -0.76923E-02  0.34000E-01 -0.55000E-01  0.49435E-01 -0.21500E-01  0.28232E-01
 -0.76923E-02  0.36000E-01 -0.55000E-01  0.47871E-01 -0.21500E-01  0.28146E-01
 -0.76923E-02  0.38000E-01 -0.55000E-01  0.46153E-01 -0.21500E-01  0.27884E-01
 -0.76923E-02  0.40000E-01 -0.55000E-01  0.38143E-01 -0.21500E-01  0.27884E-01
 -0.76923E-02  0.42000E-01 -0.55000E-01  0.30538E-01 -0.21500E-01  0.27640E-01
 -0.76923E-02  0.44000E-01 -0.55000E-01  0.23373E-01 -0.21500E-01  0.26804E-01
 -0.76923E-02  0.46000E-01 -0.55000E-01  0.16749E-01 -0.21500E-01  0.24743E-01
 -0.76923E-02  0.48000E-01 -0.54996E-01  0.10203E-01 -0.21500E-01  0.23977E-01
 -0.76923E-02  0.50000E-01 -0.55006E-01  0.37487E-02 -0.21500E-01  0.22776E-01
 -0.38462E-02 -0.50000E-01  0.50572E-01  0.55000E-01 -0.10045E-01  0.13787E-01
 -0.38462E-02 -0.48000E-01  0.30781E-01  0.55007E-01 -0.24817E-01  0.27476E-01
 -0.38462E-02 -0.46000E-01  0.10300E-01  0.55000E-01 -0.24916E-01  0.31908E-01
 -0.38462E-02 -0.44000E-01 -0.11800E-01  0.55000E-01 -0.24941E-01  0.31908E-01
 -0.38462E-02 -0.42000E-01 -0.35604E-01  0.55000E-01 -0.24941E-01  0.31908E-01
 -0.38462E-02 -0.40000E-01 -0.55000E-01  0.55000E-01 -0.24941E-01  0.31908E-01
 -0.38462E-02 -0.38000E-01 -0.55000E-01  0.55000E-01 -0.24941E-01  0.31908E-01
 -0.38462E-02 -0.36000E-01 -0.55000E-01  0.55000E-01 -0.24941E-01  0.31908E-01
 -0.38462E-02 -0.34000E-01 -0.55000E-01  0.55000E-01 -0.24941E-01  0.31908E-01
 -0.38462E-02 -0.32000E-01 -0.55000E-01  0.55000E-01 -0.24941E-01  0.31908E-01
 -0.38462E-02 -0.30000E-01 -0.55000E-01  0.55000E-01 -0.24941E-01  0.31908E-01
 -0.38462E-02 -0.28000E-01 -0.55000E-01  0.55000E-01 -0.24941E-01  0.31908E-01
 -0.38462E-02 -0.26000E-01 -0.55000E-01  0.55000E-01 -0.24941E-01  0.31908E-01
 -0.38462E-02 -0.24000E-01 -0.55000E-01  0.55000E-01 -0.24941E-01  0.31908E-01
 -0.38462E-02 -0.22000E-01 -0.55000E-01  0.55000E-01 -0.24941E-01  0.31908E-01
 -0.38462E-02 -0.20000E-01 -0.55000E-01  0.55000E-01 -0.24941E-01  0.31908E-01
 -0.38462E-02 -0.18000E-01 -0.55000E-01  0.55000E-01 -0.24941E-01  0.31870E-01
 -0.38462E-02 -0.16000E-01 -0.55000E-01  0.55000E-01 -0.24941E-01  0.31870E-01
 -0.38462E-02 -0.14000E-01 -0.55000E-01  0.55000E-01 -0.24941E-01  0.31870E-01
 -0.38462E-02 -0.12000E-01 -0.55000E-01  0.55000E-01 -0.24941E-01  0.31870E-01
 -0.38462E-02 -0.10000E-01 -0.55000E-01  0.55000E-01 -0.24941E-01  0.31870E-01
 -0.38462E-02 -0.80000E-02 -0.55000E-01  0.55000E-01 -0.24941E-01  0.31868E-01
 -0.38462E-02 -0.60000E-02 -0.55000E-01  0.55000E-01 -0.24941E-01  0.31868E-01
 -0.38462E-02 -0.40000E-02 -0.55000E-01  0.55000E-01 -0.24941E-01  0.31868E-01
 -0.38462E-02 -0.20000E-02 -0.55000E-01  0.55000E-01 -0.24941E-01  0.31714E-01
 -0.38462E-02  0.00000E+00 -0.55000E-01  0.55000E-01 -0.24941E-01  0.31561E-01
 -0.38462E-02  0.20000E-02 -0.55000E-01  0.55000E-01 -0.24941E-01  0.31408E-01
 -0.38462E-02  0.40000E-02 -0.55000E-01  0.55000E-01 -0.24941E-01  0.30948E-01
 -0.38462E-02  0.60000E-02 -0.55000E-01  0.55000E-01 -0.24941E-01  0.30571E-01
 -0.38462E-02  0.80000E-02 -0.55000E-01  0.55000E-01 -0.24941E-01  0.30484E-01
 -0.38462E-02  0.10000E-01 -0.55000E-01  0.55000E-01 -0.24941E-01  0.30138E-01
 -0.38462E-02  0.12000E-01 -0.55000E-01  0.55000E-01 -0.24941E-01  0.29882E-01
 -0.38462E-02  0.14000E-01 -0.55000E-01  0.55000E-01 -0.24941E-01  0.29694E-01
 -0.38462E-02  0.16000E-01 -0.55000E-01  0.55000E-01 -0.24941E-01  0.29506E-01
 -0.38462E-02  0.18000E-01 -0.55000E-01  0.55000E-01 -0.24941E-01  0.29249E-01
 -0.38462E-02  0.20000E-01 -0.55000E-01  0.55000E-01 -0.24941E-01  0.29052E-01
 -0.38462E-02  0.22000E-01 -0.55000E-01  0.55000E-01 -0.24941E-01  0.28953E-01
 -0.38462E-02  0.24000E-01 -0.55000E-01  0.55000E-01 -0.24941E-01  0.28600E-01
 -0.38462E-02  0.26000E-01 -0.55003E-01  0.54942E-01 -0.24941E-01  0.28500E-01
 -0.38462E-02  0.28000E-01 -0.55000E-01  0.53878E-01 -0.24941E-01  0.28300E-01
 -0.38462E-02  0.30000E-01 -0.55000E-01  0.52251E-01 -0.24941E-01  0.28165E-01
 -0.38462E-02  0.32000E-01 -0.55000E-01  0.50687E-01 -0.24941E-01  0.28067E-01
 -0.38462E-02  0.34000E-01 -0.55000E-01  0.49059E-01 -0.24941E-01  0.27815E-01
 -0.38462E-02  0.36000E-01 -0.55000E-01  0.47495E-01 -0.24941E-01  0.27721E-01
 -0.38462E-02  0.38000E-01 -0.55000E-01  0.45308E-01 -0.24941E-01  0.27453E-01
 -0.38462E-02  0.40000E-01 -0.55000E-01  0.37421E-01 -0.24941E-01  0.27280E-01
 -0.38462E-02  0.42000E-01 -0.55000E-01  0.30542E-01 -0.24941E-01  0.27271E-01
 -0.38462E-02  0.44000E-01 -0.55000E-01  0.23097E-01 -0.24941E-01  0.26997E-01
 -0.38462E-02  0.46000E-01 -0.55000E-01  0.16552E-01 -0.24941E-01  0.25509E-01
 -0.38462E-02  0.48000E-01 -0.54996E-01  0.10100E-01 -0.24941E-01  0.24667E-01
 -0.38462E-02  0.50000E-01 -0.55006E-01  0.37000E-02 -0.24335E-01  0.23209E-01
  0.00000E+00 -0.50000E-01  0.50432E-01  0.55000E-01 -0.13196E-01  0.13196E-01
  0.00000E+00 -0.48000E-01  0.30600E-01  0.55007E-01 -0.26097E-01  0.26097E-01
  0.00000E+00 -0.46000E-01  0.10100E-01  0.55000E-01 -0.28400E-01  0.28400E-01
  0.00000E+00 -0.44000E-01 -0.12000E-01  0.55000E-01 -0.28420E-01  0.28420E-01
  0.00000E+00 -0.42000E-01 -0.35700E-01  0.55000E-01 -0.28420E-01  0.28420E-01
  0.00000E+00 -0.40000E-01 -0.55000E-01  0.55000E-01 -0.28420E-01  0.28420E-01
  0.00000E+00 -0.38000E-01 -0.55000E-01  0.55000E-01 -0.28420E-01  0.28420E-01
  0.00000E+00 -0.36000E-01 -0.55000E-01  0.55000E-01 -0.28420E-01  0.28420E-01
  0.00000E+00 -0.34000E-01 -0.55000E-01  0.55000E-01 -0.28420E-01  0.28420E-01
  0.00000E+00 -0.32000E-01 -0.55000E-01  0.55000E-01 -0.28420E-01  0.28420E-01
  0.00000E+00 -0.30000E-01 -0.55000E-01  0.55000E-01 -0.28420E-01  0.28420E-01
  0.00000E+00 -0.28000E-01 -0.55000E-01  0.55000E-01 -0.28420E-01  0.28420E-01
  0.00000E+00 -0.26000E-01 -0.55000E-01  0.55000E-01 -0.28420E-01  0.28420E-01
  0.00000E+00 -0.24000E-01 -0.55000E-01  0.55000E-01 -0.28420E-01  0.28420E-01
  0.00000E+00 -0.22000E-01 -0.55000E-01  0.55000E-01 -0.28420E-01  0.28420E-01
  0.00000E+00 -0.20000E-01 -0.55000E-01  0.55000E-01 -0.28420E-01  0.28420E-01
  0.00000E+00 -0.18000E-01 -0.55000E-01  0.55000E-01 -0.28420E-01  0.28420E-01
  0.00000E+00 -0.16000E-01 -0.55000E-01  0.55000E-01 -0.28420E-01  0.28420E-01
  0.00000E+00 -0.14000E-01 -0.55000E-01  0.55000E-01 -0.28420E-01  0.28420E-01
  0.00000E+00 -0.12000E-01 -0.55000E-01  0.55000E-01 -0.28420E-01  0.28420E-01
  0.00000E+00 -0.10000E-01 -0.55000E-01  0.55000E-01 -0.28420E-01  0.28420E-01
  0.00000E+00 -0.80000E-02 -0.55000E-01  0.55000E-01 -0.28420E-01  0.28420E-01
  0.00000E+00 -0.60000E-02 -0.55000E-01  0.55000E-01 -0.28420E-01  0.28420E-01
  0.00000E+00 -0.40000E-02 -0.55000E-01  0.55000E-01 -0.28420E-01  0.28420E-01
  0.00000E+00 -0.20000E-02 -0.55000E-01  0.55000E-01 -0.28420E-01  0.28420E-01
  0.00000E+00  0.00000E+00 -0.55000E-01  0.55000E-01 -0.28420E-01  0.28420E-01
  0.00000E+00  0.20000E-02 -0.55000E-01  0.55000E-01 -0.28420E-01  0.28420E-01
  0.00000E+00  0.40000E-02 -0.55000E-01  0.55000E-01 -0.28420E-01  0.28420E-01
  0.00000E+00  0.60000E-02 -0.55000E-01  0.55000E-01 -0.28420E-01  0.28420E-01
  0.00000E+00  0.80000E-02 -0.55000E-01  0.55000E-01 -0.28420E-01  0.28420E-01
  0.00000E+00  0.10000E-01 -0.55000E-01  0.55000E-01 -0.28420E-01  0.28420E-01
  0.00000E+00  0.12000E-01 -0.55000E-01  0.55000E-01 -0.28420E-01  0.28420E-01
  0.00000E+00  0.14000E-01 -0.55000E-01  0.55000E-01 -0.28420E-01  0.28420E-01
  0.00000E+00  0.16000E-01 -0.55000E-01  0.55000E-01 -0.28420E-01  0.28420E-01
  0.00000E+00  0.18000E-01 -0.55000E-01  0.55000E-01 -0.28420E-01  0.28420E-01
  0.00000E+00  0.20000E-01 -0.55000E-01  0.55000E-01 -0.28406E-01  0.28406E-01
  0.00000E+00  0.22000E-01 -0.55000E-01  0.55000E-01 -0.28379E-01  0.28379E-01
  0.00000E+00  0.24000E-01 -0.55000E-01  0.55000E-01 -0.28379E-01  0.28379E-01
  0.00000E+00  0.26000E-01 -0.55003E-01  0.54942E-01 -0.28097E-01  0.28097E-01
  0.00000E+00  0.28000E-01 -0.55000E-01  0.53503E-01 -0.27969E-01  0.27968E-01
  0.00000E+00  0.30000E-01 -0.55000E-01  0.51875E-01 -0.27870E-01  0.27870E-01
  0.00000E+00  0.32000E-01 -0.55000E-01  0.50217E-01 -0.27600E-01  0.27600E-01
  0.00000E+00  0.34000E-01 -0.55000E-01  0.48683E-01 -0.27500E-01  0.27500E-01
  0.00000E+00  0.36000E-01 -0.55000E-01  0.47120E-01 -0.27279E-01  0.27279E-01
  0.00000E+00  0.38000E-01 -0.55000E-01  0.44462E-01 -0.27082E-01  0.27082E-01
  0.00000E+00  0.40000E-01 -0.55000E-01  0.36669E-01 -0.26969E-01  0.26969E-01
  0.00000E+00  0.42000E-01 -0.55000E-01  0.29500E-01 -0.26847E-01  0.26847E-01
  0.00000E+00  0.44000E-01 -0.55000E-01  0.23000E-01 -0.26658E-01  0.26658E-01
  0.00000E+00  0.46000E-01 -0.55000E-01  0.16600E-01 -0.26275E-01  0.26275E-01
  0.00000E+00  0.48000E-01 -0.54996E-01  0.10100E-01 -0.25356E-01  0.25356E-01
  0.00000E+00  0.50000E-01 -0.55006E-01  0.37000E-02 -0.23729E-01  0.23729E-01
  0.38462E-02 -0.50000E-01  0.50572E-01  0.55000E-01 -0.13787E-01  0.10045E-01
  0.38462E-02 -0.48000E-01  0.30781E-01  0.55007E-01 -0.27476E-01  0.24817E-01
  0.38462E-02 -0.46000E-01  0.10300E-01  0.55000E-01 -0.31908E-01  0.24916E-01
  0.38462E-02 -0.44000E-01 -0.11800E-01  0.55000E-01 -0.31908E-01  0.24941E-01
  0.38462E-02 -0.42000E-01 -0.35604E-01  0.55000E-01 -0.31908E-01  0.24941E-01
  0.38462E-02 -0.40000E-01 -0.55000E-01  0.55000E-01 -0.31908E-01  0.24941E-01
  0.38462E-02 -0.38000E-01 -0.55000E-01  0.55000E-01 -0.31908E-01  0.24941E-01
  0.38462E-02 -0.36000E-01 -0.55000E-01  0.55000E-01 -0.31908E-01  0.24941E-01
  0.38462E-02 -0.34000E-01 -0.55000E-01  0.55000E-01 -0.31908E-01  0.24941E-01
  0.38462E-02 -0.32000E-01 -0.55000E-01  0.55000E-01 -0.31908E-01  0.24941E-01
  0.38462E-02 -0.30000E-01 -0.55000E-01  0.55000E-01 -0.31908E-01  0.24941E-01
  0.38462E-02 -0.28000E-01 -0.55000E-01  0.55000E-01 -0.31908E-01  0.24941E-01
  0.38462E-02 -0.26000E-01 -0.55000E-01  0.55000E-01 -0.31908E-01  0.24941E-01
  0.38462E-02 -0.24000E-01 -0.55000E-01  0.55000E-01 -0.31908E-01  0.24941E-01
  0.38462E-02 -0.22000E-01 -0.55000E-01  0.55000E-01 -0.31908E-01  0.24941E-01
  0.38462E-02 -0.20000E-01 -0.55000E-01  0.55000E-01 -0.31908E-01  0.24941E-01
  0.38462E-02 -0.18000E-01 -0.55000E-01  0.55000E-01 -0.31870E-01  0.24941E-01
  0.38462E-02 -0.16000E-01 -0.55000E-01  0.55000E-01 -0.31870E-01  0.24941E-01
  0.38462E-02 -0.14000E-01 -0.55000E-01  0.55000E-01 -0.31870E-01  0.24941E-01
  0.38462E-02 -0.12000E-01 -0.55000E-01  0.55000E-01 -0.31870E-01  0.24941E-01
  0.38462E-02 -0.10000E-01 -0.55000E-01  0.55000E-01 -0.31870E-01  0.24941E-01
  0.38462E-02 -0.80000E-02 -0.55000E-01  0.55000E-01 -0.31868E-01  0.24941E-01
  0.38462E-02 -0.60000E-02 -0.55000E-01  0.55000E-01 -0.31868E-01  0.24941E-01
  0.38462E-02 -0.40000E-02 -0.55000E-01  0.55000E-01 -0.31868E-01  0.24941E-01
  0.38462E-02 -0.20000E-02 -0.55000E-01  0.55000E-01 -0.31714E-01  0.24941E-01
  0.38462E-02  0.00000E+00 -0.55000E-01  0.55000E-01 -0.31561E-01  0.24941E-01
  0.38462E-02  0.20000E-02 -0.55000E-01  0.55000E-01 -0.31408E-01  0.24941E-01
  0.38462E-02  0.40000E-02 -0.55000E-01  0.55000E-01 -0.30948E-01  0.24941E-01
  0.38462E-02  0.60000E-02 -0.55000E-01  0.55000E-01 -0.30571E-01  0.24941E-01
  0.38462E-02  0.80000E-02 -0.55000E-01  0.55000E-01 -0.30484E-01  0.24941E-01
  0.38462E-02  0.10000E-01 -0.55000E-01  0.55000E-01 -0.30138E-01  0.24941E-01
  0.38462E-02  0.12000E-01 -0.55000E-01  0.55000E-01 -0.29882E-01  0.24941E-01
  0.38462E-02  0.14000E-01 -0.55000E-01  0.55000E-01 -0.29694E-01  0.24941E-01
  0.38462E-02  0.16000E-01 -0.55000E-01  0.55000E-01 -0.29506E-01  0.24941E-01
  0.38462E-02  0.18000E-01 -0.55000E-01  0.55000E-01 -0.29249E-01  0.24941E-01
  0.38462E-02  0.20000E-01 -0.55000E-01  0.55000E-01 -0.29052E-01  0.24941E-01
  0.38462E-02  0.22000E-01 -0.55000E-01  0.55000E-01 -0.28953E-01  0.24941E-01
  0.38462E-02  0.24000E-01 -0.55000E-01  0.55000E-01 -0.28600E-01  0.24941E-01
  0.38462E-02  0.26000E-01 -0.55003E-01  0.54942E-01 -0.28500E-01  0.24941E-01
  0.38462E-02  0.28000E-01 -0.55000E-01  0.53878E-01 -0.28300E-01  0.24941E-01
  0.38462E-02  0.30000E-01 -0.55000E-01  0.52251E-01 -0.28165E-01  0.24941E-01
  0.38462E-02  0.32000E-01 -0.55000E-01  0.50687E-01 -0.28067E-01  0.24941E-01
  0.38462E-02  0.34000E-01 -0.55000E-01  0.49059E-01 -0.27815E-01  0.24941E-01
  0.38462E-02  0.36000E-01 -0.55000E-01  0.47495E-01 -0.27721E-01  0.24941E-01
  0.38462E-02  0.38000E-01 -0.55000E-01  0.45308E-01 -0.27453E-01  0.24941E-01
  0.38462E-02  0.40000E-01 -0.55000E-01  0.37421E-01 -0.27280E-01  0.24941E-01
  0.38462E-02  0.42000E-01 -0.55000E-01  0.30542E-01 -0.27271E-01  0.24941E-01
  0.38462E-02  0.44000E-01 -0.55000E-01  0.23097E-01 -0.26997E-01  0.24941E-01
  0.38462E-02  0.46000E-01 -0.55000E-01  0.16552E-01 -0.25509E-01  0.24941E-01
  0.38462E-02  0.48000E-01 -0.54996E-01  0.10100E-01 -0.24667E-01  0.24941E-01
  0.38462E-02  0.50000E-01 -0.55006E-01  0.37000E-02 -0.23209E-01  0.24335E-01
  0.76923E-02 -0.50000E-01  0.50950E-01  0.55000E-01 -0.13900E-01  0.72876E-02
  0.76923E-02 -0.48000E-01  0.31160E-01  0.55000E-01 -0.28900E-01  0.21469E-01
  0.76923E-02 -0.46000E-01  0.10800E-01  0.55000E-01 -0.33483E-01  0.21500E-01
  0.76923E-02 -0.44000E-01 -0.11400E-01  0.55000E-01 -0.34295E-01  0.21500E-01
  0.76923E-02 -0.42000E-01 -0.35793E-01  0.55000E-01 -0.35162E-01  0.21500E-01
  0.76923E-02 -0.40000E-01 -0.55000E-01  0.55000E-01 -0.35161E-01  0.21500E-01
  0.76923E-02 -0.38000E-01 -0.55000E-01  0.55000E-01 -0.34988E-01  0.21500E-01
  0.76923E-02 -0.36000E-01 -0.55000E-01  0.55000E-01 -0.34814E-01  0.21500E-01
  0.76923E-02 -0.34000E-01 -0.55000E-01  0.55000E-01 -0.34641E-01  0.21500E-01
  0.76923E-02 -0.32000E-01 -0.55000E-01  0.55000E-01 -0.34381E-01  0.21500E-01
  0.76923E-02 -0.30000E-01 -0.55000E-01  0.55000E-01 -0.34208E-01  0.21500E-01
  0.76923E-02 -0.28000E-01 -0.55000E-01  0.55000E-01 -0.34035E-01  0.21500E-01
  0.76923E-02 -0.26000E-01 -0.55000E-01  0.55000E-01 -0.33936E-01  0.21500E-01
  0.76923E-02 -0.24000E-01 -0.55000E-01  0.55000E-01 -0.34013E-01  0.21500E-01
  0.76923E-02 -0.22000E-01 -0.55000E-01  0.55000E-01 -0.34013E-01  0.21500E-01
  0.76923E-02 -0.20000E-01 -0.55000E-01  0.55000E-01 -0.33859E-01  0.21500E-01
  0.76923E-02 -0.18000E-01 -0.55000E-01  0.55000E-01 -0.33706E-01  0.21500E-01
  0.76923E-02 -0.16000E-01 -0.55000E-01  0.55000E-01 -0.33553E-01  0.21500E-01
  0.76923E-02 -0.14000E-01 -0.55000E-01  0.55000E-01 -0.33323E-01  0.21500E-01
  0.76923E-02 -0.12000E-01 -0.55000E-01  0.55000E-01 -0.33170E-01  0.21500E-01
  0.76923E-02 -0.10000E-01 -0.55000E-01  0.55000E-01 -0.33017E-01  0.21500E-01
  0.76923E-02 -0.80000E-02 -0.55000E-01  0.55000E-01 -0.32787E-01  0.21500E-01
  0.76923E-02 -0.60000E-02 -0.55000E-01  0.55000E-01 -0.32634E-01  0.21500E-01
  0.76923E-02 -0.40000E-02 -0.55000E-01  0.55000E-01 -0.32097E-01  0.21500E-01
  0.76923E-02 -0.20000E-02 -0.55000E-01  0.55000E-01 -0.31783E-01  0.21500E-01
  0.76923E-02  0.00000E+00 -0.55000E-01  0.55000E-01 -0.31697E-01  0.21500E-01
  0.76923E-02  0.20000E-02 -0.55000E-01  0.55000E-01 -0.31198E-01  0.21500E-01
  0.76923E-02  0.40000E-02 -0.55000E-01  0.55000E-01 -0.31010E-01  0.21500E-01
  0.76923E-02  0.60000E-02 -0.55000E-01  0.55000E-01 -0.30916E-01  0.21500E-01
  0.76923E-02  0.80000E-02 -0.55000E-01  0.55000E-01 -0.30446E-01  0.21500E-01
  0.76923E-02  0.10000E-01 -0.55000E-01  0.55000E-01 -0.30332E-01  0.21500E-01
  0.76923E-02  0.12000E-01 -0.55000E-01  0.55000E-01 -0.30234E-01  0.21500E-01
  0.76923E-02  0.14000E-01 -0.55000E-01  0.55000E-01 -0.29900E-01  0.21500E-01
  0.76923E-02  0.16000E-01 -0.55000E-01  0.55000E-01 -0.29700E-01  0.21500E-01
  0.76923E-02  0.18000E-01 -0.55000E-01  0.55000E-01 -0.29600E-01  0.21500E-01
  0.76923E-02  0.20000E-01 -0.55000E-01  0.55000E-01 -0.29300E-01  0.21500E-01
  0.76923E-02  0.22000E-01 -0.55000E-01  0.55000E-01 -0.29150E-01  0.21500E-01
  0.76923E-02  0.24000E-01 -0.55000E-01  0.55000E-01 -0.29052E-01  0.21500E-01
  0.76923E-02  0.26000E-01 -0.55003E-01  0.54551E-01 -0.28855E-01  0.21500E-01
  0.76923E-02  0.28000E-01 -0.55000E-01  0.53972E-01 -0.28661E-01  0.21500E-01
  0.76923E-02  0.30000E-01 -0.55000E-01  0.52627E-01 -0.28567E-01  0.21500E-01
  0.76923E-02  0.32000E-01 -0.55000E-01  0.51063E-01 -0.28319E-01  0.21500E-01
  0.76923E-02  0.34000E-01 -0.55000E-01  0.49435E-01 -0.28232E-01  0.21500E-01
  0.76923E-02  0.36000E-01 -0.55000E-01  0.47871E-01 -0.28146E-01  0.21500E-01
  0.76923E-02  0.38000E-01 -0.55000E-01  0.46153E-01 -0.27884E-01  0.21500E-01
  0.76923E-02  0.40000E-01 -0.55000E-01  0.38143E-01 -0.27884E-01  0.21500E-01
  0.76923E-02  0.42000E-01 -0.55000E-01  0.30538E-01 -0.27640E-01  0.21500E-01
  0.76923E-02  0.44000E-01 -0.55000E-01  0.23373E-01 -0.26804E-01  0.21500E-01
  0.76923E-02  0.46000E-01 -0.55000E-01  0.16749E-01 -0.24743E-01  0.21500E-01
  0.76923E-02  0.48000E-01 -0.54996E-01  0.10203E-01 -0.23977E-01  0.21500E-01
  0.76923E-02  0.50000E-01 -0.55006E-01  0.37487E-02 -0.22776E-01  0.21500E-01
  0.11538E-01 -0.50000E-01  0.51550E-01  0.55004E-01 -0.16100E-01  0.39467E-02
  0.11538E-01 -0.48000E-01  0.31848E-01  0.55000E-01 -0.30800E-01  0.18042E-01
  0.11538E-01 -0.46000E-01  0.11600E-01  0.55000E-01 -0.34074E-01  0.18042E-01
  0.11538E-01 -0.44000E-01 -0.10600E-01  0.55000E-01 -0.34901E-01  0.18042E-01
  0.11538E-01 -0.42000E-01 -0.35951E-01  0.55006E-01 -0.35928E-01  0.18042E-01
  0.11538E-01 -0.40000E-01 -0.55000E-01  0.55000E-01 -0.35767E-01  0.18042E-01
  0.11538E-01 -0.38000E-01 -0.55000E-01  0.55000E-01 -0.35594E-01  0.18042E-01
  0.11538E-01 -0.36000E-01 -0.55000E-01  0.55000E-01 -0.35334E-01  0.18042E-01
  0.11538E-01 -0.34000E-01 -0.55000E-01  0.55000E-01 -0.35162E-01  0.18042E-01
  0.11538E-01 -0.32000E-01 -0.55000E-01  0.55000E-01 -0.35162E-01  0.18042E-01
  0.11538E-01 -0.30000E-01 -0.55000E-01  0.55000E-01 -0.35162E-01  0.18042E-01
  0.11538E-01 -0.28000E-01 -0.55000E-01  0.55000E-01 -0.35162E-01  0.18042E-01
  0.11538E-01 -0.26000E-01 -0.55000E-01  0.55000E-01 -0.35085E-01  0.18042E-01
  0.11538E-01 -0.24000E-01 -0.55000E-01  0.55000E-01 -0.34855E-01  0.18042E-01
  0.11538E-01 -0.22000E-01 -0.55000E-01  0.55000E-01 -0.34625E-01  0.18042E-01
  0.11538E-01 -0.20000E-01 -0.55000E-01  0.55000E-01 -0.34472E-01  0.18042E-01
  0.11538E-01 -0.18000E-01 -0.55000E-01  0.55000E-01 -0.34319E-01  0.18042E-01
  0.11538E-01 -0.16000E-01 -0.55000E-01  0.55000E-01 -0.34089E-01  0.18042E-01
  0.11538E-01 -0.14000E-01 -0.55000E-01  0.55000E-01 -0.33936E-01  0.18042E-01
  0.11538E-01 -0.12000E-01 -0.55000E-01  0.55000E-01 -0.33170E-01  0.18042E-01
  0.11538E-01 -0.10000E-01 -0.55000E-01  0.55000E-01 -0.32996E-01  0.18042E-01
  0.11538E-01 -0.80000E-02 -0.55000E-01  0.55000E-01 -0.32736E-01  0.18042E-01
  0.11538E-01 -0.60000E-02 -0.55000E-01  0.55000E-01 -0.32325E-01  0.18042E-01
  0.11538E-01 -0.40000E-02 -0.55000E-01  0.55000E-01 -0.32231E-01  0.18042E-01
  0.11538E-01 -0.20000E-02 -0.55000E-01  0.55000E-01 -0.31950E-01  0.18042E-01
  0.11538E-01  0.00000E+00 -0.55000E-01  0.55000E-01 -0.31612E-01  0.18042E-01
  0.11538E-01  0.20000E-02 -0.55000E-01  0.55000E-01 -0.31514E-01  0.18042E-01
  0.11538E-01  0.40000E-02 -0.55000E-01  0.55000E-01 -0.31218E-01  0.18042E-01
  0.11538E-01  0.60000E-02 -0.55000E-01  0.55000E-01 -0.31000E-01  0.18042E-01
  0.11538E-01  0.80000E-02 -0.55000E-01  0.55000E-01 -0.30900E-01  0.18042E-01
  0.11538E-01  0.10000E-01 -0.55000E-01  0.55000E-01 -0.30700E-01  0.18042E-01
  0.11538E-01  0.12000E-01 -0.55000E-01  0.55000E-01 -0.30431E-01  0.18042E-01
  0.11538E-01  0.14000E-01 -0.55000E-01  0.55000E-01 -0.30234E-01  0.18042E-01
  0.11538E-01  0.16000E-01 -0.55000E-01  0.55000E-01 -0.30135E-01  0.18042E-01
  0.11538E-01  0.18000E-01 -0.55000E-01  0.55000E-01 -0.29882E-01  0.18042E-01
  0.11538E-01  0.20000E-01 -0.55000E-01  0.55000E-01 -0.29694E-01  0.18042E-01
  0.11538E-01  0.22000E-01 -0.55000E-01  0.55000E-01 -0.29600E-01  0.18042E-01
  0.11538E-01  0.24000E-01 -0.55000E-01  0.55000E-01 -0.29506E-01  0.18042E-01
  0.11538E-01  0.26000E-01 -0.55003E-01  0.54650E-01 -0.29185E-01  0.18042E-01
  0.11538E-01  0.28000E-01 -0.55000E-01  0.53165E-01 -0.29098E-01  0.18042E-01
  0.11538E-01  0.30000E-01 -0.55000E-01  0.51672E-01 -0.29012E-01  0.18042E-01
  0.11538E-01  0.32000E-01 -0.55000E-01  0.50188E-01 -0.28727E-01  0.18042E-01
  0.11538E-01  0.34000E-01 -0.55000E-01  0.48703E-01 -0.28650E-01  0.18042E-01
  0.11538E-01  0.36000E-01 -0.55000E-01  0.47309E-01 -0.28574E-01  0.18042E-01
  0.11538E-01  0.38000E-01 -0.55000E-01  0.43930E-01 -0.28283E-01  0.18042E-01
  0.11538E-01  0.40000E-01 -0.55000E-01  0.38800E-01 -0.28283E-01  0.18042E-01
  0.11538E-01  0.42000E-01 -0.55000E-01  0.31196E-01 -0.28283E-01  0.18042E-01
  0.11538E-01  0.44000E-01 -0.55000E-01  0.23843E-01 -0.25712E-01  0.18042E-01
  0.11538E-01  0.46000E-01 -0.55000E-01  0.16896E-01 -0.24054E-01  0.18042E-01
  0.11538E-01  0.48000E-01 -0.54999E-01  0.10393E-01 -0.23364E-01  0.18042E-01
  0.11538E-01  0.50000E-01 -0.55006E-01  0.38472E-02 -0.22257E-01  0.18042E-01
  0.15385E-01 -0.48000E-01  0.32828E-01  0.55000E-01 -0.32500E-01  0.14575E-01
  0.15385E-01 -0.46000E-01  0.12721E-01  0.55000E-01 -0.34665E-01  0.14575E-01
  0.15385E-01 -0.44000E-01 -0.96047E-02  0.55000E-01 -0.35334E-01  0.14575E-01
  0.15385E-01 -0.42000E-01 -0.34604E-01  0.55000E-01 -0.36464E-01  0.14575E-01
  0.15385E-01 -0.40000E-01 -0.55000E-01  0.55000E-01 -0.36387E-01  0.14575E-01
  0.15385E-01 -0.38000E-01 -0.55000E-01  0.55000E-01 -0.36387E-01  0.14575E-01
  0.15385E-01 -0.36000E-01 -0.55000E-01  0.55000E-01 -0.36387E-01  0.14575E-01
  0.15385E-01 -0.34000E-01 -0.55000E-01  0.55000E-01 -0.36387E-01  0.14575E-01
  0.15385E-01 -0.32000E-01 -0.55000E-01  0.55000E-01 -0.36234E-01  0.14575E-01
  0.15385E-01 -0.30000E-01 -0.55000E-01  0.55000E-01 -0.36004E-01  0.14575E-01
  0.15385E-01 -0.28000E-01 -0.55000E-01  0.55000E-01 -0.35851E-01  0.14575E-01
  0.15385E-01 -0.26000E-01 -0.55000E-01  0.55000E-01 -0.35621E-01  0.14575E-01
  0.15385E-01 -0.24000E-01 -0.55000E-01  0.55000E-01 -0.35468E-01  0.14575E-01
  0.15385E-01 -0.22000E-01 -0.55000E-01  0.55000E-01 -0.35238E-01  0.14575E-01
  0.15385E-01 -0.20000E-01 -0.55000E-01  0.55000E-01 -0.34468E-01  0.14575E-01
  0.15385E-01 -0.18000E-01 -0.55000E-01  0.55000E-01 -0.34295E-01  0.14575E-01
  0.15385E-01 -0.16000E-01 -0.55000E-01  0.55000E-01 -0.33862E-01  0.14575E-01
  0.15385E-01 -0.14000E-01 -0.55000E-01  0.55000E-01 -0.33547E-01  0.14575E-01
  0.15385E-01 -0.12000E-01 -0.55000E-01  0.55000E-01 -0.33359E-01  0.14575E-01
  0.15385E-01 -0.10000E-01 -0.55000E-01  0.55000E-01 -0.32991E-01  0.14575E-01
  0.15385E-01 -0.80000E-02 -0.55000E-01  0.55000E-01 -0.32794E-01  0.14575E-01
  0.15385E-01 -0.60000E-02 -0.55000E-01  0.55000E-01 -0.32696E-01  0.14575E-01
  0.15385E-01 -0.40000E-02 -0.55000E-01  0.55000E-01 -0.32300E-01  0.14575E-01
  0.15385E-01 -0.20000E-02 -0.55000E-01  0.55000E-01 -0.32100E-01  0.14575E-01
  0.15385E-01  0.00000E+00 -0.55000E-01  0.55000E-01 -0.32000E-01  0.14575E-01
  0.15385E-01  0.20000E-02 -0.55000E-01  0.55000E-01 -0.31612E-01  0.14575E-01
  0.15385E-01  0.40000E-02 -0.55000E-01  0.55000E-01 -0.31514E-01  0.14575E-01
  0.15385E-01  0.60000E-02 -0.55000E-01  0.55000E-01 -0.31415E-01  0.14575E-01
  0.15385E-01  0.80000E-02 -0.55000E-01  0.55000E-01 -0.31218E-01  0.14575E-01
  0.15385E-01  0.10000E-01 -0.55000E-01  0.55000E-01 -0.30916E-01  0.14575E-01
  0.15385E-01  0.12000E-01 -0.55000E-01  0.55000E-01 -0.30822E-01  0.14575E-01
  0.15385E-01  0.14000E-01 -0.55000E-01  0.55000E-01 -0.30728E-01  0.14575E-01
  0.15385E-01  0.16000E-01 -0.55000E-01  0.55000E-01 -0.30446E-01  0.14575E-01
  0.15385E-01  0.18000E-01 -0.55000E-01  0.55000E-01 -0.30311E-01  0.14575E-01
  0.15385E-01  0.20000E-01 -0.55000E-01  0.55000E-01 -0.30138E-01  0.14575E-01
  0.15385E-01  0.22000E-01 -0.55000E-01  0.55000E-01 -0.30051E-01  0.14575E-01
  0.15385E-01  0.24000E-01 -0.55000E-01  0.55000E-01 -0.29964E-01  0.14575E-01
  0.15385E-01  0.26000E-01 -0.55003E-01  0.54748E-01 -0.29646E-01  0.14575E-01
  0.15385E-01  0.28000E-01 -0.55000E-01  0.53263E-01 -0.29569E-01  0.14575E-01
  0.15385E-01  0.30000E-01 -0.55000E-01  0.51771E-01 -0.29493E-01  0.14575E-01
  0.15385E-01  0.32000E-01 -0.55000E-01  0.50286E-01 -0.29416E-01  0.14575E-01
  0.15385E-01  0.34000E-01 -0.55000E-01  0.48801E-01 -0.29054E-01  0.14575E-01
  0.15385E-01  0.36000E-01 -0.55000E-01  0.47407E-01 -0.28990E-01  0.14575E-01
  0.15385E-01  0.38000E-01 -0.55000E-01  0.44029E-01 -0.28926E-01  0.14575E-01
  0.15385E-01  0.40000E-01 -0.55000E-01  0.37082E-01 -0.28668E-01  0.14575E-01
  0.15385E-01  0.42000E-01 -0.55000E-01  0.30241E-01 -0.26997E-01  0.14575E-01
  0.15385E-01  0.44000E-01 -0.55000E-01  0.23843E-01 -0.24747E-01  0.14575E-01
  0.15385E-01  0.46000E-01 -0.55000E-01  0.17366E-01 -0.23364E-01  0.14575E-01
  0.15385E-01  0.48000E-01 -0.55000E-01  0.10491E-01 -0.22751E-01  0.14575E-01
  0.15385E-01  0.50000E-01 -0.55006E-01  0.39457E-02 -0.21737E-01  0.14575E-01
  0.19231E-01 -0.48000E-01  0.34046E-01  0.55000E-01 -0.34000E-01  0.11100E-01
  0.19231E-01 -0.46000E-01  0.14115E-01  0.55000E-01 -0.35158E-01  0.11100E-01
  0.19231E-01 -0.44000E-01 -0.82184E-02  0.55006E-01 -0.35614E-01  0.11100E-01
  0.19231E-01 -0.42000E-01 -0.33710E-01  0.55000E-01 -0.36373E-01  0.11100E-01
  0.19231E-01 -0.40000E-01 -0.55000E-01  0.55000E-01 -0.37613E-01  0.11100E-01
  0.19231E-01 -0.38000E-01 -0.55000E-01  0.55000E-01 -0.37383E-01  0.11100E-01
  0.19231E-01 -0.36000E-01 -0.55000E-01  0.55000E-01 -0.37153E-01  0.11100E-01
  0.19231E-01 -0.34000E-01 -0.55000E-01  0.55000E-01 -0.37000E-01  0.11100E-01
  0.19231E-01 -0.32000E-01 -0.55000E-01  0.55000E-01 -0.36770E-01  0.11100E-01
  0.19231E-01 -0.30000E-01 -0.55000E-01  0.55000E-01 -0.36617E-01  0.11100E-01
  0.19231E-01 -0.28000E-01 -0.55000E-01  0.55000E-01 -0.35767E-01  0.11100E-01
  0.19231E-01 -0.26000E-01 -0.55000E-01  0.55000E-01 -0.35594E-01  0.11100E-01
  0.19231E-01 -0.24000E-01 -0.55000E-01  0.55000E-01 -0.35074E-01  0.11100E-01
  0.19231E-01 -0.22000E-01 -0.55000E-01  0.55000E-01 -0.34769E-01  0.11100E-01
  0.19231E-01 -0.20000E-01 -0.55000E-01  0.55000E-01 -0.34675E-01  0.11100E-01
  0.19231E-01 -0.18000E-01 -0.55000E-01  0.55000E-01 -0.34173E-01  0.11100E-01
  0.19231E-01 -0.16000E-01 -0.55000E-01  0.55000E-01 -0.33976E-01  0.11100E-01
  0.19231E-01 -0.14000E-01 -0.55000E-01  0.55000E-01 -0.33877E-01  0.11100E-01
  0.19231E-01 -0.12000E-01 -0.55000E-01  0.55000E-01 -0.33400E-01  0.11100E-01
  0.19231E-01 -0.10000E-01 -0.55000E-01  0.55000E-01 -0.33300E-01  0.11100E-01
  0.19231E-01 -0.80000E-02 -0.55000E-01  0.55000E-01 -0.33200E-01  0.11100E-01
  0.19231E-01 -0.60000E-02 -0.55000E-01  0.55000E-01 -0.32794E-01  0.11100E-01
  0.19231E-01 -0.40000E-02 -0.55000E-01  0.55000E-01 -0.32696E-01  0.11100E-01
  0.19231E-01 -0.20000E-02 -0.55000E-01  0.55000E-01 -0.32499E-01  0.11100E-01
  0.19231E-01  0.00000E+00 -0.55000E-01  0.55000E-01 -0.32137E-01  0.11100E-01
  0.19231E-01  0.20000E-02 -0.55000E-01  0.55000E-01 -0.32044E-01  0.11100E-01
  0.19231E-01  0.40000E-02 -0.55000E-01  0.55000E-01 -0.31950E-01  0.11100E-01
  0.19231E-01  0.60000E-02 -0.55000E-01  0.55000E-01 -0.31856E-01  0.11100E-01
  0.19231E-01  0.80000E-02 -0.55000E-01  0.55000E-01 -0.31437E-01  0.11100E-01
  0.19231E-01  0.10000E-01 -0.55000E-01  0.55000E-01 -0.31350E-01  0.11100E-01
  0.19231E-01  0.12000E-01 -0.55000E-01  0.55000E-01 -0.31264E-01  0.11100E-01
  0.19231E-01  0.14000E-01 -0.55000E-01  0.55000E-01 -0.31090E-01  0.11100E-01
  0.19231E-01  0.16000E-01 -0.55000E-01  0.55000E-01 -0.31004E-01  0.11100E-01
  0.19231E-01  0.18000E-01 -0.55000E-01  0.55000E-01 -0.30718E-01  0.11100E-01
  0.19231E-01  0.20000E-01 -0.55000E-01  0.55000E-01 -0.30565E-01  0.11100E-01
  0.19231E-01  0.22000E-01 -0.55000E-01  0.55000E-01 -0.30489E-01  0.11100E-01
  0.19231E-01  0.24000E-01 -0.55000E-01  0.55000E-01 -0.30335E-01  0.11100E-01
  0.19231E-01  0.26000E-01 -0.55003E-01  0.54847E-01 -0.30259E-01  0.11100E-01
  0.19231E-01  0.28000E-01 -0.55000E-01  0.53362E-01 -0.29954E-01  0.11100E-01
  0.19231E-01  0.30000E-01 -0.55000E-01  0.51869E-01 -0.29890E-01  0.11100E-01
  0.19231E-01  0.32000E-01 -0.55000E-01  0.50385E-01 -0.29761E-01  0.11100E-01
  0.19231E-01  0.34000E-01 -0.55006E-01  0.48991E-01 -0.29697E-01  0.11100E-01
  0.19231E-01  0.36000E-01 -0.55000E-01  0.47506E-01 -0.29633E-01  0.11100E-01
  0.19231E-01  0.38000E-01 -0.55000E-01  0.44127E-01 -0.29118E-01  0.11100E-01
  0.19231E-01  0.40000E-01 -0.55000E-01  0.37180E-01 -0.27126E-01  0.11100E-01
  0.19231E-01  0.42000E-01 -0.55004E-01  0.30332E-01 -0.25712E-01  0.11100E-01
  0.19231E-01  0.44000E-01 -0.55000E-01  0.23688E-01 -0.23847E-01  0.11100E-01
  0.19231E-01  0.46000E-01 -0.55000E-01  0.17142E-01 -0.22751E-01  0.11100E-01
  0.19231E-01  0.48000E-01 -0.55000E-01  0.10590E-01 -0.22139E-01  0.11100E-01
  0.19231E-01  0.50000E-01 -0.55006E-01  0.41003E-02 -0.21304E-01  0.11100E-01
  0.23077E-01 -0.48000E-01  0.35523E-01  0.55000E-01 -0.35100E-01  0.76210E-02
  0.23077E-01 -0.46000E-01  0.15860E-01  0.55000E-01 -0.35749E-01  0.76210E-02
  0.23077E-01 -0.44000E-01 -0.65290E-02  0.55000E-01 -0.36178E-01  0.76210E-02
  0.23077E-01 -0.42000E-01 -0.30900E-01  0.55000E-01 -0.36893E-01  0.76210E-02
  0.23077E-01 -0.40000E-01 -0.54700E-01  0.55000E-01 -0.38149E-01  0.76210E-02
  0.23077E-01 -0.38000E-01 -0.55000E-01  0.55000E-01 -0.37919E-01  0.76210E-02
  0.23077E-01 -0.36000E-01 -0.55000E-01  0.55000E-01 -0.37153E-01  0.76210E-02
  0.23077E-01 -0.34000E-01 -0.55000E-01  0.55000E-01 -0.36893E-01  0.76210E-02
  0.23077E-01 -0.32000E-01 -0.55000E-01  0.55000E-01 -0.36373E-01  0.76210E-02
  0.23077E-01 -0.30000E-01 -0.55000E-01  0.55000E-01 -0.36084E-01  0.76210E-02
  0.23077E-01 -0.28000E-01 -0.55000E-01  0.55000E-01 -0.35896E-01  0.76210E-02
  0.23077E-01 -0.26000E-01 -0.55000E-01  0.55000E-01 -0.35355E-01  0.76210E-02
  0.23077E-01 -0.24000E-01 -0.55000E-01  0.55000E-01 -0.35256E-01  0.76210E-02
  0.23077E-01 -0.22000E-01 -0.55000E-01  0.55000E-01 -0.34961E-01  0.76210E-02
  0.23077E-01 -0.20000E-01 -0.55000E-01  0.55000E-01 -0.34600E-01  0.76210E-02
  0.23077E-01 -0.18000E-01 -0.55000E-01  0.55000E-01 -0.34500E-01  0.76210E-02
  0.23077E-01 -0.16000E-01 -0.55000E-01  0.55000E-01 -0.34200E-01  0.76210E-02
  0.23077E-01 -0.14000E-01 -0.55000E-01  0.55000E-01 -0.33976E-01  0.76210E-02
  0.23077E-01 -0.12000E-01 -0.55000E-01  0.55000E-01 -0.33779E-01  0.76210E-02
  0.23077E-01 -0.10000E-01 -0.55000E-01  0.55000E-01 -0.33680E-01  0.76210E-02
  0.23077E-01 -0.80000E-02 -0.55000E-01  0.55000E-01 -0.33359E-01  0.76210E-02
  0.23077E-01 -0.60000E-02 -0.55000E-01  0.55000E-01 -0.33171E-01  0.76210E-02
  0.23077E-01 -0.40000E-02 -0.55000E-01  0.55000E-01 -0.33077E-01  0.76210E-02
  0.23077E-01 -0.20000E-02 -0.55000E-01  0.55000E-01 -0.32795E-01  0.76210E-02
  0.23077E-01  0.00000E+00 -0.55000E-01  0.55000E-01 -0.32563E-01  0.76210E-02
  0.23077E-01  0.20000E-02 -0.55000E-01  0.55000E-01 -0.32476E-01  0.76210E-02
  0.23077E-01  0.40000E-02 -0.55000E-01  0.55000E-01 -0.32303E-01  0.76210E-02
  0.23077E-01  0.60000E-02 -0.55000E-01  0.55000E-01 -0.32216E-01  0.76210E-02
  0.23077E-01  0.80000E-02 -0.55000E-01  0.55000E-01 -0.31868E-01  0.76210E-02
  0.23077E-01  0.10000E-01 -0.55000E-01  0.55000E-01 -0.31791E-01  0.76210E-02
  0.23077E-01  0.12000E-01 -0.55000E-01  0.55000E-01 -0.31638E-01  0.76210E-02
  0.23077E-01  0.14000E-01 -0.55000E-01  0.55000E-01 -0.31561E-01  0.76210E-02
  0.23077E-01  0.16000E-01 -0.55000E-01  0.55000E-01 -0.31408E-01  0.76210E-02
  0.23077E-01  0.18000E-01 -0.55000E-01  0.55000E-01 -0.31331E-01  0.76210E-02
  0.23077E-01  0.20000E-01 -0.55000E-01  0.55000E-01 -0.31101E-01  0.76210E-02
  0.23077E-01  0.22000E-01 -0.55000E-01  0.55000E-01 -0.30854E-01  0.76210E-02
  0.23077E-01  0.24000E-01 -0.55000E-01  0.55000E-01 -0.30790E-01  0.76210E-02
  0.23077E-01  0.26000E-01 -0.55003E-01  0.53600E-01 -0.30661E-01  0.76210E-02
  0.23077E-01  0.28000E-01 -0.55000E-01  0.52200E-01 -0.30597E-01  0.76210E-02
  0.23077E-01  0.30000E-01 -0.55000E-01  0.50700E-01 -0.30533E-01  0.76210E-02
  0.23077E-01  0.32000E-01 -0.55000E-01  0.49300E-01 -0.30404E-01  0.76210E-02
  0.23077E-01  0.34000E-01 -0.55006E-01  0.47900E-01 -0.29633E-01  0.76210E-02
  0.23077E-01  0.36000E-01 -0.55000E-01  0.46500E-01 -0.28668E-01  0.76210E-02
  0.23077E-01  0.38000E-01 -0.55000E-01  0.41800E-01 -0.27126E-01  0.76210E-02
  0.23077E-01  0.40000E-01 -0.55000E-01  0.35100E-01 -0.25776E-01  0.76210E-02
  0.23077E-01  0.42000E-01 -0.55004E-01  0.29839E-01 -0.24619E-01  0.76210E-02
  0.23077E-01  0.44000E-01 -0.55000E-01  0.23786E-01 -0.23012E-01  0.76210E-02
  0.23077E-01  0.46000E-01 -0.55000E-01  0.17135E-01 -0.22062E-01  0.76210E-02
  0.23077E-01  0.48000E-01 -0.55000E-01  0.10590E-01 -0.21449E-01  0.76210E-02
  0.23077E-01  0.50000E-01 -0.54946E-01  0.41427E-02 -0.20871E-01  0.76210E-02
  0.26923E-01 -0.48000E-01  0.37151E-01  0.55000E-01 -0.36000E-01  0.41569E-02
  0.26923E-01 -0.46000E-01  0.17894E-01  0.55000E-01 -0.36241E-01  0.41569E-02
  0.26923E-01 -0.44000E-01 -0.44000E-02  0.55000E-01 -0.36742E-01  0.41569E-02
  0.26923E-01 -0.42000E-01 -0.29200E-01  0.55000E-01 -0.37412E-01  0.41569E-02
  0.26923E-01 -0.40000E-01 -0.53400E-01  0.55003E-01 -0.37845E-01  0.41569E-02
  0.26923E-01 -0.38000E-01 -0.55000E-01  0.55000E-01 -0.37306E-01  0.41569E-02
  0.26923E-01 -0.36000E-01 -0.55000E-01  0.55000E-01 -0.37118E-01  0.41569E-02
  0.26923E-01 -0.34000E-01 -0.55000E-01  0.55000E-01 -0.36635E-01  0.41569E-02
  0.26923E-01 -0.32000E-01 -0.55000E-01  0.55000E-01 -0.36438E-01  0.41569E-02
  0.26923E-01 -0.30000E-01 -0.55000E-01  0.55000E-01 -0.36142E-01  0.41569E-02
  0.26923E-01 -0.28000E-01 -0.55000E-01  0.55000E-01 -0.35800E-01  0.41569E-02
  0.26923E-01 -0.26000E-01 -0.55000E-01  0.55000E-01 -0.35700E-01  0.41569E-02
  0.26923E-01 -0.24000E-01 -0.55000E-01  0.55000E-01 -0.35300E-01  0.41569E-02
  0.26923E-01 -0.22000E-01 -0.55000E-01  0.55000E-01 -0.35158E-01  0.41569E-02
  0.26923E-01 -0.20000E-01 -0.55000E-01  0.55000E-01 -0.34961E-01  0.41569E-02
  0.26923E-01 -0.18000E-01 -0.55000E-01  0.55000E-01 -0.34665E-01  0.41569E-02
  0.26923E-01 -0.16000E-01 -0.55000E-01  0.55000E-01 -0.34487E-01  0.41569E-02
  0.26923E-01 -0.14000E-01 -0.55000E-01  0.55000E-01 -0.34299E-01  0.41569E-02
  0.26923E-01 -0.12000E-01 -0.55000E-01  0.55000E-01 -0.34205E-01  0.41569E-02
  0.26923E-01 -0.10000E-01 -0.55000E-01  0.55000E-01 -0.33862E-01  0.41569E-02
  0.26923E-01 -0.80000E-02 -0.55000E-01  0.55000E-01 -0.33688E-01  0.41569E-02
  0.26923E-01 -0.60000E-02 -0.55000E-01  0.55000E-01 -0.33602E-01  0.41569E-02
  0.26923E-01 -0.40000E-02 -0.55000E-01  0.55000E-01 -0.33429E-01  0.41569E-02
  0.26923E-01 -0.20000E-02 -0.55000E-01  0.55000E-01 -0.33342E-01  0.41569E-02
  0.26923E-01  0.00000E+00 -0.55000E-01  0.55000E-01 -0.32940E-01  0.41569E-02
  0.26923E-01  0.20000E-02 -0.55000E-01  0.55000E-01 -0.32863E-01  0.41569E-02
  0.26923E-01  0.40000E-02 -0.55000E-01  0.55000E-01 -0.32710E-01  0.41569E-02
  0.26923E-01  0.60000E-02 -0.55000E-01  0.55000E-01 -0.32634E-01  0.41569E-02
  0.26923E-01  0.80000E-02 -0.55000E-01  0.55000E-01 -0.32480E-01  0.41569E-02
  0.26923E-01  0.10000E-01 -0.55000E-01  0.55000E-01 -0.32404E-01  0.41569E-02
  0.26923E-01  0.12000E-01 -0.55000E-01  0.55000E-01 -0.32011E-01  0.41569E-02
  0.26923E-01  0.14000E-01 -0.55000E-01  0.55000E-01 -0.31947E-01  0.41569E-02
  0.26923E-01  0.16000E-01 -0.55000E-01  0.55000E-01 -0.31818E-01  0.41569E-02
  0.26923E-01  0.18000E-01 -0.55000E-01  0.55000E-01 -0.31690E-01  0.41569E-02
  0.26923E-01  0.20000E-01 -0.55000E-01  0.55000E-01 -0.31625E-01  0.41569E-02
  0.26923E-01  0.22000E-01 -0.55000E-01  0.55000E-01 -0.31497E-01  0.41569E-02
  0.26923E-01  0.24000E-01 -0.55000E-01  0.54900E-01 -0.31432E-01  0.41569E-02
  0.26923E-01  0.26000E-01 -0.55003E-01  0.53500E-01 -0.31304E-01  0.41569E-02
  0.26923E-01  0.28000E-01 -0.55000E-01  0.52000E-01 -0.30725E-01  0.41569E-02
  0.26923E-01  0.30000E-01 -0.55000E-01  0.50600E-01 -0.29504E-01  0.41569E-02
  0.26923E-01  0.32000E-01 -0.55000E-01  0.49200E-01 -0.28540E-01  0.41569E-02
  0.26923E-01  0.34000E-01 -0.55006E-01  0.47800E-01 -0.27600E-01  0.41569E-02
  0.26923E-01  0.36000E-01 -0.55000E-01  0.46400E-01 -0.26950E-01  0.41569E-02
  0.26923E-01  0.38000E-01 -0.55000E-01  0.41400E-01 -0.25647E-01  0.41569E-02
  0.26923E-01  0.40000E-01 -0.55006E-01  0.34800E-01 -0.24490E-01  0.41569E-02
  0.26923E-01  0.42000E-01 -0.55004E-01  0.28300E-01 -0.23590E-01  0.41569E-02
  0.26923E-01  0.44000E-01 -0.55006E-01  0.21900E-01 -0.22433E-01  0.41569E-02
  0.26923E-01  0.46000E-01 -0.55000E-01  0.15600E-01 -0.21449E-01  0.41569E-02
  0.26923E-01  0.48000E-01 -0.55000E-01  0.93000E-02 -0.20785E-01  0.41569E-02
  0.26923E-01  0.50000E-01 -0.55000E-01  0.30000E-02 -0.20438E-01  0.41569E-02
  0.30769E-01 -0.48000E-01  0.38950E-01  0.55007E-01 -0.36700E-01  0.10000E-02
  0.30769E-01 -0.46000E-01  0.20240E-01  0.55000E-01 -0.36832E-01  0.10000E-02
  0.30769E-01 -0.44000E-01 -0.20000E-02  0.55000E-01 -0.37212E-01  0.10000E-02
  0.30769E-01 -0.42000E-01 -0.27100E-01  0.55000E-01 -0.37932E-01  0.10000E-02
  0.30769E-01 -0.40000E-01 -0.51900E-01  0.55000E-01 -0.37620E-01  0.10000E-02
  0.30769E-01 -0.38000E-01 -0.55000E-01  0.55000E-01 -0.37423E-01  0.10000E-02
  0.30769E-01 -0.36000E-01 -0.55000E-01  0.55000E-01 -0.37100E-01  0.10000E-02
  0.30769E-01 -0.34000E-01 -0.55000E-01  0.55000E-01 -0.36900E-01  0.10000E-02
  0.30769E-01 -0.32000E-01 -0.55000E-01  0.55000E-01 -0.36438E-01  0.10000E-02
  0.30769E-01 -0.30000E-01 -0.55000E-01  0.55000E-01 -0.36339E-01  0.10000E-02
  0.30769E-01 -0.28000E-01 -0.55000E-01  0.55000E-01 -0.36142E-01  0.10000E-02
  0.30769E-01 -0.26000E-01 -0.55000E-01  0.55000E-01 -0.35802E-01  0.10000E-02
  0.30769E-01 -0.24000E-01 -0.55000E-01  0.55000E-01 -0.35614E-01  0.10000E-02
  0.30769E-01 -0.22000E-01 -0.55000E-01  0.55000E-01 -0.35520E-01  0.10000E-02
  0.30769E-01 -0.20000E-01 -0.55000E-01  0.55000E-01 -0.35333E-01  0.10000E-02
  0.30769E-01 -0.18000E-01 -0.55000E-01  0.55000E-01 -0.34988E-01  0.10000E-02
  0.30769E-01 -0.16000E-01 -0.55000E-01  0.55000E-01 -0.34814E-01  0.10000E-02
  0.30769E-01 -0.14000E-01 -0.55000E-01  0.55000E-01 -0.34728E-01  0.10000E-02
  0.30769E-01 -0.12000E-01 -0.55000E-01  0.55000E-01 -0.34554E-01  0.10000E-02
  0.30769E-01 -0.10000E-01 -0.55000E-01  0.55000E-01 -0.34295E-01  0.10000E-02
  0.30769E-01 -0.80000E-02 -0.55000E-01  0.55000E-01 -0.34089E-01  0.10000E-02
  0.30769E-01 -0.60000E-02 -0.55000E-01  0.55000E-01 -0.33936E-01  0.10000E-02
  0.30769E-01 -0.40000E-02 -0.55000E-01  0.55000E-01 -0.33859E-01  0.10000E-02
  0.30769E-01 -0.20000E-02 -0.55000E-01  0.55000E-01 -0.33706E-01  0.10000E-02
  0.30769E-01  0.00000E+00 -0.55000E-01  0.55000E-01 -0.33553E-01  0.10000E-02
  0.30769E-01  0.20000E-02 -0.55000E-01  0.55000E-01 -0.33476E-01  0.10000E-02
  0.30769E-01  0.40000E-02 -0.55000E-01  0.55000E-01 -0.33104E-01  0.10000E-02
  0.30769E-01  0.60000E-02 -0.55000E-01  0.55000E-01 -0.32975E-01  0.10000E-02
  0.30769E-01  0.80000E-02 -0.55000E-01  0.55000E-01 -0.32847E-01  0.10000E-02
  0.30769E-01  0.10000E-01 -0.55000E-01  0.55000E-01 -0.32782E-01  0.10000E-02
  0.30769E-01  0.12000E-01 -0.55000E-01  0.55000E-01 -0.32654E-01  0.10000E-02
  0.30769E-01  0.14000E-01 -0.55000E-01  0.55000E-01 -0.32525E-01  0.10000E-02
  0.30769E-01  0.16000E-01 -0.55000E-01  0.55000E-01 -0.32461E-01  0.10000E-02
  0.30769E-01  0.18000E-01 -0.55000E-01  0.55000E-01 -0.32332E-01  0.10000E-02
  0.30769E-01  0.20000E-01 -0.55000E-01  0.55000E-01 -0.32268E-01  0.10000E-02
  0.30769E-01  0.22000E-01 -0.55000E-01  0.55000E-01 -0.31500E-01  0.10000E-02
  0.30769E-01  0.24000E-01 -0.55000E-01  0.54700E-01 -0.30350E-01  0.10000E-02
  0.30769E-01  0.26000E-01 -0.55003E-01  0.53300E-01 -0.29500E-01  0.10000E-02
  0.30769E-01  0.28000E-01 -0.55000E-01  0.51900E-01 -0.29050E-01  0.10000E-02
  0.30769E-01  0.30000E-01 -0.55000E-01  0.50400E-01 -0.28300E-01  0.10000E-02
  0.30769E-01  0.32000E-01 -0.55000E-01  0.49000E-01 -0.27850E-01  0.10000E-02
  0.30769E-01  0.34000E-01 -0.55006E-01  0.47700E-01 -0.27150E-01  0.10000E-02
  0.30769E-01  0.36000E-01 -0.55000E-01  0.46300E-01 -0.26550E-01  0.10000E-02
  0.30769E-01  0.38000E-01 -0.55000E-01  0.40900E-01 -0.24233E-01  0.10000E-02
  0.30769E-01  0.40000E-01 -0.55006E-01  0.34400E-01 -0.23397E-01  0.10000E-02
  0.30769E-01  0.42000E-01 -0.55000E-01  0.28000E-01 -0.22626E-01  0.10000E-02
  0.30769E-01  0.44000E-01 -0.55006E-01  0.21600E-01 -0.21662E-01  0.10000E-02
  0.30769E-01  0.46000E-01 -0.55000E-01  0.15300E-01 -0.20913E-01  0.10000E-02
  0.30769E-01  0.48000E-01 -0.55006E-01  0.90000E-02 -0.20300E-01  0.10000E-02
  0.30769E-01  0.50000E-01 -0.55000E-01  0.27000E-02 -0.20005E-01  0.10000E-02
