   10   -3.07692E-02   -4.80000E-02  0.    1010.23    1.00000  0.
   10   -3.07692E-02   -4.60000E-02   0.122935    1014.95    1.00000    5.29396E-17
   10   -3.07692E-02   -4.40000E-02  0.    1010.23    1.00000  0.
   10   -3.07692E-02   -4.20000E-02  0.    1010.23    1.00000  0.
   10   -3.07692E-02   -4.00000E-02   -1.90440E-03    1010.23    1.00000    1.29247E-20
   10   -3.07692E-02   -3.80000E-02   -3.51603E-04    1010.23    1.00000    4.40562E-22
   10   -3.07692E-02   -3.60000E-02   -3.51603E-04    1010.23    1.00000    4.40562E-22
   10   -3.07692E-02   -3.40000E-02   -3.51603E-04    1010.23    1.00000    4.40562E-22
   10   -3.07692E-02   -3.20000E-02   -3.51603E-04    1010.23    1.00000    4.40562E-22
   10   -3.07692E-02   -3.00000E-02   -3.51603E-04    1010.23    1.00000    4.40562E-22
   10   -3.07692E-02   -2.80000E-02   -3.51603E-04    1010.23    1.00000    4.40562E-22
   10   -3.07692E-02   -2.60000E-02   -3.51603E-04    1010.23    1.00000    4.40562E-22
   10   -3.07692E-02   -2.40000E-02   -3.51603E-04    1010.23    1.00000    4.40562E-22
   10   -3.07692E-02   -2.20000E-02   -3.51603E-04    1010.23    1.00000    4.40562E-22
   10   -3.07692E-02   -2.00000E-02   -3.51603E-04    1010.23    1.00000    4.40562E-22
   10   -3.07692E-02   -1.80000E-02   -3.51603E-04    1010.23    1.00000    4.40562E-22
   10   -3.07692E-02   -1.60000E-02   -3.51603E-04    1010.23    1.00000    4.40562E-22
   10   -3.07692E-02   -1.40000E-02   -3.51603E-04    1010.23    1.00000    4.40562E-22
   10   -3.07692E-02   -1.20000E-02   -3.51603E-04    1010.23    1.00000    4.40562E-22
   10   -3.07692E-02   -1.00000E-02   -3.51603E-04    1010.23    1.00000    4.40562E-22
   10   -3.07692E-02   -8.00000E-03   -3.51603E-04    1010.23    1.00000    4.40562E-22
   10   -3.07692E-02   -6.00000E-03   -3.51603E-04    1010.23    1.00000    4.40562E-22
   10   -3.07692E-02   -4.00000E-03   -3.51603E-04    1010.23    1.00000    4.40562E-22
   10   -3.07692E-02   -2.00000E-03   -3.51603E-04    1010.23    1.00000    4.40562E-22
   10   -3.07692E-02  0.   -3.51603E-04    1010.23    1.00000    4.40562E-22
   10   -3.07692E-02    2.00000E-03   -3.51603E-04    1010.23    1.00000    4.40562E-22
   10   -3.07692E-02    4.00000E-03   -3.51603E-04    1010.23    1.00000    4.40562E-22
   10   -3.07692E-02    6.00000E-03   -3.51603E-04    1010.23    1.00000    4.40562E-22
   10   -3.07692E-02    8.00000E-03   -3.51603E-04    1010.23    1.00000    4.40562E-22
   10   -3.07692E-02    1.00000E-02   -3.51603E-04    1010.23    1.00000    4.40562E-22
   10   -3.07692E-02    1.20000E-02   -3.51603E-04    1010.23    1.00000    4.40562E-22
   10   -3.07692E-02    1.40000E-02   -3.51603E-04    1010.23    1.00000    4.40562E-22
   10   -3.07692E-02    1.60000E-02   -3.51603E-04    1010.23    1.00000    4.40562E-22
   10   -3.07692E-02    1.80000E-02   -3.51603E-04    1010.23    1.00000    4.40562E-22
   10   -3.07692E-02    2.00000E-02   -3.51603E-04    1010.23    1.00000    4.40562E-22
   10   -3.07692E-02    2.20000E-02   -3.51603E-04    1010.23    1.00000    4.40562E-22
   10   -3.07692E-02    2.40000E-02    1.90441E-03    1010.23    1.00000    1.29247E-20
   10   -3.07692E-02    2.60000E-02  0.    1010.23    1.00000  0.
   10   -3.07692E-02    2.80000E-02   -7.61749E-03    1010.25    1.00000    2.06795E-19
   10   -3.07692E-02    3.00000E-02   -7.61741E-03    1010.25    1.00000    2.06795E-19
   10   -3.07692E-02    3.20000E-02   -1.52352E-02    1010.28    1.00000    8.27181E-19
   10   -3.07692E-02    3.40000E-02  0.    1010.23    1.00000  0.
   10   -3.07692E-02    3.60000E-02    1.52353E-02    1010.16    1.00000    8.27181E-19
   10   -3.07692E-02    3.80000E-02    3.04736E-02    1010.02    1.00000    3.30872E-18
   10   -3.07692E-02    4.00000E-02   -6.09550E-02    1010.88    1.00000    1.32349E-17
   10   -3.07692E-02    4.20000E-02   -6.08780E-02    1011.06    1.00000    1.32349E-17
   10   -3.07692E-02    4.40000E-02    6.10590E-02    1009.18    1.00000    1.32349E-17
   10   -3.07692E-02    4.60000E-02   -6.09021E-02    1011.46    1.00000    1.32349E-17
   10   -3.07692E-02    4.80000E-02   0.121550    1007.41    1.00000    5.29396E-17
   10   -3.07692E-02    5.00000E-02   0.121506    1007.04    1.00000    5.29396E-17
   10   -2.69231E-02   -4.80000E-02   -1.31500E-02    240.381    1.00000    3.38813E-15
   10   -2.69231E-02   -4.60000E-02   -6.57751E-03    240.474    1.00000    8.47033E-16
   10   -2.69231E-02   -4.40000E-02   -6.57944E-03    240.492    1.00000    8.47033E-16
   10   -2.69231E-02   -4.20000E-02  0.    240.531    1.00000  0.
   10   -2.69231E-02   -4.00000E-02   -1.22328E-04    240.531    1.00000    2.92715E-19
   10   -2.69231E-02   -3.80000E-02   -1.22328E-04    240.531    1.00000    2.92715E-19
   10   -2.69231E-02   -3.60000E-02   -1.22328E-04    240.531    1.00000    2.92715E-19
   10   -2.69231E-02   -3.40000E-02   -1.22328E-04    240.531    1.00000    2.92715E-19
   10   -2.69231E-02   -3.20000E-02   -1.22328E-04    240.531    1.00000    2.92715E-19
   10   -2.69231E-02   -3.00000E-02   -1.22328E-04    240.531    1.00000    2.92715E-19
   10   -2.69231E-02   -2.80000E-02   -1.22328E-04    240.531    1.00000    2.92715E-19
   10   -2.69231E-02   -2.60000E-02   -1.22328E-04    240.531    1.00000    2.92715E-19
   10   -2.69231E-02   -2.40000E-02   -1.22328E-04    240.531    1.00000    2.92715E-19
   10   -2.69231E-02   -2.20000E-02   -1.22328E-04    240.531    1.00000    2.92715E-19
   10   -2.69231E-02   -2.00000E-02   -1.22328E-04    240.531    1.00000    2.92715E-19
   10   -2.69231E-02   -1.80000E-02   -1.22328E-04    240.531    1.00000    2.92715E-19
   10   -2.69231E-02   -1.60000E-02   -1.22328E-04    240.531    1.00000    2.92715E-19
   10   -2.69231E-02   -1.40000E-02   -1.22328E-04    240.531    1.00000    2.92715E-19
   10   -2.69231E-02   -1.20000E-02   -1.22328E-04    240.531    1.00000    2.92715E-19
   10   -2.69231E-02   -1.00000E-02   -1.22328E-04    240.531    1.00000    2.92715E-19
   10   -2.69231E-02   -8.00000E-03   -1.22328E-04    240.531    1.00000    2.92715E-19
   10   -2.69231E-02   -6.00000E-03   -1.22328E-04    240.531    1.00000    2.92715E-19
   10   -2.69231E-02   -4.00000E-03   -1.22328E-04    240.531    1.00000    2.92715E-19
   10   -2.69231E-02   -2.00000E-03   -1.22328E-04    240.531    1.00000    2.92715E-19
   10   -2.69231E-02  0.   -1.22328E-04    240.531    1.00000    2.92715E-19
   10   -2.69231E-02    2.00000E-03   -1.22328E-04    240.531    1.00000    2.92715E-19
   10   -2.69231E-02    4.00000E-03   -1.22328E-04    240.531    1.00000    2.92715E-19
   10   -2.69231E-02    6.00000E-03   -1.22328E-04    240.531    1.00000    2.92715E-19
   10   -2.69231E-02    8.00000E-03   -1.22328E-04    240.531    1.00000    2.92715E-19
   10   -2.69231E-02    1.00000E-02   -1.22328E-04    240.531    1.00000    2.92715E-19
   10   -2.69231E-02    1.20000E-02   -1.22328E-04    240.531    1.00000    2.92715E-19
   10   -2.69231E-02    1.40000E-02   -1.22328E-04    240.531    1.00000    2.92715E-19
   10   -2.69231E-02    1.60000E-02   -1.22328E-04    240.531    1.00000    2.92715E-19
   10   -2.69231E-02    1.80000E-02   -1.22328E-04    240.531    1.00000    2.92715E-19
   10   -2.69231E-02    2.00000E-02   -1.22328E-04    240.531    1.00000    2.92715E-19
   10   -2.69231E-02    2.20000E-02   -1.22328E-04    240.531    1.00000    2.92715E-19
   10   -2.69231E-02    2.40000E-02    1.02819E-04    240.531    1.00000    2.06795E-19
   10   -2.69231E-02    2.60000E-02    2.05637E-04    240.531    1.00000    8.27181E-19
   10   -2.69231E-02    2.80000E-02    4.11274E-04    240.531    1.00000    3.30872E-18
   10   -2.69231E-02    3.00000E-02  0.    240.531    1.00000  0.
   10   -2.69231E-02    3.20000E-02  0.    240.531    1.00000  0.
   10   -2.69231E-02    3.40000E-02    8.22546E-04    240.531    1.00000    1.32349E-17
   10   -2.69231E-02    3.60000E-02    8.22549E-04    240.530    1.00000    1.32349E-17
   10   -2.69231E-02    3.80000E-02  0.    240.531    1.00000  0.
   10   -2.69231E-02    4.00000E-02   -3.29028E-03    240.539    1.00000    2.11758E-16
   10   -2.69231E-02    4.20000E-02  0.    240.531    1.00000  0.
   10   -2.69231E-02    4.40000E-02   -3.29008E-03    240.544    1.00000    2.11758E-16
   10   -2.69231E-02    4.60000E-02  0.    240.531    1.00000  0.
   10   -2.69231E-02    4.80000E-02  0.    240.531    1.00000  0.
   10   -2.69231E-02    5.00000E-02  0.    240.531    1.00000  0.
   10   -2.30769E-02   -4.80000E-02  0.    130.079    1.00000  0.
   10   -2.30769E-02   -4.60000E-02  0.    130.079    1.00000  0.
   10   -2.30769E-02   -4.40000E-02   -2.06359E-03    130.072    1.00000    3.38813E-15
   10   -2.30769E-02   -4.20000E-02  0.    130.079    1.00000  0.
   10   -2.30769E-02   -4.00000E-02   -4.69695E-05    130.079    1.00000    1.75525E-18
   10   -2.30769E-02   -3.80000E-02   -4.69695E-05    130.079    1.00000    1.75525E-18
   10   -2.30769E-02   -3.60000E-02   -4.69695E-05    130.079    1.00000    1.75525E-18
   10   -2.30769E-02   -3.40000E-02   -4.69695E-05    130.079    1.00000    1.75525E-18
   10   -2.30769E-02   -3.20000E-02   -4.69695E-05    130.079    1.00000    1.75525E-18
   10   -2.30769E-02   -3.00000E-02   -4.69695E-05    130.079    1.00000    1.75525E-18
   10   -2.30769E-02   -2.80000E-02   -4.69695E-05    130.079    1.00000    1.75525E-18
   10   -2.30769E-02   -2.60000E-02   -4.69695E-05    130.079    1.00000    1.75525E-18
   10   -2.30769E-02   -2.40000E-02   -4.69695E-05    130.079    1.00000    1.75525E-18
   10   -2.30769E-02   -2.20000E-02   -4.69695E-05    130.079    1.00000    1.75525E-18
   10   -2.30769E-02   -2.00000E-02   -4.69695E-05    130.079    1.00000    1.75525E-18
   10   -2.30769E-02   -1.80000E-02   -4.69695E-05    130.079    1.00000    1.75525E-18
   10   -2.30769E-02   -1.60000E-02   -4.69695E-05    130.079    1.00000    1.75525E-18
   10   -2.30769E-02   -1.40000E-02   -4.69695E-05    130.079    1.00000    1.75525E-18
   10   -2.30769E-02   -1.20000E-02   -4.69695E-05    130.079    1.00000    1.75525E-18
   10   -2.30769E-02   -1.00000E-02   -4.69695E-05    130.079    1.00000    1.75525E-18
   10   -2.30769E-02   -8.00000E-03   -4.69695E-05    130.079    1.00000    1.75525E-18
   10   -2.30769E-02   -6.00000E-03   -4.69695E-05    130.079    1.00000    1.75525E-18
   10   -2.30769E-02   -4.00000E-03   -4.69695E-05    130.079    1.00000    1.75525E-18
   10   -2.30769E-02   -2.00000E-03   -4.69695E-05    130.079    1.00000    1.75525E-18
   10   -2.30769E-02  0.   -4.69695E-05    130.079    1.00000    1.75525E-18
   10   -2.30769E-02    2.00000E-03   -4.69695E-05    130.079    1.00000    1.75525E-18
   10   -2.30769E-02    4.00000E-03   -4.69695E-05    130.079    1.00000    1.75525E-18
   10   -2.30769E-02    6.00000E-03   -4.69695E-05    130.079    1.00000    1.75525E-18
   10   -2.30769E-02    8.00000E-03   -4.69695E-05    130.079    1.00000    1.75525E-18
   10   -2.30769E-02    1.00000E-02   -4.69695E-05    130.079    1.00000    1.75525E-18
   10   -2.30769E-02    1.20000E-02   -4.69695E-05    130.079    1.00000    1.75525E-18
   10   -2.30769E-02    1.40000E-02   -4.69695E-05    130.079    1.00000    1.75525E-18
   10   -2.30769E-02    1.60000E-02   -4.69695E-05    130.079    1.00000    1.75525E-18
   10   -2.30769E-02    1.80000E-02   -4.69695E-05    130.079    1.00000    1.75525E-18
   10   -2.30769E-02    2.00000E-02   -4.69695E-05    130.079    1.00000    1.75525E-18
   10   -2.30769E-02    2.20000E-02   -4.69695E-05    130.079    1.00000    1.75525E-18
   10   -2.30769E-02    2.40000E-02   -4.69695E-05    130.079    1.00000    1.75525E-18
   10   -2.30769E-02    2.60000E-02  0.    130.079    1.00000  0.
   10   -2.30769E-02    2.80000E-02  0.    130.079    1.00000  0.
   10   -2.30769E-02    3.00000E-02    1.28975E-04    130.079    1.00000    1.32349E-17
   10   -2.30769E-02    3.20000E-02    2.57950E-04    130.078    1.00000    5.29396E-17
   10   -2.30769E-02    3.40000E-02  0.    130.079    1.00000  0.
   10   -2.30769E-02    3.60000E-02  0.    130.079    1.00000  0.
   10   -2.30769E-02    3.80000E-02  0.    130.079    1.00000  0.
   10   -2.30769E-02    4.00000E-02    5.15896E-04    130.078    1.00000    2.11758E-16
   10   -2.30769E-02    4.20000E-02  0.    130.079    1.00000  0.
   10   -2.30769E-02    4.40000E-02   -1.03183E-03    130.081    1.00000    8.47033E-16
   10   -2.30769E-02    4.60000E-02  0.    130.079    1.00000  0.
   10   -2.30769E-02    4.80000E-02    2.06360E-03    130.073    1.00000    3.38813E-15
   10   -2.30769E-02    5.00000E-02   -2.06373E-03    130.085    1.00000    3.38813E-15
   10   -1.92308E-02   -4.80000E-02   -1.35541E-03    89.6629    1.00000    1.35525E-14
   10   -1.92308E-02   -4.60000E-02  0.    89.6684    1.00000  0.
   10   -1.92308E-02   -4.40000E-02   -6.77796E-04    89.6670    1.00000    3.38813E-15
   10   -1.92308E-02   -4.20000E-02  0.    89.6684    1.00000  0.
   10   -1.92308E-02   -4.00000E-02   -5.69140E-05    89.6684    1.00000    2.38900E-17
   10   -1.92308E-02   -3.80000E-02   -5.69140E-05    89.6684    1.00000    2.38900E-17
   10   -1.92308E-02   -3.60000E-02   -5.69140E-05    89.6684    1.00000    2.38900E-17
   10   -1.92308E-02   -3.40000E-02   -5.69140E-05    89.6684    1.00000    2.38900E-17
   10   -1.92308E-02   -3.20000E-02   -5.69140E-05    89.6684    1.00000    2.38900E-17
   10   -1.92308E-02   -3.00000E-02   -5.69140E-05    89.6684    1.00000    2.38900E-17
   10   -1.92308E-02   -2.80000E-02   -5.69140E-05    89.6684    1.00000    2.38900E-17
   10   -1.92308E-02   -2.60000E-02   -5.69140E-05    89.6684    1.00000    2.38900E-17
   10   -1.92308E-02   -2.40000E-02   -5.69140E-05    89.6684    1.00000    2.38900E-17
   10   -1.92308E-02   -2.20000E-02   -5.69140E-05    89.6684    1.00000    2.38900E-17
   10   -1.92308E-02   -2.00000E-02   -5.69140E-05    89.6684    1.00000    2.38900E-17
   10   -1.92308E-02   -1.80000E-02   -5.69140E-05    89.6684    1.00000    2.38900E-17
   10   -1.92308E-02   -1.60000E-02   -5.69140E-05    89.6684    1.00000    2.38900E-17
   10   -1.92308E-02   -1.40000E-02   -5.69140E-05    89.6684    1.00000    2.38900E-17
   10   -1.92308E-02   -1.20000E-02   -5.69140E-05    89.6684    1.00000    2.38900E-17
   10   -1.92308E-02   -1.00000E-02   -5.69140E-05    89.6684    1.00000    2.38900E-17
   10   -1.92308E-02   -8.00000E-03   -5.69140E-05    89.6684    1.00000    2.38900E-17
   10   -1.92308E-02   -6.00000E-03   -5.69140E-05    89.6684    1.00000    2.38900E-17
   10   -1.92308E-02   -4.00000E-03   -5.69140E-05    89.6684    1.00000    2.38900E-17
   10   -1.92308E-02   -2.00000E-03   -5.69140E-05    89.6684    1.00000    2.38900E-17
   10   -1.92308E-02  0.   -5.69140E-05    89.6684    1.00000    2.38900E-17
   10   -1.92308E-02    2.00000E-03   -5.69140E-05    89.6684    1.00000    2.38900E-17
   10   -1.92308E-02    4.00000E-03   -5.69140E-05    89.6684    1.00000    2.38900E-17
   10   -1.92308E-02    6.00000E-03   -5.69140E-05    89.6684    1.00000    2.38900E-17
   10   -1.92308E-02    8.00000E-03   -5.69140E-05    89.6684    1.00000    2.38900E-17
   10   -1.92308E-02    1.00000E-02   -5.69140E-05    89.6684    1.00000    2.38900E-17
   10   -1.92308E-02    1.20000E-02   -5.69140E-05    89.6684    1.00000    2.38900E-17
   10   -1.92308E-02    1.40000E-02   -5.69140E-05    89.6684    1.00000    2.38900E-17
   10   -1.92308E-02    1.60000E-02   -5.69140E-05    89.6684    1.00000    2.38900E-17
   10   -1.92308E-02    1.80000E-02   -5.69140E-05    89.6684    1.00000    2.38900E-17
   10   -1.92308E-02    2.00000E-02   -5.69140E-05    89.6684    1.00000    2.38900E-17
   10   -1.92308E-02    2.20000E-02   -5.69140E-05    89.6684    1.00000    2.38900E-17
   10   -1.92308E-02    2.40000E-02   -5.69140E-05    89.6684    1.00000    2.38900E-17
   10   -1.92308E-02    2.60000E-02   -4.23616E-05    89.6684    1.00000    1.32349E-17
   10   -1.92308E-02    2.80000E-02  0.    89.6684    1.00000  0.
   10   -1.92308E-02    3.00000E-02   -1.69446E-04    89.6684    1.00000    2.11758E-16
   10   -1.92308E-02    3.20000E-02    8.47231E-05    89.6683    1.00000    5.29396E-17
   10   -1.92308E-02    3.40000E-02   -8.47231E-05    89.6684    1.00000    5.29396E-17
   10   -1.92308E-02    3.60000E-02   -1.69446E-04    89.6684    1.00000    2.11758E-16
   10   -1.92308E-02    3.80000E-02   -1.69446E-04    89.6684    1.00000    2.11758E-16
   10   -1.92308E-02    4.00000E-02    3.38890E-04    89.6680    1.00000    8.47033E-16
   10   -1.92308E-02    4.20000E-02  0.    89.6684    1.00000  0.
   10   -1.92308E-02    4.40000E-02  0.    89.6684    1.00000  0.
   10   -1.92308E-02    4.60000E-02  0.    89.6684    1.00000  0.
   10   -1.92308E-02    4.80000E-02  0.    89.6684    1.00000  0.
   10   -1.92308E-02    5.00000E-02  0.    89.6684    1.00000  0.
   10   -1.53846E-02   -5.00000E-02   -18.6020   -9.34398    1.00000    1.30261E-07
   10   -1.53846E-02   -4.80000E-02  0.    68.1087    1.00000  0.
   10   -1.53846E-02   -4.60000E-02   -5.92207E-04    68.1074    1.00000    1.35525E-14
   10   -1.53846E-02   -4.40000E-02   -5.92196E-04    68.1078    1.00000    1.35525E-14
   10   -1.53846E-02   -4.20000E-02   -2.96101E-04    68.1085    1.00000    3.38813E-15
   10   -1.53846E-02   -4.00000E-02   -1.86773E-05    68.1087    1.00000    1.34806E-17
   10   -1.53846E-02   -3.80000E-02   -1.86773E-05    68.1087    1.00000    1.34806E-17
   10   -1.53846E-02   -3.60000E-02   -1.86773E-05    68.1087    1.00000    1.34806E-17
   10   -1.53846E-02   -3.40000E-02   -1.86773E-05    68.1087    1.00000    1.34806E-17
   10   -1.53846E-02   -3.20000E-02   -1.86773E-05    68.1087    1.00000    1.34806E-17
   10   -1.53846E-02   -3.00000E-02   -1.86773E-05    68.1087    1.00000    1.34806E-17
   10   -1.53846E-02   -2.80000E-02   -1.86773E-05    68.1087    1.00000    1.34806E-17
   10   -1.53846E-02   -2.60000E-02   -1.86773E-05    68.1087    1.00000    1.34806E-17
   10   -1.53846E-02   -2.40000E-02   -1.86773E-05    68.1087    1.00000    1.34806E-17
   10   -1.53846E-02   -2.20000E-02   -1.86773E-05    68.1087    1.00000    1.34806E-17
   10   -1.53846E-02   -2.00000E-02   -1.86773E-05    68.1087    1.00000    1.34806E-17
   10   -1.53846E-02   -1.80000E-02   -1.86773E-05    68.1087    1.00000    1.34806E-17
   10   -1.53846E-02   -1.60000E-02   -1.86773E-05    68.1087    1.00000    1.34806E-17
   10   -1.53846E-02   -1.40000E-02   -1.86773E-05    68.1087    1.00000    1.34806E-17
   10   -1.53846E-02   -1.20000E-02   -1.86773E-05    68.1087    1.00000    1.34806E-17
   10   -1.53846E-02   -1.00000E-02   -1.86773E-05    68.1087    1.00000    1.34806E-17
   10   -1.53846E-02   -8.00000E-03   -1.86773E-05    68.1087    1.00000    1.34806E-17
   10   -1.53846E-02   -6.00000E-03   -1.86773E-05    68.1087    1.00000    1.34806E-17
   10   -1.53846E-02   -4.00000E-03   -1.86773E-05    68.1087    1.00000    1.34806E-17
   10   -1.53846E-02   -2.00000E-03   -1.86773E-05    68.1087    1.00000    1.34806E-17
   10   -1.53846E-02  0.   -1.86773E-05    68.1087    1.00000    1.34806E-17
   10   -1.53846E-02    2.00000E-03   -1.86773E-05    68.1087    1.00000    1.34806E-17
   10   -1.53846E-02    4.00000E-03   -1.86773E-05    68.1087    1.00000    1.34806E-17
   10   -1.53846E-02    6.00000E-03   -1.86773E-05    68.1087    1.00000    1.34806E-17
   10   -1.53846E-02    8.00000E-03   -1.86773E-05    68.1087    1.00000    1.34806E-17
   10   -1.53846E-02    1.00000E-02   -1.86773E-05    68.1087    1.00000    1.34806E-17
   10   -1.53846E-02    1.20000E-02   -1.86773E-05    68.1087    1.00000    1.34806E-17
   10   -1.53846E-02    1.40000E-02   -1.86773E-05    68.1087    1.00000    1.34806E-17
   10   -1.53846E-02    1.60000E-02   -1.86773E-05    68.1087    1.00000    1.34806E-17
   10   -1.53846E-02    1.80000E-02   -1.86773E-05    68.1087    1.00000    1.34806E-17
   10   -1.53846E-02    2.00000E-02   -1.86773E-05    68.1087    1.00000    1.34806E-17
   10   -1.53846E-02    2.20000E-02   -1.86773E-05    68.1087    1.00000    1.34806E-17
   10   -1.53846E-02    2.40000E-02   -1.86773E-05    68.1087    1.00000    1.34806E-17
   10   -1.53846E-02    2.60000E-02   -1.85063E-05    68.1087    1.00000    1.32349E-17
   10   -1.53846E-02    2.80000E-02   -3.70126E-05    68.1087    1.00000    5.29396E-17
   10   -1.53846E-02    3.00000E-02  0.    68.1087    1.00000  0.
   10   -1.53846E-02    3.20000E-02  0.    68.1087    1.00000  0.
   10   -1.53846E-02    3.40000E-02   -7.40253E-05    68.1087    1.00000    2.11758E-16
   10   -1.53846E-02    3.60000E-02   -7.40253E-05    68.1087    1.00000    2.11758E-16
   10   -1.53846E-02    3.80000E-02   -1.48051E-04    68.1088    1.00000    8.47033E-16
   10   -1.53846E-02    4.00000E-02    1.48050E-04    68.1086    1.00000    8.47033E-16
   10   -1.53846E-02    4.20000E-02  0.    68.1087    1.00000  0.
   10   -1.53846E-02    4.40000E-02    2.96103E-04    68.1084    1.00000    3.38813E-15
   10   -1.53846E-02    4.60000E-02   -2.96101E-04    68.1091    1.00000    3.38813E-15
   10   -1.53846E-02    4.80000E-02  0.    68.1087    1.00000  0.
   10   -1.53846E-02    5.00000E-02  0.    68.1087    1.00000  0.
   10   -1.15385E-02   -5.00000E-02   -19.3576   -10.7703    1.00000    6.09248E-06
   10   -1.15385E-02   -4.80000E-02   10.03431    80.3473    1.00000    5.95733E-06
   10   -1.15385E-02   -4.60000E-02   -6.28387E-04    55.1045    1.00000    5.42101E-14
   10   -1.15385E-02   -4.40000E-02   -3.14194E-04    55.1053    1.00000    1.35525E-14
   10   -1.15385E-02   -4.20000E-02  0.    55.1057    1.00000  0.
   10   -1.15385E-02   -4.00000E-02   -2.41165E-05    55.1057    1.00000    7.98447E-17
   10   -1.15385E-02   -3.80000E-02   -2.41165E-05    55.1057    1.00000    7.98447E-17
   10   -1.15385E-02   -3.60000E-02   -2.41165E-05    55.1057    1.00000    7.98447E-17
   10   -1.15385E-02   -3.40000E-02   -2.41165E-05    55.1057    1.00000    7.98447E-17
   10   -1.15385E-02   -3.20000E-02   -2.41165E-05    55.1057    1.00000    7.98447E-17
   10   -1.15385E-02   -3.00000E-02   -2.41165E-05    55.1057    1.00000    7.98447E-17
   10   -1.15385E-02   -2.80000E-02   -2.41165E-05    55.1057    1.00000    7.98447E-17
   10   -1.15385E-02   -2.60000E-02   -2.41165E-05    55.1057    1.00000    7.98447E-17
   10   -1.15385E-02   -2.40000E-02   -2.41165E-05    55.1057    1.00000    7.98447E-17
   10   -1.15385E-02   -2.20000E-02   -2.41165E-05    55.1057    1.00000    7.98447E-17
   10   -1.15385E-02   -2.00000E-02   -2.41165E-05    55.1057    1.00000    7.98447E-17
   10   -1.15385E-02   -1.80000E-02   -2.41165E-05    55.1057    1.00000    7.98447E-17
   10   -1.15385E-02   -1.60000E-02   -2.41165E-05    55.1057    1.00000    7.98447E-17
   10   -1.15385E-02   -1.40000E-02   -2.41165E-05    55.1057    1.00000    7.98447E-17
   10   -1.15385E-02   -1.20000E-02   -2.41165E-05    55.1057    1.00000    7.98447E-17
   10   -1.15385E-02   -1.00000E-02   -2.41165E-05    55.1057    1.00000    7.98447E-17
   10   -1.15385E-02   -8.00000E-03   -2.41165E-05    55.1057    1.00000    7.98447E-17
   10   -1.15385E-02   -6.00000E-03   -2.41165E-05    55.1057    1.00000    7.98447E-17
   10   -1.15385E-02   -4.00000E-03   -2.41165E-05    55.1057    1.00000    7.98447E-17
   10   -1.15385E-02   -2.00000E-03   -2.41165E-05    55.1057    1.00000    7.98447E-17
   10   -1.15385E-02  0.   -2.41165E-05    55.1057    1.00000    7.98447E-17
   10   -1.15385E-02    2.00000E-03   -2.41165E-05    55.1057    1.00000    7.98447E-17
   10   -1.15385E-02    4.00000E-03   -2.41165E-05    55.1057    1.00000    7.98447E-17
   10   -1.15385E-02    6.00000E-03   -2.41165E-05    55.1057    1.00000    7.98447E-17
   10   -1.15385E-02    8.00000E-03   -2.41165E-05    55.1057    1.00000    7.98447E-17
   10   -1.15385E-02    1.00000E-02   -2.41165E-05    55.1057    1.00000    7.98447E-17
   10   -1.15385E-02    1.20000E-02   -2.41165E-05    55.1057    1.00000    7.98447E-17
   10   -1.15385E-02    1.40000E-02   -2.41165E-05    55.1057    1.00000    7.98447E-17
   10   -1.15385E-02    1.60000E-02   -2.41165E-05    55.1057    1.00000    7.98447E-17
   10   -1.15385E-02    1.80000E-02   -2.41165E-05    55.1057    1.00000    7.98447E-17
   10   -1.15385E-02    2.00000E-02   -2.41165E-05    55.1057    1.00000    7.98447E-17
   10   -1.15385E-02    2.20000E-02   -2.41165E-05    55.1057    1.00000    7.98447E-17
   10   -1.15385E-02    2.40000E-02   -2.41165E-05    55.1057    1.00000    7.98447E-17
   10   -1.15385E-02    2.60000E-02   -1.96372E-05    55.1057    1.00000    5.29396E-17
   10   -1.15385E-02    2.80000E-02   -1.96372E-05    55.1057    1.00000    5.29396E-17
   10   -1.15385E-02    3.00000E-02    1.96372E-05    55.1057    1.00000    5.29396E-17
   10   -1.15385E-02    3.20000E-02  0.    55.1057    1.00000  0.
   10   -1.15385E-02    3.40000E-02  0.    55.1057    1.00000  0.
   10   -1.15385E-02    3.60000E-02  0.    55.1057    1.00000  0.
   10   -1.15385E-02    3.80000E-02    7.85489E-05    55.1056    1.00000    8.47033E-16
   10   -1.15385E-02    4.00000E-02    1.57098E-04    55.1056    1.00000    3.38813E-15
   10   -1.15385E-02    4.20000E-02    1.57098E-04    55.1056    1.00000    3.38813E-15
   10   -1.15385E-02    4.40000E-02  0.    55.1057    1.00000  0.
   10   -1.15385E-02    4.60000E-02    3.14193E-04    55.1053    1.00000    1.35525E-14
   10   -1.15385E-02    4.80000E-02  0.    55.1057    1.00000  0.
   10   -1.15385E-02    5.00000E-02    6.28394E-04    55.1048    1.00000    5.42101E-14
   10   -7.69231E-03   -5.00000E-02   -20.0528   -11.3211    1.00000    3.15524E-05
   10   -7.69231E-03   -4.80000E-02    36.0935    123.062    1.00000    5.98066E-05
   10   -7.69231E-03   -4.60000E-02  0.    46.2026    1.00000  0.
   10   -7.69231E-03   -4.40000E-02  0.    46.2026    1.00000  0.
   10   -7.69231E-03   -4.20000E-02   -9.21362E-05    46.2025    1.00000    3.38813E-15
   10   -7.69231E-03   -4.00000E-02   -2.93950E-05    46.2026    1.00000    3.44862E-16
   10   -7.69231E-03   -3.80000E-02   -2.93950E-05    46.2026    1.00000    3.44862E-16
   10   -7.69231E-03   -3.60000E-02   -2.93950E-05    46.2026    1.00000    3.44862E-16
   10   -7.69231E-03   -3.40000E-02   -2.93950E-05    46.2026    1.00000    3.44862E-16
   10   -7.69231E-03   -3.20000E-02   -2.93950E-05    46.2026    1.00000    3.44862E-16
   10   -7.69231E-03   -3.00000E-02   -2.93950E-05    46.2026    1.00000    3.44862E-16
   10   -7.69231E-03   -2.80000E-02   -2.93950E-05    46.2026    1.00000    3.44862E-16
   10   -7.69231E-03   -2.60000E-02   -2.93950E-05    46.2026    1.00000    3.44862E-16
   10   -7.69231E-03   -2.40000E-02   -2.93950E-05    46.2026    1.00000    3.44862E-16
   10   -7.69231E-03   -2.20000E-02   -2.93950E-05    46.2026    1.00000    3.44862E-16
   10   -7.69231E-03   -2.00000E-02   -2.93950E-05    46.2026    1.00000    3.44862E-16
   10   -7.69231E-03   -1.80000E-02   -2.93950E-05    46.2026    1.00000    3.44862E-16
   10   -7.69231E-03   -1.60000E-02   -2.93950E-05    46.2026    1.00000    3.44862E-16
   10   -7.69231E-03   -1.40000E-02   -2.93950E-05    46.2026    1.00000    3.44862E-16
   10   -7.69231E-03   -1.20000E-02   -2.93950E-05    46.2026    1.00000    3.44862E-16
   10   -7.69231E-03   -1.00000E-02   -2.93950E-05    46.2026    1.00000    3.44862E-16
   10   -7.69231E-03   -8.00000E-03   -2.93950E-05    46.2026    1.00000    3.44862E-16
   10   -7.69231E-03   -6.00000E-03   -2.93950E-05    46.2026    1.00000    3.44862E-16
   10   -7.69231E-03   -4.00000E-03   -2.93950E-05    46.2026    1.00000    3.44862E-16
   10   -7.69231E-03   -2.00000E-03   -2.93950E-05    46.2026    1.00000    3.44862E-16
   10   -7.69231E-03  0.   -2.93950E-05    46.2026    1.00000    3.44862E-16
   10   -7.69231E-03    2.00000E-03   -2.93950E-05    46.2026    1.00000    3.44862E-16
   10   -7.69231E-03    4.00000E-03   -2.93950E-05    46.2026    1.00000    3.44862E-16
   10   -7.69231E-03    6.00000E-03   -2.93950E-05    46.2026    1.00000    3.44862E-16
   10   -7.69231E-03    8.00000E-03   -2.93950E-05    46.2026    1.00000    3.44862E-16
   10   -7.69231E-03    1.00000E-02   -2.93950E-05    46.2026    1.00000    3.44862E-16
   10   -7.69231E-03    1.20000E-02   -2.93950E-05    46.2026    1.00000    3.44862E-16
   10   -7.69231E-03    1.40000E-02   -2.93950E-05    46.2026    1.00000    3.44862E-16
   10   -7.69231E-03    1.60000E-02   -2.93950E-05    46.2026    1.00000    3.44862E-16
   10   -7.69231E-03    1.80000E-02   -2.93950E-05    46.2026    1.00000    3.44862E-16
   10   -7.69231E-03    2.00000E-02   -2.93950E-05    46.2026    1.00000    3.44862E-16
   10   -7.69231E-03    2.20000E-02   -2.93950E-05    46.2026    1.00000    3.44862E-16
   10   -7.69231E-03    2.40000E-02   -2.93950E-05    46.2026    1.00000    3.44862E-16
   10   -7.69231E-03    2.60000E-02  0.    46.2026    1.00000  0.
   10   -7.69231E-03    2.80000E-02   -2.30341E-05    46.2026    1.00000    2.11758E-16
   10   -7.69231E-03    3.00000E-02   -2.30341E-05    46.2026    1.00000    2.11758E-16
   10   -7.69231E-03    3.20000E-02   -2.30341E-05    46.2026    1.00000    2.11758E-16
   10   -7.69231E-03    3.40000E-02   -4.60682E-05    46.2026    1.00000    8.47033E-16
   10   -7.69231E-03    3.60000E-02   -4.60682E-05    46.2026    1.00000    8.47033E-16
   10   -7.69231E-03    3.80000E-02  0.    46.2026    1.00000  0.
   10   -7.69231E-03    4.00000E-02  0.    46.2026    1.00000  0.
   10   -7.69231E-03    4.20000E-02   -9.21364E-05    46.2026    1.00000    3.38813E-15
   10   -7.69231E-03    4.40000E-02   -1.84272E-04    46.2027    1.00000    1.35525E-14
   10   -7.69231E-03    4.60000E-02    1.84272E-04    46.2024    1.00000    1.35525E-14
   10   -7.69231E-03    4.80000E-02    1.84274E-04    46.2024    1.00000    1.35525E-14
   10   -7.69231E-03    5.00000E-02   -1.84272E-04    46.2028    1.00000    1.35525E-14
   10   -3.84615E-03   -5.00000E-02   -20.5957   -11.2373    1.00000    8.59681E-05
   10   -3.84615E-03   -4.80000E-02    83.4676    198.545    1.00000    1.85311E-04
   10   -3.84615E-03   -4.60000E-02  0.    39.8274    1.00000  0.
   10   -3.84615E-03   -4.40000E-02  0.    39.8274    1.00000  0.
   10   -3.84615E-03   -4.20000E-02  0.    39.8274    1.00000  0.
   10   -3.84615E-03   -4.00000E-02   -2.21259E-05    39.8274    1.00000    4.74611E-16
   10   -3.84615E-03   -3.80000E-02   -2.21259E-05    39.8274    1.00000    4.74611E-16
   10   -3.84615E-03   -3.60000E-02   -2.21259E-05    39.8274    1.00000    4.74611E-16
   10   -3.84615E-03   -3.40000E-02   -2.21259E-05    39.8274    1.00000    4.74611E-16
   10   -3.84615E-03   -3.20000E-02   -2.21259E-05    39.8274    1.00000    4.74611E-16
   10   -3.84615E-03   -3.00000E-02   -2.21259E-05    39.8274    1.00000    4.74611E-16
   10   -3.84615E-03   -2.80000E-02   -2.21259E-05    39.8274    1.00000    4.74611E-16
   10   -3.84615E-03   -2.60000E-02   -2.21259E-05    39.8274    1.00000    4.74611E-16
   10   -3.84615E-03   -2.40000E-02   -2.21259E-05    39.8274    1.00000    4.74611E-16
   10   -3.84615E-03   -2.20000E-02   -2.21259E-05    39.8274    1.00000    4.74611E-16
   10   -3.84615E-03   -2.00000E-02   -2.21259E-05    39.8274    1.00000    4.74611E-16
   10   -3.84615E-03   -1.80000E-02   -2.21259E-05    39.8274    1.00000    4.74611E-16
   10   -3.84615E-03   -1.60000E-02   -2.21259E-05    39.8274    1.00000    4.74611E-16
   10   -3.84615E-03   -1.40000E-02   -2.21259E-05    39.8274    1.00000    4.74611E-16
   10   -3.84615E-03   -1.20000E-02   -2.21259E-05    39.8274    1.00000    4.74611E-16
   10   -3.84615E-03   -1.00000E-02   -2.21259E-05    39.8274    1.00000    4.74611E-16
   10   -3.84615E-03   -8.00000E-03   -2.21259E-05    39.8274    1.00000    4.74611E-16
   10   -3.84615E-03   -6.00000E-03   -2.21259E-05    39.8274    1.00000    4.74611E-16
   10   -3.84615E-03   -4.00000E-03   -2.21259E-05    39.8274    1.00000    4.74611E-16
   10   -3.84615E-03   -2.00000E-03   -2.21259E-05    39.8274    1.00000    4.74611E-16
   10   -3.84615E-03  0.   -2.21259E-05    39.8274    1.00000    4.74611E-16
   10   -3.84615E-03    2.00000E-03   -2.21259E-05    39.8274    1.00000    4.74611E-16
   10   -3.84615E-03    4.00000E-03   -2.21259E-05    39.8274    1.00000    4.74611E-16
   10   -3.84615E-03    6.00000E-03   -2.21259E-05    39.8274    1.00000    4.74611E-16
   10   -3.84615E-03    8.00000E-03   -2.21259E-05    39.8274    1.00000    4.74611E-16
   10   -3.84615E-03    1.00000E-02   -2.21259E-05    39.8274    1.00000    4.74611E-16
   10   -3.84615E-03    1.20000E-02   -2.21259E-05    39.8274    1.00000    4.74611E-16
   10   -3.84615E-03    1.40000E-02   -2.21259E-05    39.8274    1.00000    4.74611E-16
   10   -3.84615E-03    1.60000E-02   -2.21259E-05    39.8274    1.00000    4.74611E-16
   10   -3.84615E-03    1.80000E-02   -2.21259E-05    39.8274    1.00000    4.74611E-16
   10   -3.84615E-03    2.00000E-02   -2.21259E-05    39.8274    1.00000    4.74611E-16
   10   -3.84615E-03    2.20000E-02   -2.21259E-05    39.8274    1.00000    4.74611E-16
   10   -3.84615E-03    2.40000E-02   -2.21259E-05    39.8274    1.00000    4.74611E-16
   10   -3.84615E-03    2.60000E-02   -7.38960E-06    39.8274    1.00000    5.29396E-17
   10   -3.84615E-03    2.80000E-02   -2.21688E-05    39.8274    1.00000    4.76456E-16
   10   -3.84615E-03    3.00000E-02   -2.95584E-05    39.8274    1.00000    8.47033E-16
   10   -3.84615E-03    3.20000E-02   -4.43376E-05    39.8274    1.00000    1.90582E-15
   10   -3.84615E-03    3.40000E-02   -2.95584E-05    39.8274    1.00000    8.47033E-16
   10   -3.84615E-03    3.60000E-02   -2.95584E-05    39.8274    1.00000    8.47033E-16
   10   -3.84615E-03    3.80000E-02    2.95584E-05    39.8274    1.00000    8.47033E-16
   10   -3.84615E-03    4.00000E-02    2.63952    39.1918    1.00000    6.65338E-06
   10   -3.84615E-03    4.20000E-02    3.60166    39.2057    1.00000    1.14264E-05
   10   -3.84615E-03    4.40000E-02    3.28245    39.8905    1.00000    8.37775E-06
   10   -3.84615E-03    4.60000E-02    2.47024    41.0395    1.00000    4.05332E-06
   10   -3.84615E-03    4.80000E-02    2.54382    41.4711    1.00000    3.93052E-06
   10   -3.84615E-03    5.00000E-02    1.61452    42.9906    1.00000    1.35011E-06
   10  0.   -5.00000E-02   -21.4749   -13.6097    1.00000    1.15330E-04
   10  0.   -4.80000E-02    38.1188    106.344    1.00000    1.74421E-04
   10  0.   -4.60000E-02  0.    34.9180    1.00000  0.
   10  0.   -4.40000E-02    7.95981E-05    34.9180    1.00000    1.35525E-14
   10  0.   -4.20000E-02  0.    34.9180    1.00000  0.
   10  0.   -4.00000E-02   -1.31923E-05    34.9180    1.00000    3.72266E-16
   10  0.   -3.80000E-02   -1.31923E-05    34.9180    1.00000    3.72266E-16
   10  0.   -3.60000E-02   -1.31923E-05    34.9180    1.00000    3.72266E-16
   10  0.   -3.40000E-02   -1.31923E-05    34.9180    1.00000    3.72266E-16
   10  0.   -3.20000E-02   -1.31923E-05    34.9180    1.00000    3.72266E-16
   10  0.   -3.00000E-02   -1.31923E-05    34.9180    1.00000    3.72266E-16
   10  0.   -2.80000E-02   -1.31923E-05    34.9180    1.00000    3.72266E-16
   10  0.   -2.60000E-02   -1.31923E-05    34.9180    1.00000    3.72266E-16
   10  0.   -2.40000E-02   -1.31923E-05    34.9180    1.00000    3.72266E-16
   10  0.   -2.20000E-02   -1.31923E-05    34.9180    1.00000    3.72266E-16
   10  0.   -2.00000E-02   -1.31923E-05    34.9180    1.00000    3.72266E-16
   10  0.   -1.80000E-02   -1.31923E-05    34.9180    1.00000    3.72266E-16
   10  0.   -1.60000E-02   -1.31923E-05    34.9180    1.00000    3.72266E-16
   10  0.   -1.40000E-02   -1.31923E-05    34.9180    1.00000    3.72266E-16
   10  0.   -1.20000E-02   -1.31923E-05    34.9180    1.00000    3.72266E-16
   10  0.   -1.00000E-02   -1.31923E-05    34.9180    1.00000    3.72266E-16
   10  0.   -8.00000E-03   -1.31923E-05    34.9180    1.00000    3.72266E-16
   10  0.   -6.00000E-03   -1.31923E-05    34.9180    1.00000    3.72266E-16
   10  0.   -4.00000E-03   -1.31923E-05    34.9180    1.00000    3.72266E-16
   10  0.   -2.00000E-03   -1.31923E-05    34.9180    1.00000    3.72266E-16
   10  0.  0.   -1.31923E-05    34.9180    1.00000    3.72266E-16
   10  0.    2.00000E-03   -1.31923E-05    34.9180    1.00000    3.72266E-16
   10  0.    4.00000E-03   -1.31923E-05    34.9180    1.00000    3.72266E-16
   10  0.    6.00000E-03  -0.684115    34.9985    1.00000    9.82871E-07
   10  0.    8.00000E-03   -1.02854    35.0391    1.00000    2.20130E-06
   10  0.    1.00000E-02   -1.38100    35.1621    1.00000    3.91363E-06
   10  0.    1.20000E-02   -1.39066    35.2850    1.00000    3.88675E-06
   10  0.    1.40000E-02   -1.40696    35.4911    1.00000    3.82422E-06
   10  0.    1.60000E-02   -1.41691    35.6163    1.00000    3.79771E-06
   10  0.    1.80000E-02   -1.43035    35.7849    1.00000    3.78017E-06
   10  0.    2.00000E-02   -1.44054    35.9121    1.00000    3.75376E-06
   10  0.    2.20000E-02   -1.45773    36.1257    1.00000    3.69231E-06
   10  0.    2.40000E-02   -1.46821    36.2554    1.00000    3.66621E-06
   10  0.    2.60000E-02  -0.372438    36.5225    1.00000    2.24276E-07
   10  0.    2.80000E-02    1.50770    36.6989    1.00000    3.51082E-06
   10  0.    3.00000E-02    3.07056    36.9639    1.00000    1.37391E-05
   10  0.    3.20000E-02    4.29882    37.1749    1.00000    2.56623E-05
   10  0.    3.40000E-02    5.19476    37.4936    1.00000    3.52304E-05
   10  0.    3.60000E-02    4.96032    38.0520    1.00000    2.86893E-05
   10  0.    3.80000E-02    4.72286    38.6602    1.00000    2.31377E-05
   10  0.    4.00000E-02    4.04376    39.3400    1.00000    1.46569E-05
   10  0.    4.20000E-02    3.74546    39.9421    1.00000    1.09706E-05
   10  0.    4.40000E-02    3.41586    40.6478    1.00000    8.03626E-06
   10  0.    4.60000E-02    2.55993    41.7366    1.00000    3.93005E-06
   10  0.    4.80000E-02    2.13393    42.6698    1.00000    2.41537E-06
   10  0.    5.00000E-02    1.67128    43.7015    1.00000    1.30371E-06
   10    3.84615E-03   -5.00000E-02   -22.0365   -14.8952    1.00000    7.76359E-05
   10    3.84615E-03   -4.80000E-02    26.5292    81.1616    1.00000    1.82130E-04
   10    3.84615E-03   -4.60000E-02   -4.39548    27.3888    1.00000    9.46410E-05
   10    3.84615E-03   -4.40000E-02    1.13159E-04    31.1497    1.00000    5.42101E-14
   10    3.84615E-03   -4.20000E-02    2.82896E-05    31.1496    1.00000    3.38813E-15
   10    3.84615E-03   -4.00000E-02   -6.75771E-06    31.1496    1.00000    1.93333E-16
   10    3.84615E-03   -3.80000E-02   -6.75771E-06    31.1496    1.00000    1.93333E-16
   10    3.84615E-03   -3.60000E-02   -6.75771E-06    31.1496    1.00000    1.93333E-16
   10    3.84615E-03   -3.40000E-02   -6.75771E-06    31.1496    1.00000    1.93333E-16
   10    3.84615E-03   -3.20000E-02  -0.544160    31.2136    1.00000    1.23323E-06
   10    3.84615E-03   -3.00000E-02   -1.09509    31.3110    1.00000    4.90273E-06
   10    3.84615E-03   -2.80000E-02   -1.37744    31.4093    1.00000    7.66101E-06
   10    3.84615E-03   -2.60000E-02   -1.39180    31.5726    1.00000    7.55122E-06
   10    3.84615E-03   -2.40000E-02   -1.68772    31.7386    1.00000    1.07843E-05
   10    3.84615E-03   -2.20000E-02   -1.42128    31.9053    1.00000    7.42724E-06
   10    3.84615E-03   -2.00000E-02   -1.43634    32.0738    1.00000    7.31923E-06
   10    3.84615E-03   -1.80000E-02   -1.44861    32.2105    1.00000    7.28889E-06
   10    3.84615E-03   -1.60000E-02   -1.46409    32.3822    1.00000    7.18174E-06
   10    3.84615E-03   -1.40000E-02   -1.48303    32.5912    1.00000    7.09077E-06
   10    3.84615E-03   -1.20000E-02   -1.49264    32.6967    1.00000    7.04547E-06
   10    3.84615E-03   -1.00000E-02   -1.20710    32.8737    1.00000    4.47074E-06
   10    3.84615E-03   -8.00000E-03   -1.52204    33.0173    1.00000    6.91051E-06
   10    3.84615E-03   -6.00000E-03   -1.23102    33.1978    1.00000    4.38483E-06
   10    3.84615E-03   -4.00000E-03   -1.55233    33.3442    1.00000    6.77700E-06
   10    3.84615E-03   -2.00000E-03   -1.25566    33.5283    1.00000    4.29975E-06
   10    3.84615E-03  0.   -1.26403    33.6400    1.00000    4.27152E-06
   10    3.84615E-03    2.00000E-03   -1.59415    33.7904    1.00000    6.60102E-06
   10    3.84615E-03    4.00000E-03   -1.28967    33.9794    1.00000    4.18755E-06
   10    3.84615E-03    6.00000E-03   -1.29839    34.0941    1.00000    4.15981E-06
   10    3.84615E-03    8.00000E-03   -1.63768    34.2486    1.00000    6.42736E-06
   10    3.84615E-03    1.00000E-02   -1.32205    34.4033    1.00000    4.06755E-06
   10    3.84615E-03    1.20000E-02   -1.33416    34.5607    1.00000    4.04946E-06
   10    3.84615E-03    1.40000E-02   -1.34334    34.6793    1.00000    4.02212E-06
   10    3.84615E-03    1.60000E-02   -1.02144    34.9180    1.00000    2.21647E-06
   10    3.84615E-03    1.80000E-02   -1.24181E-05    35.1598    1.00000    3.12123E-16
   10    3.84615E-03    2.00000E-02    1.40349    35.4479    1.00000    3.76159E-06
   10    3.84615E-03    2.20000E-02    2.49686    35.7428    1.00000    1.13050E-05
   10    3.84615E-03    2.40000E-02    3.64427    36.1308    1.00000    2.27474E-05
   10    3.84615E-03    2.60000E-02    4.84155    36.4849    1.00000    3.79921E-05
   10    3.84615E-03    2.80000E-02    5.74476    36.8872    1.00000    4.93835E-05
   10    3.84615E-03    3.00000E-02    5.52323    37.3911    1.00000    4.15714E-05
   10    3.84615E-03    3.20000E-02    5.31306    37.9616    1.00000    3.43590E-05
   10    3.84615E-03    3.40000E-02    5.06137    38.5283    1.00000    2.82536E-05
   10    3.84615E-03    3.60000E-02    4.79343    39.0834    1.00000    2.29580E-05
   10    3.84615E-03    3.80000E-02    4.49789    39.5960    1.00000    1.83372E-05
   10    3.84615E-03    4.00000E-02    3.76513    40.3171    1.00000    1.10618E-05
   10    3.84615E-03    4.20000E-02    3.44163    41.0152    1.00000    8.01251E-06
   10    3.84615E-03    4.40000E-02    3.05701    41.6612    1.00000    5.67380E-06
   10    3.84615E-03    4.60000E-02    2.66116    42.5120    1.00000    3.75120E-06
   10    3.84615E-03    4.80000E-02    2.20768    43.3659    1.00000    2.33108E-06
   10    3.84615E-03    5.00000E-02    1.71526    44.2502    1.00000    1.26859E-06
   10    7.69231E-03   -5.00000E-02   -18.7749  -0.385581    1.00000    9.66870E-08
   10    7.69231E-03   -4.80000E-02    16.4812    61.3652    1.00000    1.51381E-04
   10    7.69231E-03   -4.60000E-02   -3.51975    27.2593    1.00000    6.97809E-05
   10    7.69231E-03   -4.40000E-02   -1.00405    29.6549    1.00000    5.25106E-06
   10    7.69231E-03   -4.20000E-02   -1.24990    29.7417    1.00000    8.33434E-06
   10    7.69231E-03   -4.00000E-02   -1.49407    29.8621    1.00000    1.21670E-05
   10    7.69231E-03   -3.80000E-02   -1.51190    30.0397    1.00000    1.20250E-05
   10    7.69231E-03   -3.60000E-02   -1.53004    30.2195    1.00000    1.18837E-05
   10    7.69231E-03   -3.40000E-02   -1.28785    30.3705    1.00000    8.18784E-06
   10    7.69231E-03   -3.20000E-02   -1.30347    30.5543    1.00000    8.09070E-06
   10    7.69231E-03   -3.00000E-02   -1.57686    30.6783    1.00000    1.15346E-05
   10    7.69231E-03   -2.80000E-02   -1.32745    30.8340    1.00000    7.94611E-06
   10    7.69231E-03   -2.60000E-02   -1.34381    31.0234    1.00000    7.85058E-06
   10    7.69231E-03   -2.40000E-02   -1.35763    31.1827    1.00000    7.73920E-06
   10    7.69231E-03   -2.20000E-02   -1.36892    31.3119    1.00000    7.70817E-06
   10    7.69231E-03   -2.00000E-02   -1.38314    31.4742    1.00000    7.59804E-06
   10    7.69231E-03   -1.80000E-02   -1.39473    31.6058    1.00000    7.56713E-06
   10    7.69231E-03   -1.60000E-02   -1.40936    31.7712    1.00000    7.45794E-06
   10    7.69231E-03   -1.40000E-02   -1.13940    31.9383    1.00000    4.73360E-06
   10    7.69231E-03   -1.20000E-02   -1.43634    32.0738    1.00000    7.31923E-06
   10    7.69231E-03   -1.00000E-02   -1.16133    32.2441    1.00000    4.64519E-06
   10    7.69231E-03   -8.00000E-03   -1.46409    32.3822    1.00000    7.18174E-06
   10    7.69231E-03   -6.00000E-03   -1.47671    32.5216    1.00000    7.15169E-06
   10    7.69231E-03   -4.00000E-03   -1.19155    32.6611    1.00000    4.52854E-06
   10    7.69231E-03   -2.00000E-03   -1.50234    32.8028    1.00000    7.00031E-06
   10    7.69231E-03  0.   -1.21499    32.9810    1.00000    4.44195E-06
   10    7.69231E-03    2.00000E-03   -1.22296    33.0890    1.00000    4.41331E-06
   10    7.69231E-03    4.00000E-03   -1.54214    33.2345    1.00000    6.82144E-06
   10    7.69231E-03    6.00000E-03   -1.24736    33.4174    1.00000    4.32802E-06
   10    7.69231E-03    8.00000E-03   -1.21798E-05    33.6756    1.00000    3.90531E-16
   10    7.69231E-03    1.00000E-02   0.967097    33.9772    1.00000    2.30813E-06
   10    7.69231E-03    1.20000E-02    1.96045    34.2085    1.00000    9.04696E-06
   10    7.69231E-03    1.40000E-02    3.35054    34.6437    1.00000    2.47364E-05
   10    7.69231E-03    1.60000E-02    4.44723    35.0093    1.00000    4.12376E-05
   10    7.69231E-03    1.80000E-02    5.60304    35.4259    1.00000    6.17589E-05
   10    7.69231E-03    2.00000E-02    6.10956    35.8902    1.00000    6.81209E-05
   10    7.69231E-03    2.20000E-02    5.93106    36.4489    1.00000    5.83836E-05
   10    7.69231E-03    2.40000E-02    5.71028    36.9356    1.00000    5.01033E-05
   10    7.69231E-03    2.60000E-02    5.51283    37.4601    1.00000    4.18794E-05
   10    7.69231E-03    2.80000E-02    5.27553    37.9810    1.00000    3.48796E-05
   10    7.69231E-03    3.00000E-02    5.02260    38.5298    1.00000    2.86893E-05
   10    7.69231E-03    3.20000E-02    4.75379    39.0663    1.00000    2.33183E-05
   10    7.69231E-03    3.40000E-02    4.89228    39.5741    1.00000    2.26007E-05
   10    7.69231E-03    3.60000E-02    4.58851    40.1228    1.00000    1.79980E-05
   10    7.69231E-03    3.80000E-02    4.25713    40.6342    1.00000    1.40374E-05
   10    7.69231E-03    4.00000E-02    3.46473    41.4062    1.00000    8.10339E-06
   10    7.69231E-03    4.20000E-02    3.08539    42.0467    1.00000    5.67408E-06
   10    7.69231E-03    4.40000E-02    2.67111    42.7965    1.00000    3.79552E-06
   10    7.69231E-03    4.60000E-02    2.75307    43.1987    1.00000    3.62068E-06
   10    7.69231E-03    4.80000E-02    2.27854    44.0225    1.00000    2.24131E-06
   10    7.69231E-03    5.00000E-02    1.77684    45.0021    1.00000    1.22286E-06
   10    1.15385E-02   -5.00000E-02   -18.1891    1.78188    1.00000    2.04362E-05
   10    1.15385E-02   -4.80000E-02    19.3044    63.1772    1.00000    2.27666E-04
   10    1.15385E-02   -4.60000E-02   -1.66680    28.3875    1.00000    1.62696E-05
   10    1.15385E-02   -4.40000E-02  -0.733492    29.3503    1.00000    3.05339E-06
   10    1.15385E-02   -4.20000E-02  -0.969092    29.3119    1.00000    5.50263E-06
   10    1.15385E-02   -4.00000E-02   -1.44528    29.3704    1.00000    1.26227E-05
   10    1.15385E-02   -3.80000E-02   -1.46223    29.5422    1.00000    1.24780E-05
   10    1.15385E-02   -3.60000E-02   -1.47657    29.6866    1.00000    1.23100E-05
   10    1.15385E-02   -3.40000E-02   -1.49407    29.8621    1.00000    1.21670E-05
   10    1.15385E-02   -3.20000E-02   -1.25743    30.0097    1.00000    8.38371E-06
   10    1.15385E-02   -3.00000E-02   -1.52094    30.1293    1.00000    1.19544E-05
   10    1.15385E-02   -2.80000E-02   -1.53923    30.3101    1.00000    1.18135E-05
   10    1.15385E-02   -2.60000E-02   -1.29562    30.4621    1.00000    8.13916E-06
   10    1.15385E-02   -2.40000E-02   -1.30872    30.6157    1.00000    8.02598E-06
   10    1.15385E-02   -2.20000E-02   -1.31939    30.7402    1.00000    7.99422E-06
   10    1.15385E-02   -2.00000E-02   -1.33285    30.8966    1.00000    7.88206E-06
   10    1.15385E-02   -1.80000E-02   -1.34381    31.0234    1.00000    7.85058E-06
   10    1.15385E-02   -1.60000E-02   -1.35763    31.1827    1.00000    7.73920E-06
   10    1.15385E-02   -1.40000E-02   -1.36892    31.3119    1.00000    7.70817E-06
   10    1.15385E-02   -1.20000E-02   -1.38314    31.4742    1.00000    7.59804E-06
   10    1.15385E-02   -1.00000E-02   -1.39473    31.6058    1.00000    7.56713E-06
   10    1.15385E-02   -8.00000E-03   -1.40936    31.7712    1.00000    7.45794E-06
   10    1.15385E-02   -6.00000E-03   -1.42128    31.9053    1.00000    7.42724E-06
   10    1.15385E-02   -4.00000E-03   -1.14665    32.0396    1.00000    4.70410E-06
   10    1.15385E-02   -2.00000E-03  -0.581875    32.2771    1.00000    1.14903E-06
   10    1.15385E-02  0.   0.591871    32.5541    1.00000    1.12468E-06
   10    1.15385E-02    2.00000E-03    1.80257    32.8018    1.00000    9.88460E-06
   10    1.15385E-02    4.00000E-03    3.06386    33.1283    1.00000    2.69252E-05
   10    1.15385E-02    6.00000E-03    4.09007    33.5735    1.00000    4.46162E-05
   10    1.15385E-02    8.00000E-03    5.14809    33.9561    1.00000    6.68480E-05
   10    1.15385E-02    1.00000E-02    6.28194    34.4266    1.00000    9.23991E-05
   10    1.15385E-02    1.20000E-02    6.13069    34.9403    1.00000    8.03445E-05
   10    1.15385E-02    1.40000E-02    5.98143    35.5115    1.00000    6.95609E-05
   10    1.15385E-02    1.60000E-02    6.15318    36.0183    1.00000    6.76442E-05
   10    1.15385E-02    1.80000E-02    5.97409    36.5810    1.00000    5.79685E-05
   10    1.15385E-02    2.00000E-02    5.75226    37.0712    1.00000    4.97428E-05
   10    1.15385E-02    2.20000E-02    5.91005    37.5766    1.00000    4.81926E-05
   10    1.15385E-02    2.40000E-02    5.66948    38.0941    1.00000    4.09596E-05
   10    1.15385E-02    2.60000E-02    5.02239    38.6265    1.00000    2.89832E-05
   10    1.15385E-02    2.80000E-02    5.16620    39.1223    1.00000    2.81106E-05
   10    1.15385E-02    3.00000E-02    4.85157    39.5574    1.00000    2.29580E-05
   10    1.15385E-02    3.20000E-02    4.55937    40.1376    1.00000    1.83368E-05
   10    1.15385E-02    3.40000E-02    4.68411    40.6267    1.00000    1.77105E-05
   10    1.15385E-02    3.60000E-02    4.33120    41.1135    1.00000    1.39616E-05
   10    1.15385E-02    3.80000E-02    3.96649    41.5956    1.00000    1.06132E-05
   10    1.15385E-02    4.00000E-02    3.61109    42.2420    1.00000    7.76760E-06
   10    1.15385E-02    4.20000E-02    3.21776    42.9016    1.00000    5.43321E-06
   10    1.15385E-02    4.40000E-02    2.77584    43.5586    1.00000    3.62024E-06
   10    1.15385E-02    4.60000E-02    1.74869    44.9020    1.00000    1.25734E-06
   10    1.15385E-02    4.80000E-02    1.78815    45.2835    1.00000    1.22312E-06
   10    1.15385E-02    5.00000E-02    1.23991    46.3675    1.00000    5.25338E-07
   10    1.53846E-02   -5.00000E-02   -18.2533    1.05093    1.00000    3.25582E-05
   10    1.53846E-02   -4.80000E-02    12.6644    51.3333    1.00000    1.75993E-04
   10    1.53846E-02   -4.60000E-02  -0.475802    28.9498    1.00000    1.39182E-06
   10    1.53846E-02   -4.40000E-02  -0.941077    28.7196    1.00000    5.59697E-06
   10    1.53846E-02   -4.20000E-02   -1.17131    28.7854    1.00000    8.88317E-06
   10    1.53846E-02   -4.00000E-02   -1.16566    28.8938    1.00000    9.03634E-06
   10    1.53846E-02   -3.80000E-02   -1.17911    29.0600    1.00000    8.93435E-06
   10    1.53846E-02   -3.60000E-02   -1.42862    29.2006    1.00000    1.27683E-05
   10    1.53846E-02   -3.40000E-02   -1.44245    29.3417    1.00000    1.25980E-05
   10    1.53846E-02   -3.20000E-02   -1.21377    29.4841    1.00000    8.68184E-06
   10    1.53846E-02   -3.00000E-02   -1.22807    29.6572    1.00000    8.58189E-06
   10    1.53846E-02   -2.80000E-02   -1.48528    29.7741    1.00000    1.22383E-05
   10    1.53846E-02   -2.60000E-02   -1.24999    29.9208    1.00000    8.43303E-06
   10    1.53846E-02   -2.40000E-02   -1.26240    30.0689    1.00000    8.31783E-06
   10    1.53846E-02   -2.20000E-02   -1.27250    30.1890    1.00000    8.28541E-06
   10    1.53846E-02   -2.00000E-02   -1.28525    30.3398    1.00000    8.17129E-06
   10    1.53846E-02   -1.80000E-02   -1.29562    30.4621    1.00000    8.13916E-06
   10    1.53846E-02   -1.60000E-02   -1.30872    30.6157    1.00000    8.02598E-06
   10    1.53846E-02   -1.40000E-02   -1.31939    30.7402    1.00000    7.99422E-06
   10    1.53846E-02   -1.20000E-02   -1.33285    30.8966    1.00000    7.88206E-06
   10    1.53846E-02   -1.00000E-02   -1.38586E-05    31.1810    1.00000    8.01558E-16
   10    1.53846E-02   -8.00000E-03    1.38010    31.4402    1.00000    7.48748E-06
   10    1.53846E-02   -6.00000E-03    2.24516    31.7045    1.00000    1.86529E-05
   10    1.53846E-02   -4.00000E-03    3.75031    32.1482    1.00000    4.84360E-05
   10    1.53846E-02   -2.00000E-03    5.03245    32.5705    1.00000    8.17895E-05
   10    1.53846E-02  0.    6.07700    33.0033    1.00000    1.11049E-04
   10    1.53846E-02    2.00000E-03    6.25283    33.4779    1.00000    1.08439E-04
   10    1.53846E-02    4.00000E-03    6.46521    34.0424    1.00000    1.04924E-04
   10    1.53846E-02    6.00000E-03    6.01931    34.6212    1.00000    8.21887E-05
   10    1.53846E-02    8.00000E-03    5.85727    35.1407    1.00000    7.10155E-05
   10    1.53846E-02    1.00000E-02    5.68245    35.6762    1.00000    6.09062E-05
   10    1.53846E-02    1.20000E-02    5.84640    36.1877    1.00000    5.92185E-05
   10    1.53846E-02    1.40000E-02    5.65490    36.7558    1.00000    5.03421E-05
   10    1.53846E-02    1.60000E-02    5.42144    37.2509    1.00000    4.28093E-05
   10    1.53846E-02    1.80000E-02    5.58494    37.8088    1.00000    4.15716E-05
   10    1.53846E-02    2.00000E-02    5.31760    38.2840    1.00000    3.48795E-05
   10    1.53846E-02    2.20000E-02    5.44058    38.7244    1.00000    3.41002E-05
   10    1.53846E-02    2.40000E-02    5.16615    39.2745    1.00000    2.83276E-05
   10    1.53846E-02    2.60000E-02    4.87520    39.7503    1.00000    2.29578E-05
   10    1.53846E-02    2.80000E-02    5.01972    40.2816    1.00000    2.22463E-05
   10    1.53846E-02    3.00000E-02    4.22902    40.8097    1.00000    1.44231E-05
   10    1.53846E-02    3.20000E-02    4.32404    41.2157    1.00000    1.40764E-05
   10    1.53846E-02    3.40000E-02    3.94817    41.7534    1.00000    1.07913E-05
   10    1.53846E-02    3.60000E-02    4.06542    42.2727    1.00000    1.04367E-05
   10    1.53846E-02    3.80000E-02    4.16992    42.6201    1.00000    1.00880E-05
   10    1.53846E-02    4.00000E-02    3.24928    43.3197    1.00000    5.43376E-06
   10    1.53846E-02    4.20000E-02    2.80315    43.9859    1.00000    3.62046E-06
   10    1.53846E-02    4.40000E-02    2.32820    44.7707    1.00000    2.22149E-06
   10    1.53846E-02    4.60000E-02    1.81242    45.6851    1.00000    1.21181E-06
   10    1.53846E-02    4.80000E-02    1.85237    46.0325    1.00000    1.17847E-06
   10    1.53846E-02    5.00000E-02    1.89354    46.3766    1.00000    1.14584E-06
   10    1.92308E-02   -4.80000E-02    14.2655    52.1170    1.00000    2.47229E-04
   10    1.92308E-02   -4.60000E-02  -0.686774    28.2895    1.00000    3.23502E-06
   10    1.92308E-02   -4.40000E-02  -0.911308    28.2610    1.00000    5.80600E-06
   10    1.92308E-02   -4.20000E-02   -1.13164    28.2914    1.00000    9.19043E-06
   10    1.92308E-02   -4.00000E-02   -1.35452    28.4332    1.00000    1.34077E-05
   10    1.92308E-02   -3.80000E-02   -1.13943    28.5670    1.00000    9.24205E-06
   10    1.92308E-02   -3.60000E-02   -1.15243    28.7294    1.00000    9.13890E-06
   10    1.92308E-02   -3.40000E-02   -1.39615    28.8668    1.00000    1.30617E-05
   10    1.92308E-02   -3.20000E-02   -1.17235    28.9767    1.00000    8.98520E-06
   10    1.92308E-02   -3.00000E-02   -1.18592    29.1439    1.00000    8.88349E-06
   10    1.92308E-02   -2.80000E-02   -1.43410    29.2567    1.00000    1.26705E-05
   10    1.92308E-02   -2.60000E-02   -1.20672    29.3983    1.00000    8.73213E-06
   10    1.92308E-02   -2.40000E-02   -1.21848    29.5413    1.00000    8.61480E-06
   10    1.92308E-02   -2.20000E-02   -1.22807    29.6572    1.00000    8.58189E-06
   10    1.92308E-02   -2.00000E-02  -0.994060    29.8316    1.00000    5.39687E-06
   10    1.92308E-02   -1.80000E-02   0.506908    30.1270    1.00000    1.31235E-06
   10    1.92308E-02   -1.60000E-02    1.54824    30.3995    1.00000    1.14620E-05
   10    1.92308E-02   -1.40000E-02    3.16611    30.7434    1.00000    4.46563E-05
   10    1.92308E-02   -1.20000E-02    4.61653    31.1947    1.00000    8.83628E-05
   10    1.92308E-02   -1.00000E-02    5.58037    31.6245    1.00000    1.20316E-04
   10    1.92308E-02   -8.00000E-03    6.86871    32.0361    1.00000    1.71133E-04
   10    1.92308E-02   -6.00000E-03    6.52808    32.6174    1.00000    1.38163E-04
   10    1.92308E-02   -4.00000E-03    6.46545    33.2235    1.00000    1.21650E-04
   10    1.92308E-02   -2.00000E-03    6.37898    33.8143    1.00000    1.06323E-04
   10    1.92308E-02  0.    6.23935    34.3096    1.00000    9.30214E-05
   10    1.92308E-02    2.00000E-03    6.10266    34.8602    1.00000    8.10821E-05
   10    1.92308E-02    4.00000E-03    5.93959    35.3871    1.00000    7.00438E-05
   10    1.92308E-02    6.00000E-03    5.77736    35.9732    1.00000    6.02029E-05
   10    1.92308E-02    8.00000E-03    5.58708    36.5346    1.00000    5.11931E-05
   10    1.92308E-02    1.00000E-02    5.73809    37.0254    1.00000    4.96204E-05
   10    1.92308E-02    1.20000E-02    5.50229    37.5278    1.00000    4.21883E-05
   10    1.92308E-02    1.40000E-02    5.25120    38.0441    1.00000    3.54936E-05
   10    1.92308E-02    1.60000E-02    5.39912    38.5764    1.00000    3.43591E-05
   10    1.92308E-02    1.80000E-02    5.11289    39.0713    1.00000    2.84711E-05
   10    1.92308E-02    2.00000E-02    5.23361    39.5302    1.00000    2.78213E-05
   10    1.92308E-02    2.20000E-02    5.35867    39.9999    1.00000    2.71789E-05
   10    1.92308E-02    2.40000E-02    4.57328    40.4762    1.00000    1.84334E-05
   10    1.92308E-02    2.60000E-02    4.70123    40.9423    1.00000    1.78537E-05
   10    1.92308E-02    2.80000E-02    4.35225    41.4847    1.00000    1.40763E-05
   10    1.92308E-02    3.00000E-02    4.46615    41.9261    1.00000    1.35820E-05
   10    1.92308E-02    3.20000E-02    4.05613    42.3559    1.00000    1.05248E-05
   10    1.92308E-02    3.40000E-02    4.15147    42.7997    1.00000    1.02615E-05
   10    1.92308E-02    3.60000E-02    3.73024    43.3203    1.00000    7.61344E-06
   10    1.92308E-02    3.80000E-02    3.83194    43.7254    1.00000    7.35280E-06
   10    1.92308E-02    4.00000E-02    2.85192    44.5488    1.00000    3.58819E-06
   10    1.92308E-02    4.20000E-02    2.92921    44.9262    1.00000    3.46035E-06
   10    1.92308E-02    4.40000E-02    2.42047    45.6115    1.00000    2.14819E-06
   10    1.92308E-02    4.60000E-02    1.87987    46.4947    1.00000    1.16737E-06
   10    1.92308E-02    4.80000E-02    1.92203    46.8482    1.00000    1.13490E-06
   10    1.92308E-02    5.00000E-02    1.32366    47.8529    1.00000    4.91475E-07
   10    2.30769E-02   -4.80000E-02    13.0385    49.1786    1.00000    2.63494E-04
   10    2.30769E-02   -4.60000E-02  -0.663857    27.8145    1.00000    3.34652E-06
   10    2.30769E-02   -4.40000E-02  -0.665275    27.9522    1.00000    3.36529E-06
   10    2.30769E-02   -4.20000E-02  -0.880637    27.9351    1.00000    6.07095E-06
   10    2.30769E-02   -4.00000E-02   -1.31235    27.9871    1.00000    1.38859E-05
   10    2.30769E-02   -3.80000E-02   -1.32453    28.1167    1.00000    1.37085E-05
   10    2.30769E-02   -3.60000E-02   -1.11409    28.2474    1.00000    9.45006E-06
   10    2.30769E-02   -3.40000E-02   -1.34948    28.3802    1.00000    1.35082E-05
   10    2.30769E-02   -3.20000E-02   -1.13302    28.4864    1.00000    9.29383E-06
   10    2.30769E-02   -3.00000E-02   -1.14591    28.6480    1.00000    9.19040E-06
   10    2.30769E-02   -2.80000E-02  -0.696701    28.8376    1.00000    3.24059E-06
   10    2.30769E-02   -2.60000E-02   0.948602    29.1422    1.00000    5.58720E-06
   10    2.30769E-02   -2.40000E-02    2.18020    29.4557    1.00000    2.74214E-05
   10    2.30769E-02   -2.20000E-02    3.72031    29.8095    1.00000    7.43991E-05
   10    2.30769E-02   -2.00000E-02    4.85550    30.2631    1.00000    1.17274E-04
   10    2.30769E-02   -1.80000E-02    6.30995    30.7036    1.00000    1.84548E-04
   10    2.30769E-02   -1.60000E-02    7.33569    31.2182    1.00000    2.28473E-04
   10    2.30769E-02   -1.40000E-02    7.08013    31.8699    1.00000    1.87236E-04
   10    2.30769E-02   -1.20000E-02    7.04623    32.4481    1.00000    1.66885E-04
   10    2.30769E-02   -1.00000E-02    6.69992    33.0445    1.00000    1.34664E-04
   10    2.30769E-02   -8.00000E-03    6.62403    33.6289    1.00000    1.18252E-04
   10    2.30769E-02   -6.00000E-03    6.19720    34.1934    1.00000    9.36460E-05
   10    2.30769E-02   -4.00000E-03    6.06077    34.7403    1.00000    8.16343E-05
   10    2.30769E-02   -2.00000E-03    5.89823    35.2635    1.00000    7.05291E-05
   10    2.30769E-02  0.    5.72277    35.8027    1.00000    6.04818E-05
   10    2.30769E-02    2.00000E-03    5.54690    36.4029    1.00000    5.15590E-05
   10    2.30769E-02    4.00000E-03    5.69626    36.8901    1.00000    4.99805E-05
   10    2.30769E-02    6.00000E-03    5.46163    37.3888    1.00000    4.24980E-05
   10    2.30769E-02    8.00000E-03    5.62697    37.9509    1.00000    4.12651E-05
   10    2.30769E-02    1.00000E-02    5.35813    38.4296    1.00000    3.46187E-05
   10    2.30769E-02    1.20000E-02    5.07358    38.9208    1.00000    2.86894E-05
   10    2.30769E-02    1.40000E-02    5.20654    39.4278    1.00000    2.81106E-05
   10    2.30769E-02    1.60000E-02    4.89908    39.9450    1.00000    2.29578E-05
   10    2.30769E-02    1.80000E-02    5.01740    40.4247    1.00000    2.24230E-05
   10    2.30769E-02    2.00000E-02    4.64745    40.8033    1.00000    1.81424E-05
   10    2.30769E-02    2.20000E-02    4.76213    41.3039    1.00000    1.77101E-05
   10    2.30769E-02    2.40000E-02    4.38085    41.7573    1.00000    1.40763E-05
   10    2.30769E-02    2.60000E-02    4.49628    42.2089    1.00000    1.35820E-05
   10    2.30769E-02    2.80000E-02    4.60052    42.6440    1.00000    1.32455E-05
   10    2.30769E-02    3.00000E-02    4.20444    43.1599    1.00000    1.01743E-05
   10    2.30769E-02    3.20000E-02    3.75117    43.5641    1.00000    7.61320E-06
   10    2.30769E-02    3.40000E-02    3.83545    43.9592    1.00000    7.41765E-06
   10    2.30769E-02    3.60000E-02    3.36697    44.4906    1.00000    5.33906E-06
   10    2.30769E-02    3.80000E-02    3.45421    44.8963    1.00000    5.13618E-06
   10    2.30769E-02    4.00000E-02    2.98207    45.5224    1.00000    3.42923E-06
   10    2.30769E-02    4.20000E-02    2.45283    46.0795    1.00000    2.12131E-06
   10    2.30769E-02    4.40000E-02    1.90812    46.9688    1.00000    1.15633E-06
   10    2.30769E-02    4.60000E-02    1.94493    47.2606    1.00000    1.12007E-06
   10    2.30769E-02    4.80000E-02    1.34151    48.2663    1.00000    4.86591E-07
   10    2.30769E-02    5.00000E-02    1.36179    48.5183    1.00000    4.77056E-07
   10    2.69231E-02   -4.80000E-02    8.35265    41.7701    1.00000    1.70538E-04
   10    2.69231E-02   -4.60000E-02  -0.432899    27.6203    1.00000    1.53428E-06
   10    2.69231E-02   -4.40000E-02  -0.856258    27.3873    1.00000    6.17292E-06
   10    2.69231E-02   -4.20000E-02   -1.06331    27.4121    1.00000    9.76668E-06
   10    2.69231E-02   -4.00000E-02   -1.26979    27.5295    1.00000    1.43462E-05
   10    2.69231E-02   -3.80000E-02   -1.28374    27.6803    1.00000    1.41919E-05
   10    2.69231E-02   -3.60000E-02  -0.433415    27.8568    1.00000    1.54561E-06
   10    2.69231E-02   -3.40000E-02    1.10979    28.1935    1.00000    9.30885E-06
   10    2.69231E-02   -3.20000E-02    2.49215    28.4875    1.00000    4.34720E-05
   10    2.69231E-02   -3.00000E-02    4.19632    28.9033    1.00000    1.13783E-04
   10    2.69231E-02   -2.80000E-02    5.55241    29.4181    1.00000    1.82623E-04
   10    2.69231E-02   -2.60000E-02    7.22569    29.8972    1.00000    2.85913E-04
   10    2.69231E-02   -2.40000E-02    7.74794    30.4416    1.00000    2.97126E-04
   10    2.69231E-02   -2.20000E-02    7.52993    31.0606    1.00000    2.47700E-04
   10    2.69231E-02   -2.00000E-02    7.30218    31.7391    1.00000    2.04622E-04
   10    2.69231E-02   -1.80000E-02    7.00121    32.3441    1.00000    1.67942E-04
   10    2.69231E-02   -1.60000E-02    6.65632    32.9367    1.00000    1.35534E-04
   10    2.69231E-02   -1.40000E-02    6.59487    33.5548    1.00000    1.19296E-04
   10    2.69231E-02   -1.20000E-02    6.50899    34.1576    1.00000    1.04228E-04
   10    2.69231E-02   -1.00000E-02    6.04677    34.7001    1.00000    8.14462E-05
   10    2.69231E-02   -8.00000E-03    5.89823    35.2635    1.00000    7.05291E-05
   10    2.69231E-02   -6.00000E-03    5.72277    35.8027    1.00000    6.04818E-05
   10    2.69231E-02   -4.00000E-03    5.53348    36.3588    1.00000    5.14344E-05
   10    2.69231E-02   -2.00000E-03    5.69626    36.8901    1.00000    4.99805E-05
   10    2.69231E-02  0.    5.46163    37.3888    1.00000    4.24980E-05
   10    2.69231E-02    2.00000E-03    5.62697    37.9509    1.00000    4.12651E-05
   10    2.69231E-02    4.00000E-03    5.35813    38.4296    1.00000    3.46187E-05
   10    2.69231E-02    6.00000E-03    5.08676    38.9713    1.00000    2.87639E-05
   10    2.69231E-02    8.00000E-03    4.78490    39.4766    1.00000    2.34989E-05
   10    2.69231E-02    1.00000E-02    4.89908    39.9450    1.00000    2.29578E-05
   10    2.69231E-02    1.20000E-02    5.01740    40.4247    1.00000    2.24230E-05
   10    2.69231E-02    1.40000E-02    4.66010    40.8588    1.00000    1.81917E-05
   10    2.69231E-02    1.60000E-02    4.76213    41.3039    1.00000    1.77101E-05
   10    2.69231E-02    1.80000E-02    4.38085    41.7573    1.00000    1.40763E-05
   10    2.69231E-02    2.00000E-02    4.47891    42.2223    1.00000    1.36951E-05
   10    2.69231E-02    2.20000E-02    4.07144    42.6964    1.00000    1.06131E-05
   10    2.69231E-02    2.40000E-02    4.16797    43.1547    1.00000    1.03488E-05
   10    2.69231E-02    2.60000E-02    3.71472    43.5166    1.00000    7.74535E-06
   10    2.69231E-02    2.80000E-02    3.80535    44.0004    1.00000    7.54770E-06
   10    2.69231E-02    3.00000E-02    3.89157    44.4061    1.00000    7.35272E-06
   10    2.69231E-02    3.20000E-02    3.40402    44.8467    1.00000    5.27603E-06
   10    2.69231E-02    3.40000E-02    2.90166    45.3244    1.00000    3.58841E-06
   10    2.69231E-02    3.60000E-02    3.54136    45.6103    1.00000    5.04413E-06
   10    2.69231E-02    3.80000E-02    3.03636    46.1386    1.00000    3.39740E-06
   10    2.69231E-02    4.00000E-02    2.49688    46.6879    1.00000    2.10135E-06
   10    2.69231E-02    4.20000E-02    1.93703    47.4553    1.00000    1.14522E-06
   10    2.69231E-02    4.40000E-02    1.98116    47.8288    1.00000    1.11293E-06
   10    2.69231E-02    4.60000E-02    1.35862    48.6559    1.00000    4.81569E-07
   10    2.69231E-02    4.80000E-02    1.38428    48.9892    1.00000    4.74005E-07
   10    2.69231E-02    5.00000E-02   0.718496    50.2595    1.00000    1.15396E-07
   10    3.07692E-02   -4.80000E-02    5.39052    36.8466    1.00000    1.02853E-04
   10    3.07692E-02   -4.60000E-02  -0.624251    26.9734    1.00000    3.55321E-06
   10    3.07692E-02   -4.40000E-02  -0.625596    27.1053    1.00000    3.57255E-06
   10    3.07692E-02   -4.20000E-02  -0.827991    27.0735    1.00000    6.44484E-06
   10    3.07692E-02   -4.00000E-02    2.75952    27.5946    1.00000    6.49241E-05
   10    3.07692E-02   -3.80000E-02    4.61036    28.0511    1.00000    1.64195E-04
   10    3.07692E-02   -3.60000E-02    6.37159    28.5679    1.00000    2.87638E-04
   10    3.07692E-02   -3.40000E-02    7.77305    29.0749    1.00000    3.92902E-04
   10    3.07692E-02   -3.20000E-02    8.37427    29.7349    1.00000    3.99937E-04
   10    3.07692E-02   -3.00000E-02    7.97446    30.3830    1.00000    3.17885E-04
   10    3.07692E-02   -2.80000E-02    7.52993    31.0606    1.00000    2.47700E-04
   10    3.07692E-02   -2.60000E-02    7.30218    31.7391    1.00000    2.04622E-04
   10    3.07692E-02   -2.40000E-02    7.03104    32.4130    1.00000    1.66526E-04
   10    3.07692E-02   -2.20000E-02    6.98956    33.0113    1.00000    1.47822E-04
   10    3.07692E-02   -2.00000E-02    6.62403    33.6289    1.00000    1.18252E-04
   10    3.07692E-02   -1.80000E-02    6.21133    34.2325    1.00000    9.38590E-05
   10    3.07692E-02   -1.60000E-02    6.08852    34.8198    1.00000    8.08945E-05
   10    3.07692E-02   -1.40000E-02    5.93959    35.3871    1.00000    7.00438E-05
   10    3.07692E-02   -1.20000E-02    5.76355    35.9301    1.00000    6.00593E-05
   10    3.07692E-02   -1.00000E-02    5.57351    36.4902    1.00000    5.10689E-05
   10    3.07692E-02   -8.00000E-03    5.73809    37.0254    1.00000    4.96204E-05
   10    3.07692E-02   -6.00000E-03    5.12172    37.5718    1.00000    3.61981E-05
   10    3.07692E-02   -4.00000E-03    5.27754    38.1394    1.00000    3.51413E-05
   10    3.07692E-02   -2.00000E-03    5.39912    38.5764    1.00000    3.43591E-05
   10    3.07692E-02  0.    5.12622    39.1223    1.00000    2.85452E-05
   10    3.07692E-02    2.00000E-03    4.82253    39.6315    1.00000    2.33179E-05
   10    3.07692E-02    4.00000E-03    4.93806    40.1037    1.00000    2.27789E-05
   10    3.07692E-02    6.00000E-03    4.58563    40.5309    1.00000    1.84832E-05
   10    3.07692E-02    8.00000E-03    4.68521    40.9688    1.00000    1.79977E-05
   10    3.07692E-02    1.00000E-02    4.80131    41.4735    1.00000    1.75673E-05
   10    3.07692E-02    1.20000E-02    4.41730    41.9307    1.00000    1.39616E-05
   10    3.07692E-02    1.40000E-02    4.00349    42.3385    1.00000    1.07913E-05
   10    3.07692E-02    1.60000E-02    4.10609    42.8777    1.00000    1.05247E-05
   10    3.07692E-02    1.80000E-02    4.17668    43.2448    1.00000    1.03488E-05
   10    3.07692E-02    2.00000E-02    3.72856    43.6789    1.00000    7.74530E-06
   10    3.07692E-02    2.20000E-02    3.79389    44.0599    1.00000    7.61328E-06
   10    3.07692E-02    2.40000E-02    3.88757    44.5574    1.00000    7.41741E-06
   10    3.07692E-02    2.60000E-02    3.94927    44.8644    1.00000    7.28830E-06
   10    3.07692E-02    2.80000E-02    2.89244    45.3853    1.00000    3.62074E-06
   10    3.07692E-02    3.00000E-02    3.53447    45.7296    1.00000    5.09025E-06
   10    3.07692E-02    3.20000E-02    3.59285    46.0607    1.00000    4.99848E-06
   10    3.07692E-02    3.40000E-02    3.06437    46.5628    1.00000    3.39761E-06
   10    3.07692E-02    3.60000E-02    3.11687    46.9173    1.00000    3.33535E-06
   10    3.07692E-02    3.80000E-02    2.56333    47.4744    1.00000    2.06221E-06
   10    3.07692E-02    4.00000E-02    2.61311    47.7002    1.00000    2.00412E-06
   10    3.07692E-02    4.20000E-02    2.01210    48.3386    1.00000    1.10215E-06
   10    3.07692E-02    4.40000E-02    2.05589    48.6699    1.00000    1.06988E-06
   10    3.07692E-02    4.60000E-02    1.41295    49.5834    1.00000    4.63167E-07
   10    3.07692E-02    4.80000E-02    1.43501    49.8448    1.00000    4.54022E-07
   10    3.07692E-02    5.00000E-02   0.740107    50.9876    1.00000    1.11942E-07
