   12   -3.07692E-02   -4.80000E-02    17.6239    2911.28    1.00000    1.04363E-11
   12   -3.07692E-02   -4.60000E-02    14.7215    2436.08    1.00000    1.04363E-11
   12   -3.07692E-02   -4.40000E-02    12.4924    2069.54    1.00000    1.04128E-11
   12   -3.07692E-02   -4.20000E-02    10.8136    1790.21    1.00000    1.04245E-11
   12   -3.07692E-02   -4.00000E-02    9.47033    1569.54    1.00000    1.04025E-11
   12   -3.07692E-02   -3.80000E-02    9.42701    1562.15    1.00000    1.04055E-11
   12   -3.07692E-02   -3.60000E-02    9.42701    1562.15    1.00000    1.04055E-11
   12   -3.07692E-02   -3.40000E-02    9.42701    1562.15    1.00000    1.04055E-11
   12   -3.07692E-02   -3.20000E-02    9.42701    1562.15    1.00000    1.04055E-11
   12   -3.07692E-02   -3.00000E-02    9.42701    1562.15    1.00000    1.04055E-11
   12   -3.07692E-02   -2.80000E-02    9.42701    1562.15    1.00000    1.04055E-11
   12   -3.07692E-02   -2.60000E-02    9.42701    1562.15    1.00000    1.04055E-11
   12   -3.07692E-02   -2.40000E-02    9.42701    1562.15    1.00000    1.04055E-11
   12   -3.07692E-02   -2.20000E-02    9.42701    1562.15    1.00000    1.04055E-11
   12   -3.07692E-02   -2.00000E-02    9.42701    1562.15    1.00000    1.04055E-11
   12   -3.07692E-02   -1.80000E-02    9.42701    1562.15    1.00000    1.04055E-11
   12   -3.07692E-02   -1.60000E-02    9.42701    1562.15    1.00000    1.04055E-11
   12   -3.07692E-02   -1.40000E-02    9.42701    1562.15    1.00000    1.04055E-11
   12   -3.07692E-02   -1.20000E-02    9.42701    1562.15    1.00000    1.04055E-11
   12   -3.07692E-02   -1.00000E-02    9.42701    1562.15    1.00000    1.04055E-11
   12   -3.07692E-02   -8.00000E-03    9.42701    1562.15    1.00000    1.04055E-11
   12   -3.07692E-02   -6.00000E-03    9.42701    1562.15    1.00000    1.04055E-11
   12   -3.07692E-02   -4.00000E-03    9.42701    1562.15    1.00000    1.04055E-11
   12   -3.07692E-02   -2.00000E-03    9.42701    1562.15    1.00000    1.04055E-11
   12   -3.07692E-02  0.    9.42701    1562.15    1.00000    1.04055E-11
   12   -3.07692E-02    2.00000E-03    9.42701    1562.15    1.00000    1.04055E-11
   12   -3.07692E-02    4.00000E-03    9.42701    1562.15    1.00000    1.04055E-11
   12   -3.07692E-02    6.00000E-03    9.42701    1562.15    1.00000    1.04055E-11
   12   -3.07692E-02    8.00000E-03    9.42701    1562.15    1.00000    1.04055E-11
   12   -3.07692E-02    1.00000E-02    9.42701    1562.15    1.00000    1.04055E-11
   12   -3.07692E-02    1.20000E-02    9.42701    1562.15    1.00000    1.04055E-11
   12   -3.07692E-02    1.40000E-02    9.42701    1562.15    1.00000    1.04055E-11
   12   -3.07692E-02    1.60000E-02    9.42701    1562.15    1.00000    1.04055E-11
   12   -3.07692E-02    1.80000E-02    9.42701    1562.15    1.00000    1.04055E-11
   12   -3.07692E-02    2.00000E-02    9.42701    1562.15    1.00000    1.04055E-11
   12   -3.07692E-02    2.20000E-02    9.42701    1562.15    1.00000    1.04055E-11
   12   -3.07692E-02    2.40000E-02    9.38212    1554.82    1.00000    1.04040E-11
   12   -3.07692E-02    2.60000E-02    9.33815    1547.56    1.00000    1.04036E-11
   12   -3.07692E-02    2.80000E-02    9.25127    1533.24    1.00000    1.04025E-11
   12   -3.07692E-02    3.00000E-02    9.20867    1526.18    1.00000    1.04025E-11
   12   -3.07692E-02    3.20000E-02    9.16517    1519.19    1.00000    1.03996E-11
   12   -3.07692E-02    3.40000E-02    9.08384    1505.38    1.00000    1.04040E-11
   12   -3.07692E-02    3.60000E-02    9.04274    1498.58    1.00000    1.04040E-11
   12   -3.07692E-02    3.80000E-02    8.84182    1465.46    1.00000    1.04011E-11
   12   -3.07692E-02    4.00000E-02    8.57652    1421.47    1.00000    1.04011E-11
   12   -3.07692E-02    4.20000E-02    8.35593    1385.91    1.00000    1.03893E-11
   12   -3.07692E-02    4.40000E-02    8.11811    1346.54    1.00000    1.03893E-11
   12   -3.07692E-02    4.60000E-02    7.91822    1314.73    1.00000    1.03659E-11
   12   -3.07692E-02    4.80000E-02    7.73589    1284.17    1.00000    1.03659E-11
   12   -3.07692E-02    5.00000E-02    7.57431    1254.52    1.00000    1.04128E-11
   12   -2.69231E-02   -4.80000E-02   -15.3730    44.7239    1.00000    2.52422E-06
   12   -2.69231E-02   -4.60000E-02   -1.30515    226.716    1.00000    1.47148E-08
   12   -2.69231E-02   -4.40000E-02   -1.32504    230.171    1.00000    1.47148E-08
   12   -2.69231E-02   -4.20000E-02   -1.34769    234.046    1.00000    1.47219E-08
   12   -2.69231E-02   -4.00000E-02   -1.37077    238.056    1.00000    1.47219E-08
   12   -2.69231E-02   -3.80000E-02   -1.37077    238.056    1.00000    1.47219E-08
   12   -2.69231E-02   -3.60000E-02   -1.37077    238.056    1.00000    1.47219E-08
   12   -2.69231E-02   -3.40000E-02   -1.37077    238.056    1.00000    1.47219E-08
   12   -2.69231E-02   -3.20000E-02   -1.37077    238.056    1.00000    1.47219E-08
   12   -2.69231E-02   -3.00000E-02   -1.37077    238.056    1.00000    1.47219E-08
   12   -2.69231E-02   -2.80000E-02   -1.37077    238.056    1.00000    1.47219E-08
   12   -2.69231E-02   -2.60000E-02   -1.37077    238.056    1.00000    1.47219E-08
   12   -2.69231E-02   -2.40000E-02   -1.37077    238.056    1.00000    1.47219E-08
   12   -2.69231E-02   -2.20000E-02   -1.37077    238.056    1.00000    1.47219E-08
   12   -2.69231E-02   -2.00000E-02   -1.37077    238.056    1.00000    1.47219E-08
   12   -2.69231E-02   -1.80000E-02   -1.37077    238.056    1.00000    1.47219E-08
   12   -2.69231E-02   -1.60000E-02   -1.37077    238.056    1.00000    1.47219E-08
   12   -2.69231E-02   -1.40000E-02   -1.37077    238.056    1.00000    1.47219E-08
   12   -2.69231E-02   -1.20000E-02   -1.37077    238.056    1.00000    1.47219E-08
   12   -2.69231E-02   -1.00000E-02   -1.37077    238.056    1.00000    1.47219E-08
   12   -2.69231E-02   -8.00000E-03   -1.37077    238.056    1.00000    1.47219E-08
   12   -2.69231E-02   -6.00000E-03   -1.37077    238.056    1.00000    1.47219E-08
   12   -2.69231E-02   -4.00000E-03   -1.37077    238.056    1.00000    1.47219E-08
   12   -2.69231E-02   -2.00000E-03   -1.37077    238.056    1.00000    1.47219E-08
   12   -2.69231E-02  0.   -1.37077    238.056    1.00000    1.47219E-08
   12   -2.69231E-02    2.00000E-03   -1.37077    238.056    1.00000    1.47219E-08
   12   -2.69231E-02    4.00000E-03   -1.37077    238.056    1.00000    1.47219E-08
   12   -2.69231E-02    6.00000E-03   -1.37077    238.056    1.00000    1.47219E-08
   12   -2.69231E-02    8.00000E-03   -1.37077    238.056    1.00000    1.47219E-08
   12   -2.69231E-02    1.00000E-02   -1.37077    238.056    1.00000    1.47219E-08
   12   -2.69231E-02    1.20000E-02   -1.37077    238.056    1.00000    1.47219E-08
   12   -2.69231E-02    1.40000E-02   -1.37077    238.056    1.00000    1.47219E-08
   12   -2.69231E-02    1.60000E-02   -1.37077    238.056    1.00000    1.47219E-08
   12   -2.69231E-02    1.80000E-02   -1.37077    238.056    1.00000    1.47219E-08
   12   -2.69231E-02    2.00000E-02   -1.37077    238.056    1.00000    1.47219E-08
   12   -2.69231E-02    2.20000E-02   -1.37077    238.056    1.00000    1.47219E-08
   12   -2.69231E-02    2.40000E-02   -1.37155    238.219    1.00000    1.47184E-08
   12   -2.69231E-02    2.60000E-02   -1.37257    238.383    1.00000    1.47201E-08
   12   -2.69231E-02    2.80000E-02   -1.37352    238.546    1.00000    1.47201E-08
   12   -2.69231E-02    3.00000E-02   -1.37541    238.875    1.00000    1.47201E-08
   12   -2.69231E-02    3.20000E-02   -1.37639    239.039    1.00000    1.47210E-08
   12   -2.69231E-02    3.40000E-02   -1.37821    239.368    1.00000    1.47193E-08
   12   -2.69231E-02    3.60000E-02   -1.37920    239.533    1.00000    1.47201E-08
   12   -2.69231E-02    3.80000E-02   -1.38400    240.362    1.00000    1.47208E-08
   12   -2.69231E-02    4.00000E-02   -1.38976    241.364    1.00000    1.47206E-08
   12   -2.69231E-02    4.20000E-02   -1.39654    242.544    1.00000    1.47201E-08
   12   -2.69231E-02    4.40000E-02   -1.40250    243.565    1.00000    1.47219E-08
   12   -2.69231E-02    4.60000E-02   -1.40941    244.766    1.00000    1.47219E-08
   12   -2.69231E-02    4.80000E-02   -1.41557    245.806    1.00000    1.47254E-08
   12   -2.69231E-02    5.00000E-02   -1.42043    246.678    1.00000    1.47219E-08
   12   -2.30769E-02   -4.80000E-02   -17.9567    1.21346    1.00000    3.65545E-07
   12   -2.30769E-02   -4.60000E-02   -4.13033    105.785    1.00000    5.38853E-06
   12   -2.30769E-02   -4.40000E-02  -0.260233    129.546    1.00000    2.10405E-08
   12   -2.30769E-02   -4.20000E-02  -0.261084    129.968    1.00000    2.10405E-08
   12   -2.30769E-02   -4.00000E-02  -0.261922    130.360    1.00000    2.10490E-08
   12   -2.30769E-02   -3.80000E-02  -0.261922    130.360    1.00000    2.10490E-08
   12   -2.30769E-02   -3.60000E-02  -0.261922    130.360    1.00000    2.10490E-08
   12   -2.30769E-02   -3.40000E-02  -0.261922    130.360    1.00000    2.10490E-08
   12   -2.30769E-02   -3.20000E-02  -0.261922    130.360    1.00000    2.10490E-08
   12   -2.30769E-02   -3.00000E-02  -0.261922    130.360    1.00000    2.10490E-08
   12   -2.30769E-02   -2.80000E-02  -0.261922    130.360    1.00000    2.10490E-08
   12   -2.30769E-02   -2.60000E-02  -0.261922    130.360    1.00000    2.10490E-08
   12   -2.30769E-02   -2.40000E-02  -0.261922    130.360    1.00000    2.10490E-08
   12   -2.30769E-02   -2.20000E-02  -0.261922    130.360    1.00000    2.10490E-08
   12   -2.30769E-02   -2.00000E-02  -0.261922    130.360    1.00000    2.10490E-08
   12   -2.30769E-02   -1.80000E-02  -0.261922    130.360    1.00000    2.10490E-08
   12   -2.30769E-02   -1.60000E-02  -0.261922    130.360    1.00000    2.10490E-08
   12   -2.30769E-02   -1.40000E-02  -0.261922    130.360    1.00000    2.10490E-08
   12   -2.30769E-02   -1.20000E-02  -0.261922    130.360    1.00000    2.10490E-08
   12   -2.30769E-02   -1.00000E-02  -0.261922    130.360    1.00000    2.10490E-08
   12   -2.30769E-02   -8.00000E-03  -0.261922    130.360    1.00000    2.10490E-08
   12   -2.30769E-02   -6.00000E-03  -0.261922    130.360    1.00000    2.10490E-08
   12   -2.30769E-02   -4.00000E-03  -0.261922    130.360    1.00000    2.10490E-08
   12   -2.30769E-02   -2.00000E-03  -0.261922    130.360    1.00000    2.10490E-08
   12   -2.30769E-02  0.  -0.261922    130.360    1.00000    2.10490E-08
   12   -2.30769E-02    2.00000E-03  -0.261922    130.360    1.00000    2.10490E-08
   12   -2.30769E-02    4.00000E-03  -0.261922    130.360    1.00000    2.10490E-08
   12   -2.30769E-02    6.00000E-03  -0.261922    130.360    1.00000    2.10490E-08
   12   -2.30769E-02    8.00000E-03  -0.261922    130.360    1.00000    2.10490E-08
   12   -2.30769E-02    1.00000E-02  -0.261922    130.360    1.00000    2.10490E-08
   12   -2.30769E-02    1.20000E-02  -0.261922    130.360    1.00000    2.10490E-08
   12   -2.30769E-02    1.40000E-02  -0.261922    130.360    1.00000    2.10490E-08
   12   -2.30769E-02    1.60000E-02  -0.261922    130.360    1.00000    2.10490E-08
   12   -2.30769E-02    1.80000E-02  -0.261922    130.360    1.00000    2.10490E-08
   12   -2.30769E-02    2.00000E-02  -0.261922    130.360    1.00000    2.10490E-08
   12   -2.30769E-02    2.20000E-02  -0.261922    130.360    1.00000    2.10490E-08
   12   -2.30769E-02    2.40000E-02  -0.261922    130.360    1.00000    2.10490E-08
   12   -2.30769E-02    2.60000E-02  -0.261938    130.394    1.00000    2.10405E-08
   12   -2.30769E-02    2.80000E-02  -0.261972    130.411    1.00000    2.10405E-08
   12   -2.30769E-02    3.00000E-02  -0.262094    130.445    1.00000    2.10490E-08
   12   -2.30769E-02    3.20000E-02  -0.262128    130.462    1.00000    2.10490E-08
   12   -2.30769E-02    3.40000E-02  -0.262171    130.497    1.00000    2.10447E-08
   12   -2.30769E-02    3.60000E-02  -0.262231    130.514    1.00000    2.10490E-08
   12   -2.30769E-02    3.80000E-02  -0.262369    130.582    1.00000    2.10490E-08
   12   -2.30769E-02    4.00000E-02  -0.262610    130.702    1.00000    2.10490E-08
   12   -2.30769E-02    4.20000E-02  -0.262835    130.822    1.00000    2.10463E-08
   12   -2.30769E-02    4.40000E-02  -0.263046    130.926    1.00000    2.10468E-08
   12   -2.30769E-02    4.60000E-02  -0.263254    131.029    1.00000    2.10468E-08
   12   -2.30769E-02    4.80000E-02  -0.263448    131.133    1.00000    2.10447E-08
   12   -2.30769E-02    5.00000E-02  -0.263683    131.236    1.00000    2.10490E-08
   12   -1.92308E-02   -4.80000E-02   -18.0420    3.64398E-02    1.00000    6.14865E-10
   12   -1.92308E-02   -4.60000E-02   -12.1055    36.7658    1.00000    1.17458E-04
   12   -1.92308E-02   -4.40000E-02   -5.51346E-02    89.6403    1.00000    8.95780E-09
   12   -1.92308E-02   -4.20000E-02   -5.51034E-02    89.6998    1.00000    8.93578E-09
   12   -1.92308E-02   -4.00000E-02   -5.51708E-02    89.7542    1.00000    8.94679E-09
   12   -1.92308E-02   -3.80000E-02   -5.51708E-02    89.7542    1.00000    8.94679E-09
   12   -1.92308E-02   -3.60000E-02   -5.51708E-02    89.7542    1.00000    8.94679E-09
   12   -1.92308E-02   -3.40000E-02   -5.51708E-02    89.7542    1.00000    8.94679E-09
   12   -1.92308E-02   -3.20000E-02   -5.51708E-02    89.7542    1.00000    8.94679E-09
   12   -1.92308E-02   -3.00000E-02   -5.51708E-02    89.7542    1.00000    8.94679E-09
   12   -1.92308E-02   -2.80000E-02   -5.51708E-02    89.7542    1.00000    8.94679E-09
   12   -1.92308E-02   -2.60000E-02   -5.51708E-02    89.7542    1.00000    8.94679E-09
   12   -1.92308E-02   -2.40000E-02   -5.51708E-02    89.7542    1.00000    8.94679E-09
   12   -1.92308E-02   -2.20000E-02   -5.51708E-02    89.7542    1.00000    8.94679E-09
   12   -1.92308E-02   -2.00000E-02   -5.51708E-02    89.7542    1.00000    8.94679E-09
   12   -1.92308E-02   -1.80000E-02   -5.51708E-02    89.7542    1.00000    8.94679E-09
   12   -1.92308E-02   -1.60000E-02   -5.51708E-02    89.7542    1.00000    8.94679E-09
   12   -1.92308E-02   -1.40000E-02   -5.51708E-02    89.7542    1.00000    8.94679E-09
   12   -1.92308E-02   -1.20000E-02   -5.51708E-02    89.7542    1.00000    8.94679E-09
   12   -1.92308E-02   -1.00000E-02   -5.51708E-02    89.7542    1.00000    8.94679E-09
   12   -1.92308E-02   -8.00000E-03   -5.51708E-02    89.7542    1.00000    8.94679E-09
   12   -1.92308E-02   -6.00000E-03   -5.51708E-02    89.7542    1.00000    8.94679E-09
   12   -1.92308E-02   -4.00000E-03   -5.51708E-02    89.7542    1.00000    8.94679E-09
   12   -1.92308E-02   -2.00000E-03   -5.51708E-02    89.7542    1.00000    8.94679E-09
   12   -1.92308E-02  0.   -5.51708E-02    89.7542    1.00000    8.94679E-09
   12   -1.92308E-02    2.00000E-03   -5.51708E-02    89.7542    1.00000    8.94679E-09
   12   -1.92308E-02    4.00000E-03   -5.51708E-02    89.7542    1.00000    8.94679E-09
   12   -1.92308E-02    6.00000E-03   -5.51708E-02    89.7542    1.00000    8.94679E-09
   12   -1.92308E-02    8.00000E-03   -5.51708E-02    89.7542    1.00000    8.94679E-09
   12   -1.92308E-02    1.00000E-02   -5.51708E-02    89.7542    1.00000    8.94679E-09
   12   -1.92308E-02    1.20000E-02   -5.51708E-02    89.7542    1.00000    8.94679E-09
   12   -1.92308E-02    1.40000E-02   -5.51708E-02    89.7542    1.00000    8.94679E-09
   12   -1.92308E-02    1.60000E-02   -5.51708E-02    89.7542    1.00000    8.94679E-09
   12   -1.92308E-02    1.80000E-02   -5.51708E-02    89.7542    1.00000    8.94679E-09
   12   -1.92308E-02    2.00000E-02   -5.51708E-02    89.7542    1.00000    8.94679E-09
   12   -1.92308E-02    2.20000E-02   -5.51708E-02    89.7542    1.00000    8.94679E-09
   12   -1.92308E-02    2.40000E-02   -5.51708E-02    89.7542    1.00000    8.94679E-09
   12   -1.92308E-02    2.60000E-02   -5.51738E-02    89.7591    1.00000    8.94679E-09
   12   -1.92308E-02    2.80000E-02   -5.52432E-02    89.7615    1.00000    8.96882E-09
   12   -1.92308E-02    3.00000E-02   -5.52123E-02    89.7665    1.00000    8.95780E-09
   12   -1.92308E-02    3.20000E-02   -5.52478E-02    89.7689    1.00000    8.96882E-09
   12   -1.92308E-02    3.40000E-02   -5.52155E-02    89.7714    1.00000    8.95780E-09
   12   -1.92308E-02    3.60000E-02   -5.52184E-02    89.7764    1.00000    8.95780E-09
   12   -1.92308E-02    3.80000E-02   -5.52416E-02    89.7863    1.00000    8.96331E-09
   12   -1.92308E-02    4.00000E-02   -5.52182E-02    89.8037    1.00000    8.95229E-09
   12   -1.92308E-02    4.20000E-02   -5.52104E-02    89.8186    1.00000    8.94679E-09
   12   -1.92308E-02    4.40000E-02   -5.52211E-02    89.8359    1.00000    8.94679E-09
   12   -1.92308E-02    4.60000E-02   -5.52260E-02    89.8508    1.00000    8.94541E-09
   12   -1.92308E-02    4.80000E-02   -5.52309E-02    89.8657    1.00000    8.94403E-09
   12   -1.92308E-02    5.00000E-02   -2.09372    91.6968    1.00000    9.72861E-06
   12   -1.53846E-02   -5.00000E-02   -18.0441   0.382859    1.00000    4.00355E-12
   12   -1.53846E-02   -4.80000E-02   -18.0418    8.38291E-02    1.00000    3.85012E-09
   12   -1.53846E-02   -4.60000E-02   -16.7038    8.31169    1.00000    1.46849E-04
   12   -1.53846E-02   -4.40000E-02   -7.84447    45.4606    1.00000    4.21427E-04
   12   -1.53846E-02   -4.20000E-02   -5.11223E-02    68.1354    1.00000    4.00938E-08
   12   -1.53846E-02   -4.00000E-02   -5.11497E-02    68.1720    1.00000    4.00938E-08
   12   -1.53846E-02   -3.80000E-02   -5.11497E-02    68.1720    1.00000    4.00938E-08
   12   -1.53846E-02   -3.60000E-02   -5.11497E-02    68.1720    1.00000    4.00938E-08
   12   -1.53846E-02   -3.40000E-02   -5.11497E-02    68.1720    1.00000    4.00938E-08
   12   -1.53846E-02   -3.20000E-02   -5.11497E-02    68.1720    1.00000    4.00938E-08
   12   -1.53846E-02   -3.00000E-02   -5.11497E-02    68.1720    1.00000    4.00938E-08
   12   -1.53846E-02   -2.80000E-02   -5.11497E-02    68.1720    1.00000    4.00938E-08
   12   -1.53846E-02   -2.60000E-02   -5.11497E-02    68.1720    1.00000    4.00938E-08
   12   -1.53846E-02   -2.40000E-02   -5.11497E-02    68.1720    1.00000    4.00938E-08
   12   -1.53846E-02   -2.20000E-02   -5.11497E-02    68.1720    1.00000    4.00938E-08
   12   -1.53846E-02   -2.00000E-02   -5.11497E-02    68.1720    1.00000    4.00938E-08
   12   -1.53846E-02   -1.80000E-02   -5.11497E-02    68.1720    1.00000    4.00938E-08
   12   -1.53846E-02   -1.60000E-02   -5.11497E-02    68.1720    1.00000    4.00938E-08
   12   -1.53846E-02   -1.40000E-02   -5.11497E-02    68.1720    1.00000    4.00938E-08
   12   -1.53846E-02   -1.20000E-02   -5.11497E-02    68.1720    1.00000    4.00938E-08
   12   -1.53846E-02   -1.00000E-02   -5.11497E-02    68.1720    1.00000    4.00938E-08
   12   -1.53846E-02   -8.00000E-03   -5.11497E-02    68.1720    1.00000    4.00938E-08
   12   -1.53846E-02   -6.00000E-03   -5.11497E-02    68.1720    1.00000    4.00938E-08
   12   -1.53846E-02   -4.00000E-03   -5.11497E-02    68.1720    1.00000    4.00938E-08
   12   -1.53846E-02   -2.00000E-03   -5.11497E-02    68.1720    1.00000    4.00938E-08
   12   -1.53846E-02  0.   -5.11497E-02    68.1720    1.00000    4.00938E-08
   12   -1.53846E-02    2.00000E-03   -5.11497E-02    68.1720    1.00000    4.00938E-08
   12   -1.53846E-02    4.00000E-03   -5.11497E-02    68.1720    1.00000    4.00938E-08
   12   -1.53846E-02    6.00000E-03   -5.11497E-02    68.1720    1.00000    4.00938E-08
   12   -1.53846E-02    8.00000E-03   -5.11497E-02    68.1720    1.00000    4.00938E-08
   12   -1.53846E-02    1.00000E-02   -5.11497E-02    68.1720    1.00000    4.00938E-08
   12   -1.53846E-02    1.20000E-02   -5.11497E-02    68.1720    1.00000    4.00938E-08
   12   -1.53846E-02    1.40000E-02   -5.11497E-02    68.1720    1.00000    4.00938E-08
   12   -1.53846E-02    1.60000E-02   -5.11497E-02    68.1720    1.00000    4.00938E-08
   12   -1.53846E-02    1.80000E-02   -5.11497E-02    68.1720    1.00000    4.00938E-08
   12   -1.53846E-02    2.00000E-02   -5.11497E-02    68.1720    1.00000    4.00938E-08
   12   -1.53846E-02    2.20000E-02   -5.11497E-02    68.1720    1.00000    4.00938E-08
   12   -1.53846E-02    2.40000E-02   -5.11497E-02    68.1720    1.00000    4.00938E-08
   12   -1.53846E-02    2.60000E-02   -5.11820E-02    68.1754    1.00000    4.01404E-08
   12   -1.53846E-02    2.80000E-02   -5.11536E-02    68.1772    1.00000    4.00938E-08
   12   -1.53846E-02    3.00000E-02   -5.11563E-02    68.1807    1.00000    4.00938E-08
   12   -1.53846E-02    3.20000E-02   -5.11575E-02    68.1824    1.00000    4.00938E-08
   12   -1.53846E-02    3.40000E-02   -5.11885E-02    68.1841    1.00000    4.01404E-08
   12   -1.53846E-02    3.60000E-02   -5.11317E-02    68.1877    1.00000    4.00472E-08
   12   -1.53846E-02    3.80000E-02   -5.11667E-02    68.1947    1.00000    4.00938E-08
   12   -1.53846E-02    4.00000E-02   -5.11907E-02    68.2069    1.00000    4.01171E-08
   12   -1.53846E-02    4.20000E-02   -5.11985E-02    68.2173    1.00000    4.01171E-08
   12   -1.53846E-02    4.40000E-02   -5.12077E-02    68.2296    1.00000    4.01171E-08
   12   -1.53846E-02    4.60000E-02   -4.73827    67.9523    1.00000    1.71449E-04
   12   -1.53846E-02    4.80000E-02   -12.1247    70.2637    1.00000    4.21440E-04
   12   -1.53846E-02    5.00000E-02   -22.5860    77.6163    1.00000    4.37488E-04
   12   -1.15385E-02   -5.00000E-02   -18.0409   0.838623    1.00000    9.36448E-11
   12   -1.15385E-02   -4.80000E-02   -18.0301   0.183931    1.00000    2.61472E-08
   12   -1.15385E-02   -4.60000E-02   -17.8114    1.37834    1.00000    1.49040E-05
   12   -1.15385E-02   -4.40000E-02  -10.18874    29.8498    1.00000    7.53223E-04
   12   -1.15385E-02   -4.20000E-02   -3.43457    48.4676    1.00000    4.09845E-04
   12   -1.15385E-02   -4.00000E-02   -7.68949E-03    55.1287    1.00000    3.26726E-09
   12   -1.15385E-02   -3.80000E-02   -7.68949E-03    55.1287    1.00000    3.26726E-09
   12   -1.15385E-02   -3.60000E-02   -7.68949E-03    55.1287    1.00000    3.26726E-09
   12   -1.15385E-02   -3.40000E-02   -7.68949E-03    55.1287    1.00000    3.26726E-09
   12   -1.15385E-02   -3.20000E-02   -7.68949E-03    55.1287    1.00000    3.26726E-09
   12   -1.15385E-02   -3.00000E-02   -7.68949E-03    55.1287    1.00000    3.26726E-09
   12   -1.15385E-02   -2.80000E-02   -7.68949E-03    55.1287    1.00000    3.26726E-09
   12   -1.15385E-02   -2.60000E-02   -7.68949E-03    55.1287    1.00000    3.26726E-09
   12   -1.15385E-02   -2.40000E-02   -7.68949E-03    55.1287    1.00000    3.26726E-09
   12   -1.15385E-02   -2.20000E-02   -7.68949E-03    55.1287    1.00000    3.26726E-09
   12   -1.15385E-02   -2.00000E-02   -7.68949E-03    55.1287    1.00000    3.26726E-09
   12   -1.15385E-02   -1.80000E-02   -7.68949E-03    55.1287    1.00000    3.26726E-09
   12   -1.15385E-02   -1.60000E-02   -7.68949E-03    55.1287    1.00000    3.26726E-09
   12   -1.15385E-02   -1.40000E-02   -7.68949E-03    55.1287    1.00000    3.26726E-09
   12   -1.15385E-02   -1.20000E-02   -7.68949E-03    55.1287    1.00000    3.26726E-09
   12   -1.15385E-02   -1.00000E-02   -7.68949E-03    55.1287    1.00000    3.26726E-09
   12   -1.15385E-02   -8.00000E-03   -7.68949E-03    55.1287    1.00000    3.26726E-09
   12   -1.15385E-02   -6.00000E-03   -7.68949E-03    55.1287    1.00000    3.26726E-09
   12   -1.15385E-02   -4.00000E-03   -7.68949E-03    55.1287    1.00000    3.26726E-09
   12   -1.15385E-02   -2.00000E-03   -7.68949E-03    55.1287    1.00000    3.26726E-09
   12   -1.15385E-02  0.   -7.68949E-03    55.1287    1.00000    3.26726E-09
   12   -1.15385E-02    2.00000E-03   -7.68949E-03    55.1287    1.00000    3.26726E-09
   12   -1.15385E-02    4.00000E-03   -7.68949E-03    55.1287    1.00000    3.26726E-09
   12   -1.15385E-02    6.00000E-03   -7.68949E-03    55.1287    1.00000    3.26726E-09
   12   -1.15385E-02    8.00000E-03   -7.68949E-03    55.1287    1.00000    3.26726E-09
   12   -1.15385E-02    1.00000E-02   -7.68949E-03    55.1287    1.00000    3.26726E-09
   12   -1.15385E-02    1.20000E-02   -7.68949E-03    55.1287    1.00000    3.26726E-09
   12   -1.15385E-02    1.40000E-02   -7.68949E-03    55.1287    1.00000    3.26726E-09
   12   -1.15385E-02    1.60000E-02   -7.68949E-03    55.1287    1.00000    3.26726E-09
   12   -1.15385E-02    1.80000E-02   -7.68949E-03    55.1287    1.00000    3.26726E-09
   12   -1.15385E-02    2.00000E-02   -7.68949E-03    55.1287    1.00000    3.26726E-09
   12   -1.15385E-02    2.20000E-02   -7.68949E-03    55.1287    1.00000    3.26726E-09
   12   -1.15385E-02    2.40000E-02   -7.68949E-03    55.1287    1.00000    3.26726E-09
   12   -1.15385E-02    2.60000E-02   -7.70521E-03    55.1291    1.00000    3.28058E-09
   12   -1.15385E-02    2.80000E-02   -7.67392E-03    55.1294    1.00000    3.25396E-09
   12   -1.15385E-02    3.00000E-02   -7.68961E-03    55.1295    1.00000    3.26726E-09
   12   -1.15385E-02    3.20000E-02   -7.70532E-03    55.1299    1.00000    3.28058E-09
   12   -1.15385E-02    3.40000E-02   -7.68970E-03    55.1302    1.00000    3.26726E-09
   12   -1.15385E-02    3.60000E-02   -7.68976E-03    55.1306    1.00000    3.26726E-09
   12   -1.15385E-02    3.80000E-02   -7.68987E-03    55.1314    1.00000    3.26726E-09
   12   -1.15385E-02    4.00000E-02   -1.26189    54.0334    1.00000    7.14341E-05
   12   -1.15385E-02    4.20000E-02   -4.98712    51.8029    1.00000    5.96733E-04
   12   -1.15385E-02    4.40000E-02   -9.34325    50.8917    1.00000    1.01429E-03
   12   -1.15385E-02    4.60000E-02   -14.7249    51.4628    1.00000    1.02267E-03
   12   -1.15385E-02    4.80000E-02   -22.8962    54.4464    1.00000    7.21457E-04
   12   -1.15385E-02    5.00000E-02   -77.2682    65.6851    1.00000    6.66279E-04
   12   -7.69231E-03   -5.00000E-02   -18.0646  -0.685981    1.00000    2.63263E-10
   12   -7.69231E-03   -4.80000E-02   -18.0301   0.183931    1.00000    2.61472E-08
   12   -7.69231E-03   -4.60000E-02   -18.0545  0.    1.00000    2.00000
   12   -7.69231E-03   -4.40000E-02   -15.5792    9.99030    1.00000    9.42540E-04
   12   -7.69231E-03   -4.20000E-02   -7.55637    32.6679    1.00000    2.23271E-03
   12   -7.69231E-03   -4.00000E-02   -2.59295    42.5984    1.00000    6.78919E-04
   12   -7.69231E-03   -3.80000E-02   -2.59295    42.5984    1.00000    6.78919E-04
   12   -7.69231E-03   -3.60000E-02   -2.59295    42.5984    1.00000    6.78919E-04
   12   -7.69231E-03   -3.40000E-02   -2.64844    42.5216    1.00000    7.01218E-04
   12   -7.69231E-03   -3.20000E-02   -2.64844    42.5216    1.00000    7.01218E-04
   12   -7.69231E-03   -3.00000E-02   -2.64844    42.5216    1.00000    7.01218E-04
   12   -7.69231E-03   -2.80000E-02   -2.64844    42.5216    1.00000    7.01218E-04
   12   -7.69231E-03   -2.60000E-02   -2.64844    42.5216    1.00000    7.01218E-04
   12   -7.69231E-03   -2.40000E-02   -2.70406    42.4448    1.00000    7.23665E-04
   12   -7.69231E-03   -2.20000E-02   -2.70406    42.4448    1.00000    7.23665E-04
   12   -7.69231E-03   -2.00000E-02   -2.70406    42.4448    1.00000    7.23665E-04
   12   -7.69231E-03   -1.80000E-02   -2.70406    42.4448    1.00000    7.23665E-04
   12   -7.69231E-03   -1.60000E-02   -2.70406    42.4448    1.00000    7.23665E-04
   12   -7.69231E-03   -1.40000E-02   -2.70406    42.4448    1.00000    7.23665E-04
   12   -7.69231E-03   -1.20000E-02   -2.75973    42.3679    1.00000    7.46198E-04
   12   -7.69231E-03   -1.00000E-02   -2.75973    42.3679    1.00000    7.46198E-04
   12   -7.69231E-03   -8.00000E-03   -2.75973    42.3679    1.00000    7.46198E-04
   12   -7.69231E-03   -6.00000E-03   -2.75973    42.3679    1.00000    7.46198E-04
   12   -7.69231E-03   -4.00000E-03   -2.75973    42.3679    1.00000    7.46198E-04
   12   -7.69231E-03   -2.00000E-03   -2.81556    42.2908    1.00000    7.68883E-04
   12   -7.69231E-03  0.   -2.81556    42.2908    1.00000    7.68883E-04
   12   -7.69231E-03    2.00000E-03   -2.81556    42.2908    1.00000    7.68883E-04
   12   -7.69231E-03    4.00000E-03   -2.81556    42.2908    1.00000    7.68883E-04
   12   -7.69231E-03    6.00000E-03   -2.81556    42.2908    1.00000    7.68883E-04
   12   -7.69231E-03    8.00000E-03   -2.81556    42.2908    1.00000    7.68883E-04
   12   -7.69231E-03    1.00000E-02   -2.87143    42.2137    1.00000    7.91632E-04
   12   -7.69231E-03    1.20000E-02   -2.87143    42.2137    1.00000    7.91632E-04
   12   -7.69231E-03    1.40000E-02   -2.87143    42.2137    1.00000    7.91632E-04
   12   -7.69231E-03    1.60000E-02   -2.87143    42.2137    1.00000    7.91632E-04
   12   -7.69231E-03    1.80000E-02   -2.87143    42.2137    1.00000    7.91632E-04
   12   -7.69231E-03    2.00000E-02   -2.87143    42.2137    1.00000    7.91632E-04
   12   -7.69231E-03    2.20000E-02   -2.92741    42.1365    1.00000    8.14474E-04
   12   -7.69231E-03    2.40000E-02   -2.92741    42.1365    1.00000    8.14474E-04
   12   -7.69231E-03    2.60000E-02   -2.59967    42.7091    1.00000    6.78907E-04
   12   -7.69231E-03    2.80000E-02   -2.43591    42.9844    1.00000    6.12892E-04
   12   -7.69231E-03    3.00000E-02   -2.77504    42.6031    1.00000    7.46198E-04
   12   -7.69231E-03    3.20000E-02   -3.18239    42.2261    1.00000    9.06535E-04
   12   -7.69231E-03    3.40000E-02   -3.88779    41.4458    1.00000    1.18376E-03
   12   -7.69231E-03    3.60000E-02   -4.26199    41.1921    1.00000    1.31936E-03
   12   -7.69231E-03    3.80000E-02   -4.35044    41.3909    1.00000    1.34158E-03
   12   -7.69231E-03    4.00000E-02   -7.72774    39.0674    1.00000    2.15209E-03
   12   -7.69231E-03    4.20000E-02   -11.0214    38.1707    1.00000    2.13610E-03
   12   -7.69231E-03    4.40000E-02   -13.8915    39.0116    1.00000    1.41016E-03
   12   -7.69231E-03    4.60000E-02   -24.6933    38.1660    1.00000    1.37211E-03
   12   -7.69231E-03    4.80000E-02   -61.0697    33.7517    1.00000    8.26473E-04
   12   -7.69231E-03    5.00000E-02   -120.713    59.3367    1.00000    5.06184E-04
   12   -3.84615E-03   -5.00000E-02   -18.0168    1.12851    1.00000    1.45915E-09
   12   -3.84615E-03   -4.80000E-02   -18.0538   -2.32301E-02    1.00000    5.04818E-10
   12   -3.84615E-03   -4.60000E-02   -18.0310    4.28232E-02    1.00000    1.98423E-08
   12   -3.84615E-03   -4.40000E-02   -16.1808    7.22973    1.00000    8.60080E-04
   12   -3.84615E-03   -4.20000E-02   -10.5977    22.4033    1.00000    3.94141E-03
   12   -3.84615E-03   -4.00000E-02   -6.01124    31.6043    1.00000    3.82759E-03
   12   -3.84615E-03   -3.80000E-02   -6.01124    31.6043    1.00000    3.82759E-03
   12   -3.84615E-03   -3.60000E-02   -6.01124    31.6043    1.00000    3.82759E-03
   12   -3.84615E-03   -3.40000E-02   -6.01124    31.6043    1.00000    3.82759E-03
   12   -3.84615E-03   -3.20000E-02   -6.01124    31.6043    1.00000    3.82759E-03
   12   -3.84615E-03   -3.00000E-02   -6.01124    31.6043    1.00000    3.82759E-03
   12   -3.84615E-03   -2.80000E-02   -6.01124    31.6043    1.00000    3.82759E-03
   12   -3.84615E-03   -2.60000E-02   -6.01124    31.6043    1.00000    3.82759E-03
   12   -3.84615E-03   -2.40000E-02   -6.01124    31.6043    1.00000    3.82759E-03
   12   -3.84615E-03   -2.20000E-02   -6.01124    31.6043    1.00000    3.82759E-03
   12   -3.84615E-03   -2.00000E-02   -6.01124    31.6043    1.00000    3.82759E-03
   12   -3.84615E-03   -1.80000E-02   -6.01124    31.6043    1.00000    3.82759E-03
   12   -3.84615E-03   -1.60000E-02   -6.01124    31.6043    1.00000    3.82759E-03
   12   -3.84615E-03   -1.40000E-02   -6.01124    31.6043    1.00000    3.82759E-03
   12   -3.84615E-03   -1.20000E-02   -6.01124    31.6043    1.00000    3.82759E-03
   12   -3.84615E-03   -1.00000E-02   -6.01124    31.6043    1.00000    3.82759E-03
   12   -3.84615E-03   -8.00000E-03   -6.01124    31.6043    1.00000    3.82759E-03
   12   -3.84615E-03   -6.00000E-03   -6.01124    31.6043    1.00000    3.82759E-03
   12   -3.84615E-03   -4.00000E-03   -6.01124    31.6043    1.00000    3.82759E-03
   12   -3.84615E-03   -2.00000E-03   -6.01124    31.6043    1.00000    3.82759E-03
   12   -3.84615E-03  0.   -6.01124    31.6043    1.00000    3.82759E-03
   12   -3.84615E-03    2.00000E-03   -6.01124    31.6043    1.00000    3.82759E-03
   12   -3.84615E-03    4.00000E-03   -6.01124    31.6043    1.00000    3.82759E-03
   12   -3.84615E-03    6.00000E-03   -6.01124    31.6043    1.00000    3.82759E-03
   12   -3.84615E-03    8.00000E-03   -6.01124    31.6043    1.00000    3.82759E-03
   12   -3.84615E-03    1.00000E-02   -6.01124    31.6043    1.00000    3.82759E-03
   12   -3.84615E-03    1.20000E-02   -6.01124    31.6043    1.00000    3.82759E-03
   12   -3.84615E-03    1.40000E-02   -6.01124    31.6043    1.00000    3.82759E-03
   12   -3.84615E-03    1.60000E-02   -6.01124    31.6043    1.00000    3.82759E-03
   12   -3.84615E-03    1.80000E-02   -6.01124    31.6043    1.00000    3.82759E-03
   12   -3.84615E-03    2.00000E-02   -6.01124    31.6043    1.00000    3.82759E-03
   12   -3.84615E-03    2.20000E-02   -6.01124    31.6043    1.00000    3.82759E-03
   12   -3.84615E-03    2.40000E-02   -6.01124    31.6043    1.00000    3.82759E-03
   12   -3.84615E-03    2.60000E-02   -5.80810    31.9833    1.00000    3.74858E-03
   12   -3.84615E-03    2.80000E-02   -6.11074    31.8363    1.00000    3.84198E-03
   12   -3.84615E-03    3.00000E-02   -6.71235    31.2308    1.00000    3.98113E-03
   12   -3.84615E-03    3.20000E-02   -7.07279    31.0807    1.00000    4.01903E-03
   12   -3.84615E-03    3.40000E-02   -7.63322    30.6007    1.00000    4.02207E-03
   12   -3.84615E-03    3.60000E-02   -7.95792    30.5603    1.00000    3.99433E-03
   12   -3.84615E-03    3.80000E-02   -8.36192    30.6437    1.00000    3.98242E-03
   12   -3.84615E-03    4.00000E-02  -10.53157    30.3044    1.00000    2.99072E-03
   12   -3.84615E-03    4.20000E-02   -12.5868    31.2337    1.00000    1.89585E-03
   12   -3.84615E-03    4.40000E-02   -30.0665    20.7302    1.00000    1.94025E-03
   12   -3.84615E-03    4.60000E-02   -46.4712    19.8326    1.00000    1.04656E-03
   12   -3.84615E-03    4.80000E-02   -68.3950    32.0222    1.00000    6.92253E-04
   12   -3.84615E-03    5.00000E-02   -120.744    64.9736    1.00000    5.16269E-04
   12  0.   -5.00000E-02   -18.0168    1.12851    1.00000    1.45915E-09
   12  0.   -4.80000E-02   -18.0538   -2.32301E-02    1.00000    5.04818E-10
   12  0.   -4.60000E-02   -18.0310    4.28232E-02    1.00000    1.98423E-08
   12  0.   -4.40000E-02   -16.5449    5.73676    1.00000    6.96835E-04
   12  0.   -4.20000E-02   -12.4080    16.7084    1.00000    4.51087E-03
   12  0.   -4.00000E-02   -9.09795    23.5087    1.00000    7.83424E-03
   12  0.   -3.80000E-02   -9.09795    23.5087    1.00000    7.83424E-03
   12  0.   -3.60000E-02   -9.09795    23.5087    1.00000    7.83424E-03
   12  0.   -3.40000E-02   -9.09795    23.5087    1.00000    7.83424E-03
   12  0.   -3.20000E-02   -9.09795    23.5087    1.00000    7.83424E-03
   12  0.   -3.00000E-02   -9.09795    23.5087    1.00000    7.83424E-03
   12  0.   -2.80000E-02   -9.09795    23.5087    1.00000    7.83424E-03
   12  0.   -2.60000E-02   -9.09795    23.5087    1.00000    7.83424E-03
   12  0.   -2.40000E-02   -9.09795    23.5087    1.00000    7.83424E-03
   12  0.   -2.20000E-02   -9.09795    23.5087    1.00000    7.83424E-03
   12  0.   -2.00000E-02   -9.09795    23.5087    1.00000    7.83424E-03
   12  0.   -1.80000E-02   -9.09795    23.5087    1.00000    7.83424E-03
   12  0.   -1.60000E-02   -9.09795    23.5087    1.00000    7.83424E-03
   12  0.   -1.40000E-02   -9.09795    23.5087    1.00000    7.83424E-03
   12  0.   -1.20000E-02   -9.09795    23.5087    1.00000    7.83424E-03
   12  0.   -1.00000E-02   -9.09795    23.5087    1.00000    7.83424E-03
   12  0.   -8.00000E-03   -9.03822    23.6455    1.00000    7.75609E-03
   12  0.   -6.00000E-03   -8.91785    23.9212    1.00000    7.59783E-03
   12  0.   -4.00000E-03   -8.73463    24.3404    1.00000    7.35492E-03
   12  0.   -2.00000E-03   -8.61072    24.6236    1.00000    7.18965E-03
   12  0.  0.   -8.48539    24.9099    1.00000    7.02181E-03
   12  0.    2.00000E-03   -8.35870    25.1991    1.00000    6.85174E-03
   12  0.    4.00000E-03   -8.29475    25.3449    1.00000    6.76575E-03
   12  0.    6.00000E-03   -8.16584    25.6388    1.00000    6.59237E-03
   12  0.    8.00000E-03   -8.03542    25.9360    1.00000    6.41695E-03
   12  0.    1.00000E-02   -7.90355    26.2362    1.00000    6.23977E-03
   12  0.    1.20000E-02   -7.77019    26.5396    1.00000    6.06098E-03
   12  0.    1.40000E-02   -7.63536    26.8462    1.00000    5.88082E-03
   12  0.    1.60000E-02   -7.49902    27.1561    1.00000    5.69940E-03
   12  0.    1.80000E-02   -7.43026    27.3123    1.00000    5.60823E-03
   12  0.    2.00000E-02   -7.29160    27.6271    1.00000    5.42527E-03
   12  0.    2.20000E-02   -7.15138    27.9453    1.00000    5.24150E-03
   12  0.    2.40000E-02   -7.13192    28.0678    1.00000    5.22002E-03
   12  0.    2.60000E-02   -7.02554    28.5031    1.00000    5.10429E-03
   12  0.    2.80000E-02   -7.33685    28.4945    1.00000    5.07267E-03
   12  0.    3.00000E-02   -7.79593    28.2798    1.00000    4.89561E-03
   12  0.    3.20000E-02   -8.08779    28.3507    1.00000    4.82862E-03
   12  0.    3.40000E-02   -8.59560    28.0679    1.00000    4.65922E-03
   12  0.    3.60000E-02   -8.86517    28.2146    1.00000    4.51760E-03
   12  0.    3.80000E-02   -9.42397    28.3034    1.00000    4.29338E-03
   12  0.    4.00000E-02   -11.0643    28.7933    1.00000    2.71526E-03
   12  0.    4.20000E-02   -17.1689    26.2279    1.00000    2.41385E-03
   12  0.    4.40000E-02   -33.1538    18.0481    1.00000    1.68374E-03
   12  0.    4.60000E-02   -47.3883    21.4244    1.00000    1.03733E-03
   12  0.    4.80000E-02   -67.7762    35.9039    1.00000    7.20532E-04
   12  0.    5.00000E-02   -117.997    70.8165    1.00000    5.27928E-04
   12    3.84615E-03   -5.00000E-02   -18.0168    1.12851    1.00000    1.45915E-09
   12    3.84615E-03   -4.80000E-02   -18.0538   -2.32301E-02    1.00000    5.04818E-10
   12    3.84615E-03   -4.60000E-02   -18.0310    4.28232E-02    1.00000    1.98423E-08
   12    3.84615E-03   -4.40000E-02   -16.9245    4.23578    1.00000    4.83587E-04
   12    3.84615E-03   -4.20000E-02   -14.1034    12.1028    1.00000    4.17966E-03
   12    3.84615E-03   -4.00000E-02  -10.56520    19.5380    1.00000    9.46451E-03
   12    3.84615E-03   -3.80000E-02  -10.56520    19.5380    1.00000    9.46451E-03
   12    3.84615E-03   -3.60000E-02  -10.56520    19.5380    1.00000    9.46451E-03
   12    3.84615E-03   -3.40000E-02  -10.56520    19.5380    1.00000    9.46451E-03
   12    3.84615E-03   -3.20000E-02  -10.56520    19.5380    1.00000    9.46451E-03
   12    3.84615E-03   -3.00000E-02  -10.56520    19.5380    1.00000    9.46451E-03
   12    3.84615E-03   -2.80000E-02  -10.51117    19.6608    1.00000    9.40856E-03
   12    3.84615E-03   -2.60000E-02  -10.34717    20.0330    1.00000    9.23399E-03
   12    3.84615E-03   -2.40000E-02  -10.23633    20.2844    1.00000    9.11227E-03
   12    3.84615E-03   -2.20000E-02  -10.12422    20.5384    1.00000    8.98638E-03
   12    3.84615E-03   -2.00000E-02   -9.95380    20.9242    1.00000    8.78997E-03
   12    3.84615E-03   -1.80000E-02   -9.83861    21.1847    1.00000    8.65416E-03
   12    3.84615E-03   -1.60000E-02   -9.72213    21.4479    1.00000    8.51454E-03
   12    3.84615E-03   -1.40000E-02   -9.54498    21.8479    1.00000    8.29813E-03
   12    3.84615E-03   -1.20000E-02   -9.42532    22.1179    1.00000    8.14957E-03
   12    3.84615E-03   -1.00000E-02   -9.30434    22.3907    1.00000    7.99760E-03
   12    3.84615E-03   -8.00000E-03   -9.18213    22.6661    1.00000    7.84249E-03
   12    3.84615E-03   -6.00000E-03   -9.05856    22.9444    1.00000    7.68424E-03
   12    3.84615E-03   -4.00000E-03   -8.93362    23.2256    1.00000    7.52300E-03
   12    3.84615E-03   -2.00000E-03   -8.83495    23.4854    1.00000    7.40172E-03
   12    3.84615E-03  0.   -8.70785    23.7715    1.00000    7.23560E-03
   12    3.84615E-03    2.00000E-03   -8.57946    24.0603    1.00000    7.06710E-03
   12    3.84615E-03    4.00000E-03   -8.44964    24.3521    1.00000    6.89606E-03
   12    3.84615E-03    6.00000E-03   -8.31847    24.6469    1.00000    6.72292E-03
   12    3.84615E-03    8.00000E-03   -8.18594    24.9445    1.00000    6.54772E-03
   12    3.84615E-03    1.00000E-02   -8.11914    25.0945    1.00000    6.45939E-03
   12    3.84615E-03    1.20000E-02   -7.98446    25.3968    1.00000    6.28137E-03
   12    3.84615E-03    1.40000E-02   -7.84835    25.7021    1.00000    6.10176E-03
   12    3.84615E-03    1.60000E-02   -7.71082    26.0105    1.00000    5.92070E-03
   12    3.84615E-03    1.80000E-02   -7.64151    26.1658    1.00000    5.82969E-03
   12    3.84615E-03    2.00000E-02   -7.56520    26.4170    1.00000    5.73825E-03
   12    3.84615E-03    2.20000E-02   -7.51735    26.6442    1.00000    5.68718E-03
   12    3.84615E-03    2.40000E-02   -7.50677    26.7474    1.00000    5.68044E-03
   12    3.84615E-03    2.60000E-02   -7.59913    26.9376    1.00000    5.53787E-03
   12    3.84615E-03    2.80000E-02   -7.90613    26.9529    1.00000    5.44243E-03
   12    3.84615E-03    3.00000E-02   -8.25361    26.8829    1.00000    5.10885E-03
   12    3.84615E-03    3.20000E-02   -8.57167    26.9434    1.00000    4.97047E-03
   12    3.84615E-03    3.40000E-02   -8.99362    26.7802    1.00000    4.70990E-03
   12    3.84615E-03    3.60000E-02   -9.29157    26.9182    1.00000    4.56445E-03
   12    3.84615E-03    3.80000E-02   -9.90668    27.0582    1.00000    3.98430E-03
   12    3.84615E-03    4.00000E-02   -11.4174    27.9169    1.00000    2.37478E-03
   12    3.84615E-03    4.20000E-02   -24.9531    17.7366    1.00000    2.54182E-03
   12    3.84615E-03    4.40000E-02   -36.3728    15.5555    1.00000    1.33294E-03
   12    3.84615E-03    4.60000E-02   -47.0885    24.2413    1.00000    1.08344E-03
   12    3.84615E-03    4.80000E-02   -68.2162    39.2508    1.00000    7.20343E-04
   12    3.84615E-03    5.00000E-02   -120.500    77.3551    1.00000    5.14670E-04
   12    7.69231E-03   -5.00000E-02   -18.0646  -0.685981    1.00000    2.63263E-10
   12    7.69231E-03   -4.80000E-02   -18.0301   0.183931    1.00000    2.61472E-08
   12    7.69231E-03   -4.60000E-02   -18.0545  0.    1.00000    2.00000
   12    7.69231E-03   -4.40000E-02   -17.3059    2.76409    1.00000    2.59405E-04
   12    7.69231E-03   -4.20000E-02   -14.7017   10.00844    1.00000    3.68241E-03
   12    7.69231E-03   -4.00000E-02   -11.0579    17.8016    1.00000    9.67652E-03
   12    7.69231E-03   -3.80000E-02   -11.0579    17.8016    1.00000    9.67652E-03
   12    7.69231E-03   -3.60000E-02   -11.0579    17.8016    1.00000    9.67652E-03
   12    7.69231E-03   -3.40000E-02   -10.9770    18.0180    1.00000    9.62529E-03
   12    7.69231E-03   -3.20000E-02   -10.8686    18.2606    1.00000    9.52886E-03
   12    7.69231E-03   -3.00000E-02   -10.7038    18.6289    1.00000    9.37557E-03
   12    7.69231E-03   -2.80000E-02   -10.5926    18.8774    1.00000    9.26785E-03
   12    7.69231E-03   -2.60000E-02  -10.42360    19.2546    1.00000    9.09801E-03
   12    7.69231E-03   -2.40000E-02  -10.30953    19.5091    1.00000    8.97945E-03
   12    7.69231E-03   -2.20000E-02  -10.19426    19.7661    1.00000    8.85668E-03
   12    7.69231E-03   -2.00000E-02  -10.01915    20.1562    1.00000    8.66490E-03
   12    7.69231E-03   -1.80000E-02   -9.90093    20.4194    1.00000    8.53217E-03
   12    7.69231E-03   -1.60000E-02   -9.78151    20.6852    1.00000    8.39564E-03
   12    7.69231E-03   -1.40000E-02   -9.66094    20.9535    1.00000    8.25547E-03
   12    7.69231E-03   -1.20000E-02   -9.53917    21.2243    1.00000    8.11174E-03
   12    7.69231E-03   -1.00000E-02   -9.41617    21.4976    1.00000    7.96461E-03
   12    7.69231E-03   -8.00000E-03   -9.29190    21.7737    1.00000    7.81410E-03
   12    7.69231E-03   -6.00000E-03   -9.10323    22.1927    1.00000    7.58257E-03
   12    7.69231E-03   -4.00000E-03   -9.01042    22.4380    1.00000    7.47832E-03
   12    7.69231E-03   -2.00000E-03   -8.94654    22.5798    1.00000    7.39848E-03
   12    7.69231E-03  0.   -8.81777    22.8658    1.00000    7.23671E-03
   12    7.69231E-03    2.00000E-03   -8.68770    23.1544    1.00000    7.07227E-03
   12    7.69231E-03    4.00000E-03   -8.55633    23.4459    1.00000    6.90535E-03
   12    7.69231E-03    6.00000E-03   -8.42366    23.7401    1.00000    6.73610E-03
   12    7.69231E-03    8.00000E-03   -8.28967    24.0372    1.00000    6.56468E-03
   12    7.69231E-03    1.00000E-02   -8.15437    24.3371    1.00000    6.39135E-03
   12    7.69231E-03    1.20000E-02   -8.08625    24.4880    1.00000    6.30401E-03
   12    7.69231E-03    1.40000E-02   -7.94891    24.7923    1.00000    6.12794E-03
   12    7.69231E-03    1.60000E-02   -7.88614    25.0132    1.00000    6.06192E-03
   12    7.69231E-03    1.80000E-02   -7.85811    25.1979    1.00000    6.04620E-03
   12    7.69231E-03    2.00000E-02   -7.86053    25.2737    1.00000    6.06210E-03
   12    7.69231E-03    2.20000E-02   -7.79221    25.5069    1.00000    5.98545E-03
   12    7.69231E-03    2.40000E-02   -7.72213    25.7441    1.00000    5.90541E-03
   12    7.69231E-03    2.60000E-02   -7.91249    25.8831    1.00000    5.83239E-03
   12    7.69231E-03    2.80000E-02   -8.33436    25.6535    1.00000    5.55601E-03
   12    7.69231E-03    3.00000E-02   -8.66953    25.6327    1.00000    5.14837E-03
   12    7.69231E-03    3.20000E-02   -8.88771    25.8172    1.00000    4.93034E-03
   12    7.69231E-03    3.40000E-02   -9.27300    25.7358    1.00000    4.53336E-03
   12    7.69231E-03    3.60000E-02   -9.54294    25.9200    1.00000    4.34458E-03
   12    7.69231E-03    3.80000E-02  -10.04143    26.3640    1.00000    3.39090E-03
   12    7.69231E-03    4.00000E-02   -14.8587    23.8066    1.00000    2.94592E-03
   12    7.69231E-03    4.20000E-02   -26.7788    16.2261    1.00000    2.34311E-03
   12    7.69231E-03    4.40000E-02   -36.7547    17.1735    1.00000    1.34697E-03
   12    7.69231E-03    4.60000E-02   -46.9590    26.9826    1.00000    1.09977E-03
   12    7.69231E-03    4.80000E-02   -67.7230    43.0918    1.00000    7.21778E-04
   12    7.69231E-03    5.00000E-02   -124.840    83.8861    1.00000    4.92867E-04
   12    1.15385E-02   -5.00000E-02   -18.0409   0.838623    1.00000    9.36448E-11
   12    1.15385E-02   -4.80000E-02   -18.0301   0.183931    1.00000    2.61472E-08
   12    1.15385E-02   -4.60000E-02   -18.0545  0.    1.00000    2.00000
   12    1.15385E-02   -4.40000E-02   -17.7537    1.06885    1.00000    4.77538E-05
   12    1.15385E-02   -4.20000E-02   -15.3001    8.10657    1.00000    3.02098E-03
   12    1.15385E-02   -4.00000E-02   -11.3499    16.5384    1.00000    9.50660E-03
   12    1.15385E-02   -3.80000E-02   -11.2418    16.7766    1.00000    9.43224E-03
   12    1.15385E-02   -3.60000E-02   -11.0778    17.1380    1.00000    9.31174E-03
   12    1.15385E-02   -3.40000E-02   -10.9468    17.4640    1.00000    9.23479E-03
   12    1.15385E-02   -3.20000E-02   -10.8350    17.7102    1.00000    9.14257E-03
   12    1.15385E-02   -3.00000E-02   -10.6655    18.0834    1.00000    8.99587E-03
   12    1.15385E-02   -2.80000E-02  -10.55115    18.3351    1.00000    8.89256E-03
   12    1.15385E-02   -2.60000E-02  -10.43569    18.5891    1.00000    8.78486E-03
   12    1.15385E-02   -2.40000E-02  -10.26050    18.9743    1.00000    8.61539E-03
   12    1.15385E-02   -2.20000E-02  -10.14242    19.2339    1.00000    8.49736E-03
   12    1.15385E-02   -2.00000E-02  -10.02315    19.4960    1.00000    8.37521E-03
   12    1.15385E-02   -1.80000E-02   -9.90279    19.7604    1.00000    8.24925E-03
   12    1.15385E-02   -1.60000E-02   -9.72015    20.1614    1.00000    8.05325E-03
   12    1.15385E-02   -1.40000E-02   -9.63688    20.3839    1.00000    7.98008E-03
   12    1.15385E-02   -1.20000E-02   -9.51299    20.6560    1.00000    7.84195E-03
   12    1.15385E-02   -1.00000E-02   -9.38802    20.9304    1.00000    7.70046E-03
   12    1.15385E-02   -8.00000E-03   -9.26182    21.2074    1.00000    7.55559E-03
   12    1.15385E-02   -6.00000E-03   -9.13445    21.4870    1.00000    7.40765E-03
   12    1.15385E-02   -4.00000E-03   -9.00590    21.7690    1.00000    7.25665E-03
   12    1.15385E-02   -2.00000E-03   -8.87616    22.0536    1.00000    7.10285E-03
   12    1.15385E-02  0.   -8.74519    22.3408    1.00000    6.94627E-03
   12    1.15385E-02    2.00000E-03   -8.61300    22.6306    1.00000    6.78706E-03
   12    1.15385E-02    4.00000E-03   -8.47960    22.9230    1.00000    6.62549E-03
   12    1.15385E-02    6.00000E-03   -8.45596    23.0162    1.00000    6.60894E-03
   12    1.15385E-02    8.00000E-03   -8.32113    23.3119    1.00000    6.44421E-03
   12    1.15385E-02    1.00000E-02   -8.18504    23.6102    1.00000    6.27738E-03
   12    1.15385E-02    1.20000E-02   -8.09187    23.8563    1.00000    6.17352E-03
   12    1.15385E-02    1.40000E-02   -8.11021    23.8995    1.00000    6.21688E-03
   12    1.15385E-02    1.60000E-02   -8.10021    24.0462    1.00000    6.23414E-03
   12    1.15385E-02    1.80000E-02   -8.04571    24.2490    1.00000    6.18453E-03
   12    1.15385E-02    2.00000E-02   -8.05831    24.3039    1.00000    6.21831E-03
   12    1.15385E-02    2.20000E-02   -8.00054    24.5138    1.00000    6.16222E-03
   12    1.15385E-02    2.40000E-02   -7.99672    24.6690    1.00000    6.04098E-03
   12    1.15385E-02    2.60000E-02   -8.26705    24.7334    1.00000    5.84310E-03
   12    1.15385E-02    2.80000E-02   -8.63355    24.5999    1.00000    5.44041E-03
   12    1.15385E-02    3.00000E-02   -8.89933    24.6943    1.00000    4.92282E-03
   12    1.15385E-02    3.20000E-02   -9.07934    24.9429    1.00000    4.65420E-03
   12    1.15385E-02    3.40000E-02   -9.35465    25.0128    1.00000    4.20629E-03
   12    1.15385E-02    3.60000E-02   -9.58300    25.2556    1.00000    3.98263E-03
   12    1.15385E-02    3.80000E-02   -9.82083    26.3013    1.00000    2.84067E-03
   12    1.15385E-02    4.00000E-02   -21.4904    15.5196    1.00000    3.12123E-03
   12    1.15385E-02    4.20000E-02   -26.8384    17.8923    1.00000    2.31142E-03
   12    1.15385E-02    4.40000E-02   -36.1066    20.0615    1.00000    1.51395E-03
   12    1.15385E-02    4.60000E-02   -47.0345    29.6338    1.00000    1.09221E-03
   12    1.15385E-02    4.80000E-02   -68.4615    46.3773    1.00000    7.02533E-04
   12    1.15385E-02    5.00000E-02   -123.078    90.5965    1.00000    4.88818E-04
   12    1.53846E-02   -5.00000E-02   -18.0441   0.382859    1.00000    4.00355E-12
   12    1.53846E-02   -4.80000E-02   -18.0418    8.38291E-02    1.00000    3.85012E-09
   12    1.53846E-02   -4.60000E-02   -18.0308    9.17917E-02    1.00000    6.88538E-08
   12    1.53846E-02   -4.40000E-02   -18.0671   -5.88673E-02    1.00000    1.61122E-07
   12    1.53846E-02   -4.20000E-02   -15.6961    6.87746    1.00000    2.60969E-03
   12    1.53846E-02   -4.00000E-02   -11.2335    16.1876    1.00000    8.92240E-03
   12    1.53846E-02   -3.80000E-02   -11.0672    16.5494    1.00000    8.81776E-03
   12    1.53846E-02   -3.60000E-02   -10.9551    16.7933    1.00000    8.74227E-03
   12    1.53846E-02   -3.40000E-02   -10.7850    17.1630    1.00000    8.62018E-03
   12    1.53846E-02   -3.20000E-02   -10.6705    17.4120    1.00000    8.53333E-03
   12    1.53846E-02   -3.00000E-02  -10.49677    17.7894    1.00000    8.39478E-03
   12    1.53846E-02   -2.80000E-02  -10.37972    18.0437    1.00000    8.29702E-03
   12    1.53846E-02   -2.60000E-02  -10.26175    18.3000    1.00000    8.19529E-03
   12    1.53846E-02   -2.40000E-02  -10.12868    18.6294    1.00000    8.10364E-03
   12    1.53846E-02   -2.20000E-02  -10.00848    18.8906    1.00000    7.99236E-03
   12    1.53846E-02   -2.00000E-02   -9.88718    19.1541    1.00000    7.87700E-03
   12    1.53846E-02   -1.80000E-02   -9.76494    19.4196    1.00000    7.75814E-03
   12    1.53846E-02   -1.60000E-02   -9.64156    19.6875    1.00000    7.63534E-03
   12    1.53846E-02   -1.40000E-02   -9.51719    19.9576    1.00000    7.50923E-03
   12    1.53846E-02   -1.20000E-02   -9.39170    20.2301    1.00000    7.37946E-03
   12    1.53846E-02   -1.00000E-02   -9.20141    20.6431    1.00000    7.17868E-03
   12    1.53846E-02   -8.00000E-03   -9.12188    20.8574    1.00000    7.11333E-03
   12    1.53846E-02   -6.00000E-03   -9.05751    20.9972    1.00000    7.04340E-03
   12    1.53846E-02   -4.00000E-03   -8.92800    21.2784    1.00000    6.90140E-03
   12    1.53846E-02   -2.00000E-03   -8.79739    21.5620    1.00000    6.75652E-03
   12    1.53846E-02  0.   -8.66556    21.8481    1.00000    6.60890E-03
   12    1.53846E-02    2.00000E-03   -8.53257    22.1367    1.00000    6.45861E-03
   12    1.53846E-02    4.00000E-03   -8.39844    22.4278    1.00000    6.30601E-03
   12    1.53846E-02    6.00000E-03   -8.26308    22.7215    1.00000    6.15100E-03
   12    1.53846E-02    8.00000E-03   -8.24597    22.8014    1.00000    6.14603E-03
   12    1.53846E-02    1.00000E-02   -8.21026    22.9643    1.00000    6.13315E-03
   12    1.53846E-02    1.20000E-02   -8.22157    23.0673    1.00000    6.18743E-03
   12    1.53846E-02    1.40000E-02   -8.18150    23.2395    1.00000    6.16613E-03
   12    1.53846E-02    1.60000E-02   -8.20798    23.2662    1.00000    6.22297E-03
   12    1.53846E-02    1.80000E-02   -8.16444    23.4456    1.00000    6.19501E-03
   12    1.53846E-02    2.00000E-02   -8.11904    23.6290    1.00000    6.16320E-03
   12    1.53846E-02    2.20000E-02   -8.14065    23.6657    1.00000    6.21192E-03
   12    1.53846E-02    2.40000E-02   -8.24862    23.7173    1.00000    5.87971E-03
   12    1.53846E-02    2.60000E-02   -8.49198    23.8307    1.00000    5.61971E-03
   12    1.53846E-02    2.80000E-02   -8.78493    23.8208    1.00000    5.10289E-03
   12    1.53846E-02    3.00000E-02   -9.00224    24.0073    1.00000    4.86490E-03
   12    1.53846E-02    3.20000E-02   -9.08534    24.3950    1.00000    4.18364E-03
   12    1.53846E-02    3.40000E-02   -9.24686    24.6409    1.00000    3.66618E-03
   12    1.53846E-02    3.60000E-02   -9.68088    24.6005    1.00000    3.65573E-03
   12    1.53846E-02    3.80000E-02   -12.2463    23.2096    1.00000    3.42908E-03
   12    1.53846E-02    4.00000E-02   -17.2499    22.9609    1.00000    3.12205E-03
   12    1.53846E-02    4.20000E-02   -26.3574    20.3717    1.00000    2.32147E-03
   12    1.53846E-02    4.40000E-02   -35.9426    22.4493    1.00000    1.52233E-03
   12    1.53846E-02    4.60000E-02   -47.0093    32.4930    1.00000    1.07551E-03
   12    1.53846E-02    4.80000E-02   -67.8884    50.8182    1.00000    7.29653E-04
   12    1.53846E-02    5.00000E-02   -127.063    98.1250    1.00000    4.64838E-04
   12    1.92308E-02   -4.80000E-02   -18.0420    3.64398E-02    1.00000    6.14865E-10
   12    1.92308E-02   -4.60000E-02   -18.0310    6.80634E-02    1.00000    3.47813E-08
   12    1.92308E-02   -4.40000E-02   -18.0435    1.64364E-02    1.00000    1.17216E-08
   12    1.92308E-02   -4.20000E-02   -16.1501    5.52067    1.00000    2.02941E-03
   12    1.92308E-02   -4.00000E-02   -10.9403    16.1440    1.00000    8.08529E-03
   12    1.92308E-02   -3.80000E-02   -10.7703    16.5095    1.00000    7.98869E-03
   12    1.92308E-02   -3.60000E-02   -10.7079    16.6848    1.00000    7.99127E-03
   12    1.92308E-02   -3.40000E-02  -10.53519    17.0565    1.00000    7.87952E-03
   12    1.92308E-02   -3.20000E-02  -10.41886    17.3067    1.00000    7.79970E-03
   12    1.92308E-02   -3.00000E-02  -10.30155    17.5591    1.00000    7.71554E-03
   12    1.92308E-02   -2.80000E-02  -10.12382    17.9413    1.00000    7.58164E-03
   12    1.92308E-02   -2.60000E-02  -10.00417    18.1986    1.00000    7.48738E-03
   12    1.92308E-02   -2.40000E-02   -9.93740    18.3842    1.00000    7.46572E-03
   12    1.92308E-02   -2.20000E-02   -9.75513    18.7764    1.00000    7.31201E-03
   12    1.92308E-02   -2.00000E-02   -9.63246    19.0403    1.00000    7.20498E-03
   12    1.92308E-02   -1.80000E-02   -9.50871    19.3065    1.00000    7.09418E-03
   12    1.92308E-02   -1.60000E-02   -9.38398    19.5748    1.00000    6.97996E-03
   12    1.92308E-02   -1.40000E-02   -9.25815    19.8454    1.00000    6.86212E-03
   12    1.92308E-02   -1.20000E-02   -9.13138    20.1181    1.00000    6.74114E-03
   12    1.92308E-02   -1.00000E-02   -9.05953    20.3156    1.00000    6.69626E-03
   12    1.92308E-02   -8.00000E-03   -8.93093    20.5923    1.00000    6.56914E-03
   12    1.92308E-02   -6.00000E-03   -8.80129    20.8712    1.00000    6.43905E-03
   12    1.92308E-02   -4.00000E-03   -8.67060    21.1524    1.00000    6.30619E-03
   12    1.92308E-02   -2.00000E-03   -8.53879    21.4359    1.00000    6.17048E-03
   12    1.92308E-02  0.   -8.40589    21.7218    1.00000    6.03226E-03
   12    1.92308E-02    2.00000E-03   -8.39645    21.7858    1.00000    6.04192E-03
   12    1.92308E-02    4.00000E-03   -8.26223    22.0746    1.00000    5.90001E-03
   12    1.92308E-02    6.00000E-03   -8.18435    22.2860    1.00000    5.83509E-03
   12    1.92308E-02    8.00000E-03   -8.16218    22.4211    1.00000    5.84609E-03
   12    1.92308E-02    1.00000E-02   -8.26134    22.3378    1.00000    6.00564E-03
   12    1.92308E-02    1.20000E-02   -8.23474    22.4818    1.00000    6.00964E-03
   12    1.92308E-02    1.40000E-02   -8.20619    22.6299    1.00000    6.00982E-03
   12    1.92308E-02    1.60000E-02   -8.24391    22.6345    1.00000    6.08358E-03
   12    1.92308E-02    1.80000E-02   -8.21176    22.7900    1.00000    6.07730E-03
   12    1.92308E-02    2.00000E-02   -8.17767    22.9496    1.00000    6.06714E-03
   12    1.92308E-02    2.20000E-02   -8.21026    22.9643    1.00000    6.13315E-03
   12    1.92308E-02    2.40000E-02   -8.36389    23.0270    1.00000    5.48946E-03
   12    1.92308E-02    2.60000E-02   -8.56792    23.2051    1.00000    5.17587E-03
   12    1.92308E-02    2.80000E-02   -8.76428    23.3542    1.00000    4.56479E-03
   12    1.92308E-02    3.00000E-02   -8.93536    23.6083    1.00000    4.29417E-03
   12    1.92308E-02    3.20000E-02   -9.29833    23.6496    1.00000    3.88151E-03
   12    1.92308E-02    3.40000E-02  -10.43838    22.6536    1.00000    4.13481E-03
   12    1.92308E-02    3.60000E-02   -9.75513    25.1046    1.00000    3.56941E-03
   12    1.92308E-02    3.80000E-02   -11.9066    25.5029    1.00000    3.12076E-03
   12    1.92308E-02    4.00000E-02   -16.9910    25.0438    1.00000    2.92405E-03
   12    1.92308E-02    4.20000E-02   -26.5118    22.1533    1.00000    2.18730E-03
   12    1.92308E-02    4.40000E-02   -36.0835    24.5514    1.00000    1.48688E-03
   12    1.92308E-02    4.60000E-02   -47.1878    35.1581    1.00000    1.04050E-03
   12    1.92308E-02    4.80000E-02   -69.6094    54.4772    1.00000    6.87947E-04
   12    1.92308E-02    5.00000E-02   -131.078    106.330    1.00000    4.40695E-04
   12    2.30769E-02   -4.80000E-02   -18.0537   -9.44372E-02    1.00000    2.78724E-09
   12    2.30769E-02   -4.60000E-02   -18.0426    8.13690E-03    1.00000    4.10316E-10
   12    2.30769E-02   -4.40000E-02   -18.0552   -2.35696E-02    1.00000    2.13116E-08
   12    2.30769E-02   -4.20000E-02   -16.6610    4.08009    1.00000    1.31804E-03
   12    2.30769E-02   -4.00000E-02  -10.55267    16.3022    1.00000    7.15652E-03
   12    2.30769E-02   -3.80000E-02  -10.44186    16.5816    1.00000    7.14841E-03
   12    2.30769E-02   -3.60000E-02  -10.32662    16.8274    1.00000    7.08626E-03
   12    2.30769E-02   -3.40000E-02  -10.15223    17.1995    1.00000    6.98564E-03
   12    2.30769E-02   -3.20000E-02  -10.03483    17.4499    1.00000    6.91336E-03
   12    2.30769E-02   -3.00000E-02   -9.91664    17.7021    1.00000    6.83730E-03
   12    2.30769E-02   -2.80000E-02   -9.73749    18.0843    1.00000    6.71570E-03
   12    2.30769E-02   -2.60000E-02   -9.67913    18.2525    1.00000    6.71197E-03
   12    2.30769E-02   -2.40000E-02   -9.55787    18.5113    1.00000    6.62284E-03
   12    2.30769E-02   -2.20000E-02   -9.43575    18.7719    1.00000    6.53024E-03
   12    2.30769E-02   -2.00000E-02   -9.31259    19.0348    1.00000    6.43389E-03
   12    2.30769E-02   -1.80000E-02   -9.18861    19.2994    1.00000    6.33433E-03
   12    2.30769E-02   -1.60000E-02   -9.12664    19.4758    1.00000    6.31485E-03
   12    2.30769E-02   -1.40000E-02   -8.93763    19.8793    1.00000    6.15447E-03
   12    2.30769E-02   -1.20000E-02   -8.81041    20.1509    1.00000    6.04370E-03
   12    2.30769E-02   -1.00000E-02   -8.74638    20.2876    1.00000    5.98707E-03
   12    2.30769E-02   -8.00000E-03   -8.61775    20.5623    1.00000    5.87189E-03
   12    2.30769E-02   -6.00000E-03   -8.48794    20.8394    1.00000    5.75360E-03
   12    2.30769E-02   -4.00000E-03   -8.42139    21.0262    1.00000    5.71693E-03
   12    2.30769E-02   -2.00000E-03   -8.28983    21.3072    1.00000    5.59338E-03
   12    2.30769E-02  0.   -8.15723    21.5904    1.00000    5.46733E-03
   12    2.30769E-02    2.00000E-03   -8.02349    21.8761    1.00000    5.33884E-03
   12    2.30769E-02    4.00000E-03   -8.08537    21.8338    1.00000    5.44147E-03
   12    2.30769E-02    6.00000E-03   -8.07805    21.9391    1.00000    5.47608E-03
   12    2.30769E-02    8.00000E-03   -8.13052    21.9605    1.00000    5.58962E-03
   12    2.30769E-02    1.00000E-02   -8.11818    22.0758    1.00000    5.61667E-03
   12    2.30769E-02    1.20000E-02   -8.17133    22.0502    1.00000    5.71017E-03
   12    2.30769E-02    1.40000E-02   -8.15502    22.1735    1.00000    5.73109E-03
   12    2.30769E-02    1.60000E-02   -8.20445    22.1551    1.00000    5.82023E-03
   12    2.30769E-02    1.80000E-02   -8.18435    22.2860    1.00000    5.83509E-03
   12    2.30769E-02    2.00000E-02   -8.16218    22.4211    1.00000    5.84609E-03
   12    2.30769E-02    2.20000E-02   -8.20622    22.4133    1.00000    5.92823E-03
   12    2.30769E-02    2.40000E-02   -8.32375    22.6473    1.00000    4.83040E-03
   12    2.30769E-02    2.60000E-02   -8.46991    22.9161    1.00000    4.47566E-03
   12    2.30769E-02    2.80000E-02   -8.94198    22.6825    1.00000    4.21795E-03
   12    2.30769E-02    3.00000E-02   -8.36864    24.8657    1.00000    3.63554E-03
   12    2.30769E-02    3.20000E-02   -8.50949    25.8770    1.00000    3.36978E-03
   12    2.30769E-02    3.40000E-02   -7.97090    27.9565    1.00000    2.85173E-03
   12    2.30769E-02    3.60000E-02   -8.18324    28.7598    1.00000    2.63784E-03
   12    2.30769E-02    3.80000E-02   -11.7438    27.4609    1.00000    2.86510E-03
   12    2.30769E-02    4.00000E-02   -16.6585    27.2465    1.00000    2.67696E-03
   12    2.30769E-02    4.20000E-02   -23.5934    27.4622    1.00000    2.17100E-03
   12    2.30769E-02    4.40000E-02   -36.5016    26.6413    1.00000    1.41366E-03
   12    2.30769E-02    4.60000E-02   -47.8849    37.8277    1.00000    9.80891E-04
   12    2.30769E-02    4.80000E-02   -70.0019    58.4819    1.00000    6.60514E-04
   12    2.30769E-02    5.00000E-02   -135.074    115.250    1.00000    4.16448E-04
   12    2.69231E-02   -4.80000E-02   -18.0534    1.14797E-02    1.00000    2.00882E-11
   12    2.69231E-02   -4.60000E-02   -18.0661   -7.05867E-02    1.00000    2.52514E-08
   12    2.69231E-02   -4.40000E-02   -18.0316    3.95778E-02    1.00000    5.27029E-08
   12    2.69231E-02   -4.20000E-02   -17.2009    2.50460    1.00000    5.79075E-04
   12    2.69231E-02   -4.00000E-02   -14.2554    9.45252    1.00000    6.67105E-03
   12    2.69231E-02   -3.80000E-02   -14.2266    9.56159    1.00000    6.60285E-03
   12    2.69231E-02   -3.60000E-02   -14.2090    9.63164    1.00000    6.55216E-03
   12    2.69231E-02   -3.40000E-02   -14.1851    9.73267    1.00000    6.46875E-03
   12    2.69231E-02   -3.20000E-02   -9.92063    17.2525    1.00000    6.40807E-03
   12    2.69231E-02   -3.00000E-02   -9.80381    17.5008    1.00000    6.34375E-03
   12    2.69231E-02   -2.80000E-02   -9.68597    17.7512    1.00000    6.27532E-03
   12    2.69231E-02   -2.60000E-02   -9.50757    18.1302    1.00000    6.16573E-03
   12    2.69231E-02   -2.40000E-02   -9.38751    18.3853    1.00000    6.08809E-03
   12    2.69231E-02   -2.20000E-02   -9.26662    18.6422    1.00000    6.00697E-03
   12    2.69231E-02   -2.00000E-02   -9.14473    18.9012    1.00000    5.92224E-03
   12    2.69231E-02   -1.80000E-02   -9.02191    19.1622    1.00000    5.83413E-03
   12    2.69231E-02   -1.60000E-02   -8.89813    19.4252    1.00000    5.74273E-03
   12    2.69231E-02   -1.40000E-02   -8.77336    19.6903    1.00000    5.64798E-03
   12    2.69231E-02   -1.20000E-02   -8.64768    19.9573    1.00000    5.55028E-03
   12    2.69231E-02   -1.00000E-02   -8.52098    20.2265    1.00000    5.44944E-03
   12    2.69231E-02   -8.00000E-03   -8.39327    20.4979    1.00000    5.34565E-03
   12    2.69231E-02   -6.00000E-03   -8.26459    20.7713    1.00000    5.23914E-03
   12    2.69231E-02   -4.00000E-03   -8.13495    21.0468    1.00000    5.12997E-03
   12    2.69231E-02   -2.00000E-03   -8.06973    21.1854    1.00000    5.07443E-03
   12    2.69231E-02  0.   -7.93842    21.4644    1.00000    4.96129E-03
   12    2.69231E-02    2.00000E-03   -7.80616    21.7454    1.00000    4.84598E-03
   12    2.69231E-02    4.00000E-03   -7.88478    21.7166    1.00000    4.98624E-03
   12    2.69231E-02    6.00000E-03   -7.95669    21.6553    1.00000    5.09774E-03
   12    2.69231E-02    8.00000E-03   -7.95991    21.7398    1.00000    5.14666E-03
   12    2.69231E-02    1.00000E-02   -7.96096    21.8285    1.00000    5.19240E-03
   12    2.69231E-02    1.20000E-02   -8.02671    21.7789    1.00000    5.29856E-03
   12    2.69231E-02    1.40000E-02   -8.02349    21.8761    1.00000    5.33884E-03
   12    2.69231E-02    1.60000E-02   -8.08537    21.8338    1.00000    5.44147E-03
   12    2.69231E-02    1.80000E-02   -8.07805    21.9391    1.00000    5.47608E-03
   12    2.69231E-02    2.00000E-02   -8.13052    21.9605    1.00000    5.58962E-03
   12    2.69231E-02    2.20000E-02   -8.14400    22.0941    1.00000    5.19354E-03
   12    2.69231E-02    2.40000E-02   -6.97077    25.0387    1.00000    3.47378E-03
   12    2.69231E-02    2.60000E-02   -6.96969    26.2491    1.00000    3.11244E-03
   12    2.69231E-02    2.80000E-02   -7.03489    27.3315    1.00000    2.81092E-03
   12    2.69231E-02    3.00000E-02   -6.44909    29.4339    1.00000    2.27172E-03
   12    2.69231E-02    3.20000E-02   -6.76334    30.0128    1.00000    2.23080E-03
   12    2.69231E-02    3.40000E-02   -6.28457    31.8613    1.00000    1.82719E-03
   12    2.69231E-02    3.60000E-02   -6.62060    32.3873    1.00000    1.79197E-03
   12    2.69231E-02    3.80000E-02   -10.8402    30.5448    1.00000    2.44205E-03
   12    2.69231E-02    4.00000E-02   -16.5853    29.1750    1.00000    2.41823E-03
   12    2.69231E-02    4.20000E-02   -23.9150    29.1450    1.00000    2.00711E-03
   12    2.69231E-02    4.40000E-02   -36.7536    28.8518    1.00000    1.35362E-03
   12    2.69231E-02    4.60000E-02   -48.0607    40.9336    1.00000    9.85736E-04
   12    2.69231E-02    4.80000E-02   -70.9508    62.9880    1.00000    6.55178E-04
   12    2.69231E-02    5.00000E-02   -138.987    124.917    1.00000    3.92162E-04
   12    3.07692E-02   -4.80000E-02   -18.0651  -0.264137    1.00000    4.80600E-09
   12    3.07692E-02   -4.60000E-02   -18.0541   -7.79171E-03    1.00000    2.18589E-10
   12    3.07692E-02   -4.40000E-02   -18.0433   -2.27172E-03    1.00000    1.52276E-10
   12    3.07692E-02   -4.20000E-02   -17.7799   0.804241    1.00000    6.97187E-05
   12    3.07692E-02   -4.00000E-02   -14.4860    8.85776    1.00000    6.55737E-03
   12    3.07692E-02   -3.80000E-02   -14.3212    9.22114    1.00000    6.77928E-03
   12    3.07692E-02   -3.60000E-02   -14.2981    9.30014    1.00000    6.74742E-03
   12    3.07692E-02   -3.40000E-02   -14.2762    9.37723    1.00000    6.71128E-03
   12    3.07692E-02   -3.20000E-02   -14.2455    9.48940    1.00000    6.64939E-03
   12    3.07692E-02   -3.00000E-02   -14.2266    9.56159    1.00000    6.60285E-03
   12    3.07692E-02   -2.80000E-02   -14.2090    9.63164    1.00000    6.55216E-03
   12    3.07692E-02   -2.60000E-02   -14.1927    9.69956    1.00000    6.49755E-03
   12    3.07692E-02   -2.40000E-02   -9.97875    17.1290    1.00000    6.43890E-03
   12    3.07692E-02   -2.20000E-02   -9.80381    17.5008    1.00000    6.34375E-03
   12    3.07692E-02   -2.00000E-02   -9.68597    17.7512    1.00000    6.27532E-03
   12    3.07692E-02   -1.80000E-02   -9.56726    18.0034    1.00000    6.20322E-03
   12    3.07692E-02   -1.60000E-02   -9.44767    18.2575    1.00000    6.12739E-03
   12    3.07692E-02   -1.40000E-02   -9.32715    18.5136    1.00000    6.04797E-03
   12    3.07692E-02   -1.20000E-02   -9.26662    18.6422    1.00000    6.00697E-03
   12    3.07692E-02   -1.00000E-02   -9.14473    18.9012    1.00000    5.92224E-03
   12    3.07692E-02   -8.00000E-03   -9.02191    19.1622    1.00000    5.83413E-03
   12    3.07692E-02   -6.00000E-03   -8.89813    19.4252    1.00000    5.74273E-03
   12    3.07692E-02   -4.00000E-03   -8.77336    19.6903    1.00000    5.64798E-03
   12    3.07692E-02   -2.00000E-03   -8.64768    19.9573    1.00000    5.55028E-03
   12    3.07692E-02  0.   -8.58446    20.0917    1.00000    5.50023E-03
   12    3.07692E-02    2.00000E-03   -8.45730    20.3619    1.00000    5.39793E-03
   12    3.07692E-02    4.00000E-03   -8.32915    20.6342    1.00000    5.29287E-03
   12    3.07692E-02    6.00000E-03   -8.26459    20.7713    1.00000    5.23914E-03
   12    3.07692E-02    8.00000E-03   -8.13495    21.0468    1.00000    5.12997E-03
   12    3.07692E-02    1.00000E-02   -8.00421    21.3246    1.00000    5.01819E-03
   12    3.07692E-02    1.20000E-02   -7.93842    21.4644    1.00000    4.96129E-03
   12    3.07692E-02    1.40000E-02   -7.67715    22.0659    1.00000    4.75455E-03
   12    3.07692E-02    1.60000E-02   -6.57105    24.5111    1.00000    3.77033E-03
   12    3.07692E-02    1.80000E-02   -5.60737    26.6564    1.00000    2.90258E-03
   12    3.07692E-02    2.00000E-02   -4.81960    28.4298    1.00000    2.22790E-03
   12    3.07692E-02    2.20000E-02   -4.54211    29.6789    1.00000    1.75986E-03
   12    3.07692E-02    2.40000E-02   -4.64739    30.5972    1.00000    1.63407E-03
   12    3.07692E-02    2.60000E-02   -4.85049    31.3194    1.00000    1.56507E-03
   12    3.07692E-02    2.80000E-02   -4.41019    33.0868    1.00000    1.23039E-03
   12    3.07692E-02    3.00000E-02   -4.82565    33.4066    1.00000    1.29471E-03
   12    3.07692E-02    3.20000E-02   -5.17674    33.8709    1.00000    1.30585E-03
   12    3.07692E-02    3.40000E-02   -4.91775    35.2160    1.00000    1.11911E-03
   12    3.07692E-02    3.60000E-02   -5.30988    35.6312    1.00000    1.15039E-03
   12    3.07692E-02    3.80000E-02  -10.52326    32.7612    1.00000    2.08043E-03
   12    3.07692E-02    4.00000E-02   -15.8020    32.1017    1.00000    2.18977E-03
   12    3.07692E-02    4.20000E-02   -23.9439    31.1338    1.00000    1.85885E-03
   12    3.07692E-02    4.40000E-02   -36.0195    32.2139    1.00000    1.36455E-03
   12    3.07692E-02    4.60000E-02   -49.0882    43.7033    1.00000    9.17219E-04
   12    3.07692E-02    4.80000E-02   -72.5289    67.5848    1.00000    6.11674E-04
   12    3.07692E-02    5.00000E-02   -144.274    136.091    1.00000    3.91660E-04
