   6   -3.07692E-02   -4.80000E-02   -23.8198   -7.02051    1.00000    1.31043E-05
   6   -3.07692E-02   -4.60000E-02   -53.4873    6.44968    1.00000    1.45546E-05
   6   -3.07692E-02   -4.40000E-02    189.557   -76.0821    1.00000    3.54589E-04
   6   -3.07692E-02   -4.20000E-02    31.9859   -20.4015    1.00000    1.61474E-03
   6   -3.07692E-02   -4.00000E-02    17.6599   -11.6177    1.00000    4.27144E-03
   6   -3.07692E-02   -3.80000E-02    8.48207   -22.2038    1.00000    6.38513E-03
   6   -3.07692E-02   -3.60000E-02    8.07309   -23.2624    1.00000    5.97302E-03
   6   -3.07692E-02   -3.40000E-02    8.05024   -23.7796    1.00000    6.07948E-03
   6   -3.07692E-02   -3.20000E-02    7.97671   -24.4011    1.00000    6.09776E-03
   6   -3.07692E-02   -3.00000E-02    7.88615   -25.0132    1.00000    6.06196E-03
   6   -3.07692E-02   -2.80000E-02    7.75593   -25.7090    1.00000    5.95490E-03
   6   -3.07692E-02   -2.60000E-02    7.52635   -26.5442    1.00000    5.69132E-03
   6   -3.07692E-02   -2.40000E-02    7.36907   -27.2557    1.00000    5.51481E-03
   6   -3.07692E-02   -2.20000E-02    7.13193   -28.0678    1.00000    5.22005E-03
   6   -3.07692E-02   -2.00000E-02    6.96843   -28.7507    1.00000    5.01885E-03
   6   -3.07692E-02   -1.80000E-02    6.69083   -29.6554    1.00000    4.66701E-03
   6   -3.07692E-02   -1.60000E-02    6.46505   -30.4412    1.00000    4.38322E-03
   6   -3.07692E-02   -1.40000E-02    6.20558   -31.2675    1.00000    4.06130E-03
   6   -3.07692E-02   -1.20000E-02    5.93171   -32.1282    1.00000    3.72918E-03
   6   -3.07692E-02   -1.00000E-02    5.71597   -32.8535    1.00000    3.47298E-03
   6   -3.07692E-02   -8.00000E-03    5.47703   -33.5968    1.00000    3.19802E-03
   6   -3.07692E-02   -6.00000E-03    5.16221   -34.5558    1.00000    2.84991E-03
   6   -3.07692E-02   -4.00000E-03    4.90071   -35.3540    1.00000    2.57342E-03
   6   -3.07692E-02   -2.00000E-03    4.62874   -36.1778    1.00000    2.29912E-03
   6   -3.07692E-02  0.    4.41862   -36.8197    1.00000    2.09658E-03
   6   -3.07692E-02    2.00000E-03    4.12758   -37.6904    1.00000    1.83077E-03
   6   -3.07692E-02    4.00000E-03    3.90220   -38.3698    1.00000    1.63646E-03
   6   -3.07692E-02    6.00000E-03    3.59154   -39.2894    1.00000    1.38615E-03
   6   -3.07692E-02    8.00000E-03    3.35046   -40.0077    1.00000    1.20570E-03
   6   -3.07692E-02    1.00000E-02    3.10228   -40.7438    1.00000    1.03292E-03
   6   -3.07692E-02    1.20000E-02    2.85231   -41.4515    1.00000    8.72772E-04
   6   -3.07692E-02    1.40000E-02    2.59106   -42.2206    1.00000    7.19300E-04
   6   -3.07692E-02    1.60000E-02    2.32239   -43.0084    1.00000    5.76982E-04
   6   -3.07692E-02    1.80000E-02    2.05516   -43.7609    1.00000    4.51295E-04
   6   -3.07692E-02    2.00000E-02    1.77276   -44.5839    1.00000    3.35104E-04
   6   -3.07692E-02    2.20000E-02    1.57648   -45.1632    1.00000    2.64553E-04
   6   -3.07692E-02    2.40000E-02    1.63531   -45.4406    1.00000    2.68376E-04
   6   -3.07692E-02    2.60000E-02    1.63703   -45.8039    1.00000    2.55929E-04
   6   -3.07692E-02    2.80000E-02    2.08036   -45.3824    1.00000    3.71234E-04
   6   -3.07692E-02    3.00000E-02    2.08743   -45.7376    1.00000    3.55348E-04
   6   -3.07692E-02    3.20000E-02    2.18443   -45.8644    1.00000    3.69943E-04
   6   -3.07692E-02    3.40000E-02    2.56436   -45.5816    1.00000    4.56911E-04
   6   -3.07692E-02    3.60000E-02    2.67033   -45.6824    1.00000    4.70650E-04
   6   -3.07692E-02    3.80000E-02    4.08530   -43.3376    1.00000    8.42161E-04
   6   -3.07692E-02    4.00000E-02    6.09298   -39.2360    1.00000    1.28276E-03
   6   -3.07692E-02    4.20000E-02    7.78081   -35.2572    1.00000    1.45427E-03
   6   -3.07692E-02    4.40000E-02    9.34019   -31.0260    1.00000    1.28209E-03
   6   -3.07692E-02    4.60000E-02    9.91833   -29.1278    1.00000    8.64140E-04
   6   -3.07692E-02    4.80000E-02    11.2056   -25.4431    1.00000    6.09185E-04
   6   -3.07692E-02    5.00000E-02    16.2438   -9.17999    1.00000    4.93758E-04
   6   -2.69231E-02   -4.80000E-02   -25.7319   -4.79437    1.00000    6.38881E-06
   6   -2.69231E-02   -4.60000E-02   -61.8342    9.58561    1.00000    2.54318E-05
   6   -2.69231E-02   -4.40000E-02    130.901   -53.3659    1.00000    4.23469E-04
   6   -2.69231E-02   -4.20000E-02    30.0086   -18.1873    1.00000    1.78544E-03
   6   -2.69231E-02   -4.00000E-02    17.2980   -9.60558    1.00000    4.52179E-03
   6   -2.69231E-02   -3.80000E-02    9.57773   -19.1156    1.00000    7.12716E-03
   6   -2.69231E-02   -3.60000E-02    8.09057   -21.7328    1.00000    5.40348E-03
   6   -2.69231E-02   -3.40000E-02    7.66932   -22.8135    1.00000    5.06633E-03
   6   -2.69231E-02   -3.20000E-02    7.89974   -22.9428    1.00000    5.54407E-03
   6   -2.69231E-02   -3.00000E-02    7.98878   -23.3166    1.00000    5.83481E-03
   6   -2.69231E-02   -2.80000E-02    8.02675   -23.7465    1.00000    6.02861E-03
   6   -2.69231E-02   -2.60000E-02    7.96228   -24.3497    1.00000    6.06163E-03
   6   -2.69231E-02   -2.40000E-02    7.87968   -24.9456    1.00000    6.03925E-03
   6   -2.69231E-02   -2.20000E-02    7.72276   -25.6617    1.00000    5.89515E-03
   6   -2.69231E-02   -2.00000E-02    7.60356   -26.2910    1.00000    5.78434E-03
   6   -2.69231E-02   -1.80000E-02    7.35495   -27.1690    1.00000    5.48753E-03
   6   -2.69231E-02   -1.60000E-02    7.22175   -27.7856    1.00000    5.33357E-03
   6   -2.69231E-02   -1.40000E-02    6.99392   -28.6153    1.00000    5.04961E-03
   6   -2.69231E-02   -1.20000E-02    6.79227   -29.3460    1.00000    4.79568E-03
   6   -2.69231E-02   -1.00000E-02    6.48265   -30.2870    1.00000    4.40513E-03
   6   -2.69231E-02   -8.00000E-03    6.24591   -31.0990    1.00000    4.11128E-03
   6   -2.69231E-02   -6.00000E-03    6.04858   -31.7816    1.00000    3.86954E-03
   6   -2.69231E-02   -4.00000E-03    5.76521   -32.6648    1.00000    3.53143E-03
   6   -2.69231E-02   -2.00000E-03    5.54024   -33.4118    1.00000    3.26963E-03
   6   -2.69231E-02  0.    5.21978   -34.3478    1.00000    2.91323E-03
   6   -2.69231E-02    2.00000E-03    4.96206   -35.1371    1.00000    2.63805E-03
   6   -2.69231E-02    4.00000E-03    4.69393   -35.9518    1.00000    2.36444E-03
   6   -2.69231E-02    6.00000E-03    4.49054   -36.6129    1.00000    2.16459E-03
   6   -2.69231E-02    8.00000E-03    4.20182   -37.4778    1.00000    1.89673E-03
   6   -2.69231E-02    1.00000E-02    3.90183   -38.3362    1.00000    1.63700E-03
   6   -2.69231E-02    1.20000E-02    3.66996   -39.0661    1.00000    1.44724E-03
   6   -2.69231E-02    1.40000E-02    3.43075   -39.7797    1.00000    1.26420E-03
   6   -2.69231E-02    1.60000E-02    3.10628   -40.7006    1.00000    1.03615E-03
   6   -2.69231E-02    1.80000E-02    2.85231   -41.4515    1.00000    8.72772E-04
   6   -2.69231E-02    2.00000E-02    2.59106   -42.2206    1.00000    7.19300E-04
   6   -2.69231E-02    2.20000E-02    2.32998   -42.9572    1.00000    5.81094E-04
   6   -2.69231E-02    2.40000E-02    2.38976   -43.2397    1.00000    5.76378E-04
   6   -2.69231E-02    2.60000E-02    2.39385   -43.6061    1.00000    5.50492E-04
   6   -2.69231E-02    2.80000E-02    2.40539   -43.9257    1.00000    5.29137E-04
   6   -2.69231E-02    3.00000E-02    2.76115   -43.7170    1.00000    6.25860E-04
   6   -2.69231E-02    3.20000E-02    2.86440   -43.8056    1.00000    6.40683E-04
   6   -2.69231E-02    3.40000E-02    3.24332   -43.4796    1.00000    7.36638E-04
   6   -2.69231E-02    3.60000E-02    3.26428   -43.7831    1.00000    7.08984E-04
   6   -2.69231E-02    3.80000E-02    4.63549   -41.4515    1.00000    1.09282E-03
   6   -2.69231E-02    4.00000E-02    6.27946   -38.1619    1.00000    1.44282E-03
   6   -2.69231E-02    4.20000E-02    8.04440   -34.0133    1.00000    1.55282E-03
   6   -2.69231E-02    4.40000E-02    9.24959   -30.7563    1.00000    1.35108E-03
   6   -2.69231E-02    4.60000E-02    9.77920   -28.9713    1.00000    8.11314E-04
   6   -2.69231E-02    4.80000E-02    11.7083   -23.6087    1.00000    6.51240E-04
   6   -2.69231E-02    5.00000E-02    16.2182   -9.19441    1.00000    5.21601E-04
   6   -2.30769E-02   -4.80000E-02   -27.5751   -2.69652    1.00000    1.77475E-06
   6   -2.30769E-02   -4.60000E-02   -71.8726    13.7536    1.00000    4.21576E-05
   6   -2.30769E-02   -4.40000E-02   103.4917   -42.6514    1.00000    4.81294E-04
   6   -2.30769E-02   -4.20000E-02    28.5235   -16.2025    1.00000    1.90475E-03
   6   -2.30769E-02   -4.00000E-02    16.9151   -7.82555    1.00000    4.67268E-03
   6   -2.30769E-02   -3.80000E-02    13.9275  -10.38324    1.00000    7.25979E-03
   6   -2.30769E-02   -3.60000E-02    9.91662   -17.7021    1.00000    6.83722E-03
   6   -2.30769E-02   -3.40000E-02    9.18754   -19.2575    1.00000    6.30109E-03
   6   -2.30769E-02   -3.20000E-02    8.42340   -20.8875    1.00000    5.64386E-03
   6   -2.30769E-02   -3.00000E-02    7.75820   -22.3064    1.00000    5.02103E-03
   6   -2.30769E-02   -2.80000E-02    7.53078   -23.1099    1.00000    4.92586E-03
   6   -2.30769E-02   -2.60000E-02    7.83049   -23.0920    1.00000    5.46851E-03
   6   -2.30769E-02   -2.40000E-02    7.91947   -23.4669    1.00000    5.75456E-03
   6   -2.30769E-02   -2.20000E-02    7.95751   -23.8978    1.00000    5.94477E-03
   6   -2.30769E-02   -2.00000E-02    7.91972   -24.4015    1.00000    5.99929E-03
   6   -2.30769E-02   -1.80000E-02    7.77142   -25.1441    1.00000    5.89361E-03
   6   -2.30769E-02   -1.60000E-02    7.72276   -25.6617    1.00000    5.89515E-03
   6   -2.30769E-02   -1.40000E-02    7.53381   -26.4474    1.00000    5.69294E-03
   6   -2.30769E-02   -1.20000E-02    7.35495   -27.1690    1.00000    5.48753E-03
   6   -2.30769E-02   -1.00000E-02    7.15140   -27.9452    1.00000    5.24157E-03
   6   -2.30769E-02   -8.00000E-03    6.97087   -28.6292    1.00000    5.01842E-03
   6   -2.30769E-02   -6.00000E-03    6.72150   -29.5084    1.00000    4.70507E-03
   6   -2.30769E-02   -4.00000E-03    6.48265   -30.2870    1.00000    4.40513E-03
   6   -2.30769E-02   -2.00000E-03    6.24591   -31.0990    1.00000    4.11128E-03
   6   -2.30769E-02  0.    5.97646   -31.9495    1.00000    3.78344E-03
   6   -2.30769E-02    2.00000E-03    5.76521   -32.6648    1.00000    3.53143E-03
   6   -2.30769E-02    4.00000E-03    5.46716   -33.5836    1.00000    3.18797E-03
   6   -2.30769E-02    6.00000E-03    5.21978   -34.3478    1.00000    2.91323E-03
   6   -2.30769E-02    8.00000E-03    4.96869   -35.1572    1.00000    2.64384E-03
   6   -2.30769E-02    1.00000E-02    4.69895   -35.9754    1.00000    2.36834E-03
   6   -2.30769E-02    1.20000E-02    4.41862   -36.8197    1.00000    2.09658E-03
   6   -2.30769E-02    1.40000E-02    4.12584   -37.6598    1.00000    1.83015E-03
   6   -2.30769E-02    1.60000E-02    3.90220   -38.3698    1.00000    1.63646E-03
   6   -2.30769E-02    1.80000E-02    3.59277   -39.2523    1.00000    1.38783E-03
   6   -2.30769E-02    2.00000E-02    3.35046   -40.0077    1.00000    1.20570E-03
   6   -2.30769E-02    2.20000E-02    3.10228   -40.7438    1.00000    1.03292E-03
   6   -2.30769E-02    2.40000E-02    2.84693   -41.4977    1.00000    8.68993E-04
   6   -2.30769E-02    2.60000E-02    3.10924   -41.4841    1.00000    9.32886E-04
   6   -2.30769E-02    2.80000E-02    3.12490   -41.8043    1.00000    8.97250E-04
   6   -2.30769E-02    3.00000E-02    3.40101   -41.7153    1.00000    9.55321E-04
   6   -2.30769E-02    3.20000E-02    3.42122   -42.0330    1.00000    9.19494E-04
   6   -2.30769E-02    3.40000E-02    3.79276   -41.7241    1.00000    1.01329E-03
   6   -2.30769E-02    3.60000E-02    3.81912   -41.9921    1.00000    9.76785E-04
   6   -2.30769E-02    3.80000E-02    4.85272   -40.2959    1.00000    1.26619E-03
   6   -2.30769E-02    4.00000E-02    6.70620   -36.5081    1.00000    1.65118E-03
   6   -2.30769E-02    4.20000E-02    8.32121   -32.6731    1.00000    1.67874E-03
   6   -2.30769E-02    4.40000E-02    9.32830   -29.9944    1.00000    1.35465E-03
   6   -2.30769E-02    4.60000E-02    9.64336   -28.8733    1.00000    8.51973E-04
   6   -2.30769E-02    4.80000E-02    11.5409   -23.7047    1.00000    6.87500E-04
   6   -2.30769E-02    5.00000E-02    16.3163   -8.67212    1.00000    5.15472E-04
   6   -1.92308E-02   -4.80000E-02   -29.2259   -1.10121    1.00000    2.93040E-07
   6   -1.92308E-02   -4.60000E-02   -82.0759    17.2573    1.00000    5.38361E-05
   6   -1.92308E-02   -4.40000E-02    88.2149   -35.7879    1.00000    5.18131E-04
   6   -1.92308E-02   -4.20000E-02    27.5745   -14.2537    1.00000    2.01119E-03
   6   -1.92308E-02   -4.00000E-02    15.6217   -8.20839    1.00000    5.01344E-03
   6   -1.92308E-02   -3.80000E-02    13.7396   -10.8722    1.00000    8.43690E-03
   6   -1.92308E-02   -3.60000E-02    13.7241   -10.9195    1.00000    8.49887E-03
   6   -1.92308E-02   -3.40000E-02    13.7241   -10.9195    1.00000    8.49887E-03
   6   -1.92308E-02   -3.20000E-02    11.2142   -15.5953    1.00000    8.26685E-03
   6   -1.92308E-02   -3.00000E-02   10.53522   -17.0564    1.00000    7.87961E-03
   6   -1.92308E-02   -2.80000E-02    9.82280   -18.5886    1.00000    7.33856E-03
   6   -1.92308E-02   -2.60000E-02    9.20238   -19.9225    1.00000    6.78311E-03
   6   -1.92308E-02   -2.40000E-02    8.61357   -21.2316    1.00000    6.22635E-03
   6   -1.92308E-02   -2.20000E-02    7.94164   -22.6762    1.00000    5.52343E-03
   6   -1.92308E-02   -2.00000E-02    7.79360   -23.3035    1.00000    5.47302E-03
   6   -1.92308E-02   -1.80000E-02    7.81391   -23.7825    1.00000    5.65726E-03
   6   -1.92308E-02   -1.60000E-02    7.91150   -24.0830    1.00000    5.91046E-03
   6   -1.92308E-02   -1.40000E-02    7.79559   -24.7582    1.00000    5.86173E-03
   6   -1.92308E-02   -1.20000E-02    7.70888   -25.3651    1.00000    5.82763E-03
   6   -1.92308E-02   -1.00000E-02    7.65249   -25.8995    1.00000    5.81476E-03
   6   -1.92308E-02   -8.00000E-03    7.42499   -26.7316    1.00000    5.55476E-03
   6   -1.92308E-02   -6.00000E-03    7.27120   -27.4374    1.00000    5.38368E-03
   6   -1.92308E-02   -4.00000E-03    7.13193   -28.0678    1.00000    5.22005E-03
   6   -1.92308E-02   -2.00000E-03    6.87536   -28.9248    1.00000    4.89740E-03
   6   -1.92308E-02  0.    6.67083   -29.6631    1.00000    4.64109E-03
   6   -1.92308E-02    2.00000E-03    6.44755   -30.4439    1.00000    4.36139E-03
   6   -1.92308E-02    4.00000E-03    6.19000   -31.2662    1.00000    4.04268E-03
   6   -1.92308E-02    6.00000E-03    5.93171   -32.1282    1.00000    3.72918E-03
   6   -1.92308E-02    8.00000E-03    5.64327   -33.0239    1.00000    3.38973E-03
   6   -1.92308E-02    1.00000E-02    5.40389   -33.7688    1.00000    3.11704E-03
   6   -1.92308E-02    1.20000E-02    5.16221   -34.5558    1.00000    2.84991E-03
   6   -1.92308E-02    1.40000E-02    4.90071   -35.3540    1.00000    2.57342E-03
   6   -1.92308E-02    1.60000E-02    4.62874   -36.1778    1.00000    2.29912E-03
   6   -1.92308E-02    1.80000E-02    4.34618   -37.0278    1.00000    2.02910E-03
   6   -1.92308E-02    2.00000E-02    4.05286   -37.9044    1.00000    1.76549E-03
   6   -1.92308E-02    2.20000E-02    3.74853   -38.8083    1.00000    1.51053E-03
   6   -1.92308E-02    2.40000E-02    3.51259   -39.5141    1.00000    1.32593E-03
   6   -1.92308E-02    2.60000E-02    3.77469   -39.4912    1.00000    1.37843E-03
   6   -1.92308E-02    2.80000E-02    3.71984   -39.9643    1.00000    1.27606E-03
   6   -1.92308E-02    3.00000E-02    4.07468   -39.6705    1.00000    1.37596E-03
   6   -1.92308E-02    3.20000E-02    4.02096   -40.1535    1.00000    1.27570E-03
   6   -1.92308E-02    3.40000E-02    4.10844   -40.3424    1.00000    1.25390E-03
   6   -1.92308E-02    3.60000E-02    4.42392   -40.0747    1.00000    1.31711E-03
   6   -1.92308E-02    3.80000E-02    5.33413   -38.6275    1.00000    1.53663E-03
   6   -1.92308E-02    4.00000E-02    7.11444   -34.9661    1.00000    1.86024E-03
   6   -1.92308E-02    4.20000E-02    8.31662   -32.2043    1.00000    1.77057E-03
   6   -1.92308E-02    4.40000E-02    9.46706   -29.0394    1.00000    1.37012E-03
   6   -1.92308E-02    4.60000E-02    9.43924   -28.9185    1.00000    7.84821E-04
   6   -1.92308E-02    4.80000E-02    12.0107   -22.0194    1.00000    7.25006E-04
   6   -1.92308E-02    5.00000E-02    16.3696   -8.22795    1.00000    5.12537E-04
   6   -1.53846E-02   -5.00000E-02   -18.6636   0.393121    1.00000    3.94553E-12
   6   -1.53846E-02   -4.80000E-02   -30.8075    1.13731    1.00000    3.03979E-07
   6   -1.53846E-02   -4.60000E-02   -93.5148    21.6169    1.00000    7.07142E-05
   6   -1.53846E-02   -4.40000E-02    78.2930   -31.3601    1.00000    5.72016E-04
   6   -1.53846E-02   -4.20000E-02    26.8069   -12.4261    1.00000    2.05395E-03
   6   -1.53846E-02   -4.00000E-02    11.8719   -14.9778    1.00000    8.57019E-03
   6   -1.53846E-02   -3.80000E-02    11.7201   -15.1283    1.00000    9.17229E-03
   6   -1.53846E-02   -3.60000E-02    11.7201   -15.1283    1.00000    9.17229E-03
   6   -1.53846E-02   -3.40000E-02    11.7201   -15.1283    1.00000    9.17229E-03
   6   -1.53846E-02   -3.20000E-02    11.7201   -15.1283    1.00000    9.17229E-03
   6   -1.53846E-02   -3.00000E-02    11.7730   -15.0130    1.00000    9.19398E-03
   6   -1.53846E-02   -2.80000E-02    11.7730   -15.0130    1.00000    9.19398E-03
   6   -1.53846E-02   -2.60000E-02    11.5600   -15.4770    1.00000    9.09992E-03
   6   -1.53846E-02   -2.40000E-02    10.9979   -16.7393    1.00000    8.80526E-03
   6   -1.53846E-02   -2.20000E-02   10.36598   -18.1137    1.00000    8.31425E-03
   6   -1.53846E-02   -2.00000E-02    9.70344   -19.5532    1.00000    7.69731E-03
   6   -1.53846E-02   -1.80000E-02    9.13749   -20.7819    1.00000    7.11023E-03
   6   -1.53846E-02   -1.60000E-02    8.54891   -22.0588    1.00000    6.46063E-03
   6   -1.53846E-02   -1.40000E-02    8.00595   -23.2363    1.00000    5.84096E-03
   6   -1.53846E-02   -1.20000E-02    7.80657   -23.9707    1.00000    5.69621E-03
   6   -1.53846E-02   -1.00000E-02    7.81411   -24.4654    1.00000    5.83100E-03
   6   -1.53846E-02   -8.00000E-03    7.75172   -25.0218    1.00000    5.83883E-03
   6   -1.53846E-02   -6.00000E-03    7.64897   -25.6626    1.00000    5.77623E-03
   6   -1.53846E-02   -4.00000E-03    7.54392   -26.2635    1.00000    5.68837E-03
   6   -1.53846E-02   -2.00000E-03    7.33697   -27.0899    1.00000    5.45436E-03
   6   -1.53846E-02  0.    7.21301   -27.6876    1.00000    5.31536E-03
   6   -1.53846E-02    2.00000E-03    6.99408   -28.4985    1.00000    5.04571E-03
   6   -1.53846E-02    4.00000E-03    6.72895   -29.3757    1.00000    4.71249E-03
   6   -1.53846E-02    6.00000E-03    6.51614   -30.1335    1.00000    4.44674E-03
   6   -1.53846E-02    8.00000E-03    6.28466   -30.9339    1.00000    4.15928E-03
   6   -1.53846E-02    1.00000E-02    6.01962   -31.7743    1.00000    3.83592E-03
   6   -1.53846E-02    1.20000E-02    5.75292   -32.6567    1.00000    3.51797E-03
   6   -1.53846E-02    1.40000E-02    5.53010   -33.3993    1.00000    3.25917E-03
   6   -1.53846E-02    1.60000E-02    5.28481   -34.1582    1.00000    2.98421E-03
   6   -1.53846E-02    1.80000E-02    4.96206   -35.1371    1.00000    2.63805E-03
   6   -1.53846E-02    2.00000E-02    4.69393   -35.9518    1.00000    2.36444E-03
   6   -1.53846E-02    2.20000E-02    4.41527   -36.7925    1.00000    2.09445E-03
   6   -1.53846E-02    2.40000E-02    4.12584   -37.6598    1.00000    1.83015E-03
   6   -1.53846E-02    2.60000E-02    4.38931   -37.5918    1.00000    1.86585E-03
   6   -1.53846E-02    2.80000E-02    4.34781   -38.0461    1.00000    1.74575E-03
   6   -1.53846E-02    3.00000E-02    4.61771   -37.9226    1.00000    1.77119E-03
   6   -1.53846E-02    3.20000E-02    4.66027   -38.1793    1.00000    1.71734E-03
   6   -1.53846E-02    3.40000E-02    4.67142   -38.5400    1.00000    1.62604E-03
   6   -1.53846E-02    3.60000E-02    4.98281   -38.2430    1.00000    1.67669E-03
   6   -1.53846E-02    3.80000E-02    5.86591   -36.8287    1.00000    1.86285E-03
   6   -1.53846E-02    4.00000E-02    7.46011   -33.5542    1.00000    2.04284E-03
   6   -1.53846E-02    4.20000E-02    8.54709   -31.0230    1.00000    1.85562E-03
   6   -1.53846E-02    4.40000E-02    9.36091   -28.7315    1.00000    1.33095E-03
   6   -1.53846E-02    4.60000E-02    9.16855   -29.1596    1.00000    7.08215E-04
   6   -1.53846E-02    4.80000E-02    15.7801  -10.17680    1.00000    7.38092E-04
   6   -1.53846E-02    5.00000E-02    16.4822   -7.66850    1.00000    4.93137E-04
   6   -1.15385E-02   -5.00000E-02   -19.1455   -3.40129    1.00000    9.72845E-09
   6   -1.15385E-02   -4.80000E-02   -31.9101    2.11760    1.00000    8.92698E-07
   6   -1.15385E-02   -4.60000E-02  -103.8662    25.1270    1.00000    7.51523E-05
   6   -1.15385E-02   -4.40000E-02    72.1084   -28.4260    1.00000    6.05370E-04
   6   -1.15385E-02   -4.20000E-02    26.6571  -10.14599    1.00000    1.84676E-03
   6   -1.15385E-02   -4.00000E-02    11.4569   -16.3024    1.00000    9.57606E-03
   6   -1.15385E-02   -3.80000E-02    11.4569   -16.3024    1.00000    9.57606E-03
   6   -1.15385E-02   -3.60000E-02    11.4569   -16.3024    1.00000    9.57606E-03
   6   -1.15385E-02   -3.40000E-02    11.4899   -16.2662    1.00000    9.62515E-03
   6   -1.15385E-02   -3.20000E-02    11.4899   -16.2662    1.00000    9.62515E-03
   6   -1.15385E-02   -3.00000E-02    11.4899   -16.2662    1.00000    9.62515E-03
   6   -1.15385E-02   -2.80000E-02    11.4899   -16.2662    1.00000    9.62515E-03
   6   -1.15385E-02   -2.60000E-02    11.4899   -16.2662    1.00000    9.62515E-03
   6   -1.15385E-02   -2.40000E-02    11.4899   -16.2662    1.00000    9.62515E-03
   6   -1.15385E-02   -2.20000E-02    11.4899   -16.2662    1.00000    9.62515E-03
   6   -1.15385E-02   -2.00000E-02    11.4899   -16.2662    1.00000    9.62515E-03
   6   -1.15385E-02   -1.80000E-02    11.1671   -16.9784    1.00000    9.40526E-03
   6   -1.15385E-02   -1.60000E-02    10.6085   -18.2090    1.00000    8.94480E-03
   6   -1.15385E-02   -1.40000E-02   10.06146   -19.4508    1.00000    8.43498E-03
   6   -1.15385E-02   -1.20000E-02    9.51303   -20.6559    1.00000    7.84195E-03
   6   -1.15385E-02   -1.00000E-02    9.00590   -21.7690    1.00000    7.25665E-03
   6   -1.15385E-02   -8.00000E-03    8.41247   -23.0701    1.00000    6.54384E-03
   6   -1.15385E-02   -6.00000E-03    7.93349   -24.1194    1.00000    5.95810E-03
   6   -1.15385E-02   -4.00000E-03    7.75293   -24.8102    1.00000    5.79989E-03
   6   -1.15385E-02   -2.00000E-03    7.70888   -25.3651    1.00000    5.82763E-03
   6   -1.15385E-02  0.    7.54757   -26.0928    1.00000    5.67335E-03
   6   -1.15385E-02    2.00000E-03    7.42499   -26.7316    1.00000    5.55476E-03
   6   -1.15385E-02    4.00000E-03    7.27120   -27.4374    1.00000    5.38368E-03
   6   -1.15385E-02    6.00000E-03    7.06133   -28.2282    1.00000    5.12807E-03
   6   -1.15385E-02    8.00000E-03    6.80426   -29.0871    1.00000    4.80600E-03
   6   -1.15385E-02    1.00000E-02    6.61969   -29.8188    1.00000    4.57663E-03
   6   -1.15385E-02    1.20000E-02    6.39368   -30.6061    1.00000    4.29427E-03
   6   -1.15385E-02    1.40000E-02    6.13366   -31.4344    1.00000    3.97393E-03
   6   -1.15385E-02    1.60000E-02    5.87257   -32.3032    1.00000    3.65883E-03
   6   -1.15385E-02    1.80000E-02    5.58154   -33.2053    1.00000    3.31883E-03
   6   -1.15385E-02    2.00000E-02    5.34934   -33.9699    1.00000    3.05532E-03
   6   -1.15385E-02    2.20000E-02    5.02184   -34.9236    1.00000    2.70169E-03
   6   -1.15385E-02    2.40000E-02    4.76336   -35.7513    1.00000    2.43373E-03
   6   -1.15385E-02    2.60000E-02    4.95059   -35.8252    1.00000    2.37133E-03
   6   -1.15385E-02    2.80000E-02    4.92144   -36.2287    1.00000    2.23648E-03
   6   -1.15385E-02    3.00000E-02    4.94340   -36.5683    1.00000    2.12963E-03
   6   -1.15385E-02    3.20000E-02    5.16645   -36.5080    1.00000    2.11288E-03
   6   -1.15385E-02    3.40000E-02    5.19187   -36.8507    1.00000    2.01093E-03
   6   -1.15385E-02    3.60000E-02    5.41332   -36.7486    1.00000    1.98265E-03
   6   -1.15385E-02    3.80000E-02    6.27052   -35.3767    1.00000    2.13004E-03
   6   -1.15385E-02    4.00000E-02    7.46597   -32.9202    1.00000    2.18056E-03
   6   -1.15385E-02    4.20000E-02    8.68016   -30.0667    1.00000    1.89122E-03
   6   -1.15385E-02    4.40000E-02    9.32673   -28.2327    1.00000    1.28446E-03
   6   -1.15385E-02    4.60000E-02    9.83047   -26.9659    1.00000    8.19518E-04
   6   -1.15385E-02    4.80000E-02    15.7385  -10.11487    1.00000    7.80053E-04
   6   -1.15385E-02    5.00000E-02    16.6088   -7.03135    1.00000    4.59782E-04
   6   -7.69231E-03   -5.00000E-02   -19.5038   -2.75465    1.00000    1.29827E-08
   6   -7.69231E-03   -4.80000E-02   -32.9689    3.90705    1.00000    3.09154E-06
   6   -7.69231E-03   -4.60000E-02   -116.815    31.8613    1.00000    1.00671E-04
   6   -7.69231E-03   -4.40000E-02    68.4058   -25.8794    1.00000    6.08918E-04
   6   -7.69231E-03   -4.20000E-02    26.9397   -7.33466    1.00000    1.35109E-03
   6   -7.69231E-03   -4.00000E-02    11.0579   -17.8016    1.00000    9.67652E-03
   6   -7.69231E-03   -3.80000E-02    11.0579   -17.8016    1.00000    9.67652E-03
   6   -7.69231E-03   -3.60000E-02    11.0579   -17.8016    1.00000    9.67652E-03
   6   -7.69231E-03   -3.40000E-02    11.0843   -17.7779    1.00000    9.71692E-03
   6   -7.69231E-03   -3.20000E-02    11.0843   -17.7779    1.00000    9.71692E-03
   6   -7.69231E-03   -3.00000E-02    11.0843   -17.7779    1.00000    9.71692E-03
   6   -7.69231E-03   -2.80000E-02    11.0843   -17.7779    1.00000    9.71692E-03
   6   -7.69231E-03   -2.60000E-02    11.0843   -17.7779    1.00000    9.71692E-03
   6   -7.69231E-03   -2.40000E-02    11.0843   -17.7779    1.00000    9.71692E-03
   6   -7.69231E-03   -2.20000E-02    11.0843   -17.7779    1.00000    9.71692E-03
   6   -7.69231E-03   -2.00000E-02    11.0843   -17.7779    1.00000    9.71692E-03
   6   -7.69231E-03   -1.80000E-02    11.1375   -17.6587    1.00000    9.76095E-03
   6   -7.69231E-03   -1.60000E-02    11.1375   -17.6587    1.00000    9.76095E-03
   6   -7.69231E-03   -1.40000E-02    11.1375   -17.6587    1.00000    9.76095E-03
   6   -7.69231E-03   -1.20000E-02    11.1375   -17.6587    1.00000    9.76095E-03
   6   -7.69231E-03   -1.00000E-02    10.7590   -18.5055    1.00000    9.42785E-03
   6   -7.69231E-03   -8.00000E-03   10.19426   -19.7661    1.00000    8.85668E-03
   6   -7.69231E-03   -6.00000E-03    9.72142   -20.8190    1.00000    8.32610E-03
   6   -7.69231E-03   -4.00000E-03    9.20031   -22.0161    1.00000    7.71366E-03
   6   -7.69231E-03   -2.00000E-03    8.75288   -23.0098    1.00000    7.15483E-03
   6   -7.69231E-03  0.    8.22223   -24.1867    1.00000    6.47831E-03
   6   -7.69231E-03    2.00000E-03    7.74033   -25.2542    1.00000    5.86098E-03
   6   -7.69231E-03    4.00000E-03    7.51082   -26.0518    1.00000    5.60994E-03
   6   -7.69231E-03    6.00000E-03    7.39866   -26.6694    1.00000    5.50832E-03
   6   -7.69231E-03    8.00000E-03    7.25522   -27.3539    1.00000    5.35410E-03
   6   -7.69231E-03    1.00000E-02    7.08075   -28.1055    1.00000    5.14947E-03
   6   -7.69231E-03    1.20000E-02    6.82872   -28.9533    1.00000    4.83507E-03
   6   -7.69231E-03    1.40000E-02    6.65025   -29.6719    1.00000    4.61439E-03
   6   -7.69231E-03    1.60000E-02    6.35762   -30.6133    1.00000    4.24953E-03
   6   -7.69231E-03    1.80000E-02    6.11781   -31.4336    1.00000    3.95511E-03
   6   -7.69231E-03    2.00000E-02    5.85918   -32.2973    1.00000    3.64374E-03
   6   -7.69231E-03    2.20000E-02    5.64327   -33.0239    1.00000    3.38973E-03
   6   -7.69231E-03    2.40000E-02    5.34002   -33.9555    1.00000    3.04608E-03
   6   -7.69231E-03    2.60000E-02    5.53582   -34.0045    1.00000    2.95320E-03
   6   -7.69231E-03    2.80000E-02    5.44180   -34.5440    1.00000    2.72836E-03
   6   -7.69231E-03    3.00000E-02    5.48368   -34.8529    1.00000    2.61517E-03
   6   -7.69231E-03    3.20000E-02    5.70527   -34.7581    1.00000    2.57238E-03
   6   -7.69231E-03    3.40000E-02    5.65891   -35.2594    1.00000    2.38834E-03
   6   -7.69231E-03    3.60000E-02    5.88650   -35.1466    1.00000    2.34356E-03
   6   -7.69231E-03    3.80000E-02    6.41396   -34.4090    1.00000    2.36897E-03
   6   -7.69231E-03    4.00000E-02    7.74926   -31.7049    1.00000    2.33800E-03
   6   -7.69231E-03    4.20000E-02    8.81430   -29.1668    1.00000    1.92275E-03
   6   -7.69231E-03    4.40000E-02    9.14043   -28.1609    1.00000    1.31459E-03
   6   -7.69231E-03    4.60000E-02   10.43084   -24.9995    1.00000    9.02922E-04
   6   -7.69231E-03    4.80000E-02    15.8275   -9.59994    1.00000    7.90925E-04
   6   -7.69231E-03    5.00000E-02    16.7591   -6.28910    1.00000    4.15132E-04
   6   -3.84615E-03   -5.00000E-02   -19.7736  -0.168795    1.00000    3.42210E-11
   6   -3.84615E-03   -4.80000E-02   -33.4306    4.85286    1.00000    4.02735E-06
   6   -3.84615E-03   -4.60000E-02   -122.355    33.2413    1.00000    9.84881E-05
   6   -3.84615E-03   -4.40000E-02    65.3789   -24.4072    1.00000    6.52117E-04
   6   -3.84615E-03   -4.20000E-02    25.2937   -8.22889    1.00000    1.85422E-03
   6   -3.84615E-03   -4.00000E-02   10.56520   -19.5380    1.00000    9.46451E-03
   6   -3.84615E-03   -3.80000E-02   10.56520   -19.5380    1.00000    9.46451E-03
   6   -3.84615E-03   -3.60000E-02   10.56520   -19.5380    1.00000    9.46451E-03
   6   -3.84615E-03   -3.40000E-02   10.56520   -19.5380    1.00000    9.46451E-03
   6   -3.84615E-03   -3.20000E-02   10.56520   -19.5380    1.00000    9.46451E-03
   6   -3.84615E-03   -3.00000E-02   10.56520   -19.5380    1.00000    9.46451E-03
   6   -3.84615E-03   -2.80000E-02   10.56520   -19.5380    1.00000    9.46451E-03
   6   -3.84615E-03   -2.60000E-02   10.56520   -19.5380    1.00000    9.46451E-03
   6   -3.84615E-03   -2.40000E-02   10.56520   -19.5380    1.00000    9.46451E-03
   6   -3.84615E-03   -2.20000E-02   10.56520   -19.5380    1.00000    9.46451E-03
   6   -3.84615E-03   -2.00000E-02    10.6189   -19.4159    1.00000    9.51941E-03
   6   -3.84615E-03   -1.80000E-02    10.6189   -19.4159    1.00000    9.51941E-03
   6   -3.84615E-03   -1.60000E-02    10.6189   -19.4159    1.00000    9.51941E-03
   6   -3.84615E-03   -1.40000E-02    10.6189   -19.4159    1.00000    9.51941E-03
   6   -3.84615E-03   -1.20000E-02    10.6189   -19.4159    1.00000    9.51941E-03
   6   -3.84615E-03   -1.00000E-02    10.6189   -19.4159    1.00000    9.51941E-03
   6   -3.84615E-03   -8.00000E-03    10.6189   -19.4159    1.00000    9.51941E-03
   6   -3.84615E-03   -6.00000E-03    10.6189   -19.4159    1.00000    9.51941E-03
   6   -3.84615E-03   -4.00000E-03    10.6189   -19.4159    1.00000    9.51941E-03
   6   -3.84615E-03   -2.00000E-03   10.25775   -20.2706    1.00000    9.14538E-03
   6   -3.84615E-03  0.    9.74587   -21.4303    1.00000    8.55171E-03
   6   -3.84615E-03    2.00000E-03    9.26915   -22.5070    1.00000    7.96079E-03
   6   -3.84615E-03    4.00000E-03    8.83494   -23.4855    1.00000    7.40172E-03
   6   -3.84615E-03    6.00000E-03    8.38428   -24.4990    1.00000    6.80983E-03
   6   -3.84615E-03    8.00000E-03    7.91664   -25.5489    1.00000    6.19182E-03
   6   -3.84615E-03    1.00000E-02    7.43142   -26.6366    1.00000    5.55511E-03
   6   -3.84615E-03    1.20000E-02    7.22540   -27.3810    1.00000    5.31223E-03
   6   -3.84615E-03    1.40000E-02    7.02736   -28.1474    1.00000    5.07608E-03
   6   -3.84615E-03    1.60000E-02    6.80457   -28.9691    1.00000    4.80284E-03
   6   -3.84615E-03    1.80000E-02    6.62915   -29.6816    1.00000    4.58703E-03
   6   -3.84615E-03    2.00000E-02    6.35762   -30.6133    1.00000    4.24953E-03
   6   -3.84615E-03    2.20000E-02    6.11781   -31.4336    1.00000    3.95511E-03
   6   -3.84615E-03    2.40000E-02    5.84526   -32.2924    1.00000    3.62805E-03
   6   -3.84615E-03    2.60000E-02    5.83674   -32.7237    1.00000    3.42441E-03
   6   -3.84615E-03    2.80000E-02    5.98616   -32.8046    1.00000    3.28335E-03
   6   -3.84615E-03    3.00000E-02    5.96356   -33.2493    1.00000    3.08124E-03
   6   -3.84615E-03    3.20000E-02    6.10127   -33.3250    1.00000    2.93458E-03
   6   -3.84615E-03    3.40000E-02    6.15891   -33.5883    1.00000    2.82016E-03
   6   -3.84615E-03    3.60000E-02    6.29998   -33.6573    1.00000    2.67887E-03
   6   -3.84615E-03    3.80000E-02    6.79960   -32.9384    1.00000    2.65487E-03
   6   -3.84615E-03    4.00000E-02    8.00451   -30.4600    1.00000    2.47299E-03
   6   -3.84615E-03    4.20000E-02    8.86953   -28.3635    1.00000    1.90560E-03
   6   -3.84615E-03    4.40000E-02    8.93006   -28.1113    1.00000    1.20967E-03
   6   -3.84615E-03    4.60000E-02    11.0043   -23.0933    1.00000    1.00098E-03
   6   -3.84615E-03    4.80000E-02    15.9039   -9.16358    1.00000    8.06347E-04
   6   -3.84615E-03    5.00000E-02    16.8482   -5.72025    1.00000    3.84084E-04
   6  0.   -5.00000E-02   -19.8463    1.51481    1.00000    2.41206E-09
   6  0.   -4.80000E-02   -33.7009    6.60775    1.00000    6.32073E-06
   6  0.   -4.60000E-02   -125.686    35.6660    1.00000    1.05717E-04
   6  0.   -4.40000E-02    64.9792   -22.7135    1.00000    6.29064E-04
   6  0.   -4.20000E-02    21.1528   -14.6243    1.00000    3.22203E-03
   6  0.   -4.00000E-02    9.09792   -23.5087    1.00000    7.83416E-03
   6  0.   -3.80000E-02    9.09792   -23.5087    1.00000    7.83416E-03
   6  0.   -3.60000E-02    9.09792   -23.5087    1.00000    7.83416E-03
   6  0.   -3.40000E-02    9.09792   -23.5087    1.00000    7.83416E-03
   6  0.   -3.20000E-02    9.09792   -23.5087    1.00000    7.83416E-03
   6  0.   -3.00000E-02    9.09792   -23.5087    1.00000    7.83416E-03
   6  0.   -2.80000E-02    9.09792   -23.5087    1.00000    7.83416E-03
   6  0.   -2.60000E-02    9.09792   -23.5087    1.00000    7.83416E-03
   6  0.   -2.40000E-02    9.09792   -23.5087    1.00000    7.83416E-03
   6  0.   -2.20000E-02    9.09792   -23.5087    1.00000    7.83416E-03
   6  0.   -2.00000E-02    9.09792   -23.5087    1.00000    7.83416E-03
   6  0.   -1.80000E-02    9.09792   -23.5087    1.00000    7.83416E-03
   6  0.   -1.60000E-02    9.09792   -23.5087    1.00000    7.83416E-03
   6  0.   -1.40000E-02    9.09792   -23.5087    1.00000    7.83416E-03
   6  0.   -1.20000E-02    9.09792   -23.5087    1.00000    7.83416E-03
   6  0.   -1.00000E-02    9.09792   -23.5087    1.00000    7.83416E-03
   6  0.   -8.00000E-03    9.09792   -23.5087    1.00000    7.83416E-03
   6  0.   -6.00000E-03    9.09792   -23.5087    1.00000    7.83416E-03
   6  0.   -4.00000E-03    9.09792   -23.5087    1.00000    7.83416E-03
   6  0.   -2.00000E-03    9.09792   -23.5087    1.00000    7.83416E-03
   6  0.  0.    9.09792   -23.5087    1.00000    7.83416E-03
   6  0.    2.00000E-03    9.09792   -23.5087    1.00000    7.83416E-03
   6  0.    4.00000E-03    9.09792   -23.5087    1.00000    7.83416E-03
   6  0.    6.00000E-03    9.09792   -23.5087    1.00000    7.83416E-03
   6  0.    8.00000E-03    9.09792   -23.5087    1.00000    7.83416E-03
   6  0.    1.00000E-02    8.79611   -24.1998    1.00000    7.43670E-03
   6  0.    1.20000E-02    8.35867   -25.1991    1.00000    6.85170E-03
   6  0.    1.40000E-02    7.90357   -26.2362    1.00000    6.23981E-03
   6  0.    1.60000E-02    7.49902   -27.1561    1.00000    5.69940E-03
   6  0.    1.80000E-02    7.08075   -28.1055    1.00000    5.14947E-03
   6  0.    2.00000E-02    6.80457   -28.9691    1.00000    4.80284E-03
   6  0.    2.20000E-02    6.55728   -29.8463    1.00000    4.49625E-03
   6  0.    2.40000E-02    6.35762   -30.6133    1.00000    4.24953E-03
   6  0.    2.60000E-02    6.29277   -31.1559    1.00000    3.95019E-03
   6  0.    2.80000E-02    6.43924   -31.2076    1.00000    3.77159E-03
   6  0.    3.00000E-02    6.44812   -31.5963    1.00000    3.57732E-03
   6  0.    3.20000E-02    6.52219   -31.8304    1.00000    3.33454E-03
   6  0.    3.40000E-02    6.59004   -32.0499    1.00000    3.21200E-03
   6  0.    3.60000E-02    6.74609   -32.0878    1.00000    3.05568E-03
   6  0.    3.80000E-02    7.13382   -31.6023    1.00000    2.90707E-03
   6  0.    4.00000E-02    8.20079   -29.3747    1.00000    2.56497E-03
   6  0.    4.20000E-02    8.75611   -28.0330    1.00000    1.81233E-03
   6  0.    4.40000E-02    9.43441   -26.4370    1.00000    1.32000E-03
   6  0.    4.60000E-02    11.5309   -21.3680    1.00000    1.06305E-03
   6  0.    4.80000E-02    15.9296   -8.84963    1.00000    8.34785E-04
   6  0.    5.00000E-02    16.9985   -4.99693    1.00000    3.29079E-04
   6    3.84615E-03   -5.00000E-02   -19.7494    2.24037    1.00000    2.95566E-09
   6    3.84615E-03   -4.80000E-02   -33.6129    8.22526    1.00000    7.81634E-06
   6    3.84615E-03   -4.60000E-02   -123.817    36.2646    1.00000    1.06163E-04
   6    3.84615E-03   -4.40000E-02    64.5012   -22.0977    1.00000    6.29789E-04
   6    3.84615E-03   -4.20000E-02    10.7550   -30.4522    1.00000    2.42503E-03
   6    3.84615E-03   -4.00000E-02    6.01131   -31.6041    1.00000    3.82768E-03
   6    3.84615E-03   -3.80000E-02    6.01131   -31.6041    1.00000    3.82768E-03
   6    3.84615E-03   -3.60000E-02    6.01131   -31.6041    1.00000    3.82768E-03
   6    3.84615E-03   -3.40000E-02    6.01131   -31.6041    1.00000    3.82768E-03
   6    3.84615E-03   -3.20000E-02    6.01131   -31.6041    1.00000    3.82768E-03
   6    3.84615E-03   -3.00000E-02    6.01131   -31.6041    1.00000    3.82768E-03
   6    3.84615E-03   -2.80000E-02    6.01131   -31.6041    1.00000    3.82768E-03
   6    3.84615E-03   -2.60000E-02    6.01131   -31.6041    1.00000    3.82768E-03
   6    3.84615E-03   -2.40000E-02    6.01131   -31.6041    1.00000    3.82768E-03
   6    3.84615E-03   -2.20000E-02    6.01131   -31.6041    1.00000    3.82768E-03
   6    3.84615E-03   -2.00000E-02    6.01131   -31.6041    1.00000    3.82768E-03
   6    3.84615E-03   -1.80000E-02    6.01131   -31.6041    1.00000    3.82768E-03
   6    3.84615E-03   -1.60000E-02    6.01131   -31.6041    1.00000    3.82768E-03
   6    3.84615E-03   -1.40000E-02    6.01131   -31.6041    1.00000    3.82768E-03
   6    3.84615E-03   -1.20000E-02    6.01131   -31.6041    1.00000    3.82768E-03
   6    3.84615E-03   -1.00000E-02    6.01131   -31.6041    1.00000    3.82768E-03
   6    3.84615E-03   -8.00000E-03    6.01131   -31.6041    1.00000    3.82768E-03
   6    3.84615E-03   -6.00000E-03    6.01131   -31.6041    1.00000    3.82768E-03
   6    3.84615E-03   -4.00000E-03    6.01131   -31.6041    1.00000    3.82768E-03
   6    3.84615E-03   -2.00000E-03    6.01131   -31.6041    1.00000    3.82768E-03
   6    3.84615E-03  0.    6.01131   -31.6041    1.00000    3.82768E-03
   6    3.84615E-03    2.00000E-03    6.01131   -31.6041    1.00000    3.82768E-03
   6    3.84615E-03    4.00000E-03    6.01131   -31.6041    1.00000    3.82768E-03
   6    3.84615E-03    6.00000E-03    6.01131   -31.6041    1.00000    3.82768E-03
   6    3.84615E-03    8.00000E-03    6.01131   -31.6041    1.00000    3.82768E-03
   6    3.84615E-03    1.00000E-02    6.01131   -31.6041    1.00000    3.82768E-03
   6    3.84615E-03    1.20000E-02    6.01131   -31.6041    1.00000    3.82768E-03
   6    3.84615E-03    1.40000E-02    6.01131   -31.6041    1.00000    3.82768E-03
   6    3.84615E-03    1.60000E-02    6.01131   -31.6041    1.00000    3.82768E-03
   6    3.84615E-03    1.80000E-02    6.01131   -31.6041    1.00000    3.82768E-03
   6    3.84615E-03    2.00000E-02    6.01131   -31.6041    1.00000    3.82768E-03
   6    3.84615E-03    2.20000E-02    6.01131   -31.6041    1.00000    3.82768E-03
   6    3.84615E-03    2.40000E-02    6.01131   -31.6041    1.00000    3.82768E-03
   6    3.84615E-03    2.60000E-02    6.25491   -31.1660    1.00000    3.90592E-03
   6    3.84615E-03    2.80000E-02    6.64328   -30.4011    1.00000    3.99465E-03
   6    3.84615E-03    3.00000E-02    6.84694   -30.1086    1.00000    3.99604E-03
   6    3.84615E-03    3.20000E-02    6.94096   -30.2999    1.00000    3.74168E-03
   6    3.84615E-03    3.40000E-02    6.96571   -30.6497    1.00000    3.56124E-03
   6    3.84615E-03    3.60000E-02    7.11620   -30.6677    1.00000    3.37443E-03
   6    3.84615E-03    3.80000E-02    7.38508   -30.4312    1.00000    3.09195E-03
   6    3.84615E-03    4.00000E-02    8.53437   -28.1395    1.00000    2.74219E-03
   6    3.84615E-03    4.20000E-02    9.97743   -25.1048    1.00000    2.34929E-03
   6    3.84615E-03    4.40000E-02    11.1871   -22.1983    1.00000    1.88690E-03
   6    3.84615E-03    4.60000E-02    15.3141   -10.6038    1.00000    1.21158E-03
   6    3.84615E-03    4.80000E-02    15.9924   -8.39722    1.00000    8.48714E-04
   6    3.84615E-03    5.00000E-02    17.1147   -4.35978    1.00000    2.83631E-04
   6    7.69231E-03   -5.00000E-02   -19.4930    3.46571    1.00000    4.22733E-09
   6    7.69231E-03   -4.80000E-02   -32.9615    9.23866    1.00000    8.73460E-06
   6    7.69231E-03   -4.60000E-02   -119.124    37.6338    1.00000    1.16112E-04
   6    7.69231E-03   -4.40000E-02    50.6269   -33.5614    1.00000    1.03519E-03
   6    7.69231E-03   -4.20000E-02    8.95956   -38.0322    1.00000    2.23564E-03
   6    7.69231E-03   -4.00000E-02    2.59297   -42.5983    1.00000    6.78931E-04
   6    7.69231E-03   -3.80000E-02    2.59297   -42.5983    1.00000    6.78931E-04
   6    7.69231E-03   -3.60000E-02    2.59297   -42.5983    1.00000    6.78931E-04
   6    7.69231E-03   -3.40000E-02    2.64846   -42.5216    1.00000    7.01231E-04
   6    7.69231E-03   -3.20000E-02    2.64846   -42.5216    1.00000    7.01231E-04
   6    7.69231E-03   -3.00000E-02    2.64846   -42.5216    1.00000    7.01231E-04
   6    7.69231E-03   -2.80000E-02    2.64846   -42.5216    1.00000    7.01231E-04
   6    7.69231E-03   -2.60000E-02    2.64846   -42.5216    1.00000    7.01231E-04
   6    7.69231E-03   -2.40000E-02    2.70406   -42.4448    1.00000    7.23665E-04
   6    7.69231E-03   -2.20000E-02    2.70406   -42.4448    1.00000    7.23665E-04
   6    7.69231E-03   -2.00000E-02    2.70406   -42.4448    1.00000    7.23665E-04
   6    7.69231E-03   -1.80000E-02    2.70406   -42.4448    1.00000    7.23665E-04
   6    7.69231E-03   -1.60000E-02    2.70406   -42.4448    1.00000    7.23665E-04
   6    7.69231E-03   -1.40000E-02    2.70406   -42.4448    1.00000    7.23665E-04
   6    7.69231E-03   -1.20000E-02    2.75974   -42.3679    1.00000    7.46211E-04
   6    7.69231E-03   -1.00000E-02    2.75974   -42.3679    1.00000    7.46211E-04
   6    7.69231E-03   -8.00000E-03    2.75974   -42.3679    1.00000    7.46211E-04
   6    7.69231E-03   -6.00000E-03    2.75974   -42.3679    1.00000    7.46211E-04
   6    7.69231E-03   -4.00000E-03    2.75974   -42.3679    1.00000    7.46211E-04
   6    7.69231E-03   -2.00000E-03    2.81553   -42.2909    1.00000    7.68870E-04
   6    7.69231E-03  0.    2.81553   -42.2909    1.00000    7.68870E-04
   6    7.69231E-03    2.00000E-03    2.81553   -42.2909    1.00000    7.68870E-04
   6    7.69231E-03    4.00000E-03    2.81553   -42.2909    1.00000    7.68870E-04
   6    7.69231E-03    6.00000E-03    2.81553   -42.2909    1.00000    7.68870E-04
   6    7.69231E-03    8.00000E-03    2.81553   -42.2909    1.00000    7.68870E-04
   6    7.69231E-03    1.00000E-02    2.87145   -42.2137    1.00000    7.91645E-04
   6    7.69231E-03    1.20000E-02    2.87145   -42.2137    1.00000    7.91645E-04
   6    7.69231E-03    1.40000E-02    2.87145   -42.2137    1.00000    7.91645E-04
   6    7.69231E-03    1.60000E-02    2.87145   -42.2137    1.00000    7.91645E-04
   6    7.69231E-03    1.80000E-02    2.87145   -42.2137    1.00000    7.91645E-04
   6    7.69231E-03    2.00000E-02    2.87145   -42.2137    1.00000    7.91645E-04
   6    7.69231E-03    2.20000E-02    2.92742   -42.1365    1.00000    8.14487E-04
   6    7.69231E-03    2.40000E-02    2.92742   -42.1365    1.00000    8.14487E-04
   6    7.69231E-03    2.60000E-02    3.25464   -41.5358    1.00000    9.52804E-04
   6    7.69231E-03    2.80000E-02    3.47415   -41.1440    1.00000    1.04551E-03
   6    7.69231E-03    3.00000E-02    3.63696   -40.8256    1.00000    1.11486E-03
   6    7.69231E-03    3.20000E-02    4.01707   -40.0857    1.00000    1.27457E-03
   6    7.69231E-03    3.40000E-02    4.34699   -39.4908    1.00000    1.40742E-03
   6    7.69231E-03    3.60000E-02    4.88982   -38.4431    1.00000    1.61578E-03
   6    7.69231E-03    3.80000E-02    5.74291   -36.7276    1.00000    1.90052E-03
   6    7.69231E-03    4.00000E-02    7.55650   -32.6676    1.00000    2.23278E-03
   6    7.69231E-03    4.20000E-02    8.99552   -28.9530    1.00000    2.01607E-03
   6    7.69231E-03    4.40000E-02    10.7099   -24.6849    1.00000    1.87326E-03
   6    7.69231E-03    4.60000E-02    12.4673   -19.6537    1.00000    1.40523E-03
   6    7.69231E-03    4.80000E-02    15.7296   -9.65233    1.00000    9.06493E-04
   6    7.69231E-03    5.00000E-02    16.7671   -5.94777    1.00000    4.05660E-04
   6    1.15385E-02   -5.00000E-02   -19.0934    3.90790    1.00000    1.44805E-09
   6    1.15385E-02   -4.80000E-02   -31.9940   10.42195    1.00000    7.26059E-06
   6    1.15385E-02   -4.60000E-02   -109.755    36.4898    1.00000    1.07095E-04
   6    1.15385E-02   -4.40000E-02    19.9283   -54.3794    1.00000    7.03835E-04
   6    1.15385E-02   -4.20000E-02    2.52204   -53.0099    1.00000    2.31695E-04
   6    1.15385E-02   -4.00000E-02    7.72080E-03   -55.1286    1.00000    3.29393E-09
   6    1.15385E-02   -3.80000E-02    7.72080E-03   -55.1286    1.00000    3.29393E-09
   6    1.15385E-02   -3.60000E-02    7.72080E-03   -55.1286    1.00000    3.29393E-09
   6    1.15385E-02   -3.40000E-02    7.72080E-03   -55.1286    1.00000    3.29393E-09
   6    1.15385E-02   -3.20000E-02    7.72080E-03   -55.1286    1.00000    3.29393E-09
   6    1.15385E-02   -3.00000E-02    7.72080E-03   -55.1286    1.00000    3.29393E-09
   6    1.15385E-02   -2.80000E-02    7.72080E-03   -55.1286    1.00000    3.29393E-09
   6    1.15385E-02   -2.60000E-02    7.72080E-03   -55.1286    1.00000    3.29393E-09
   6    1.15385E-02   -2.40000E-02    7.72080E-03   -55.1286    1.00000    3.29393E-09
   6    1.15385E-02   -2.20000E-02    7.72080E-03   -55.1286    1.00000    3.29393E-09
   6    1.15385E-02   -2.00000E-02    7.72080E-03   -55.1286    1.00000    3.29393E-09
   6    1.15385E-02   -1.80000E-02    7.72080E-03   -55.1286    1.00000    3.29393E-09
   6    1.15385E-02   -1.60000E-02    7.72080E-03   -55.1286    1.00000    3.29393E-09
   6    1.15385E-02   -1.40000E-02    7.72080E-03   -55.1286    1.00000    3.29393E-09
   6    1.15385E-02   -1.20000E-02    7.72080E-03   -55.1286    1.00000    3.29393E-09
   6    1.15385E-02   -1.00000E-02    7.72080E-03   -55.1286    1.00000    3.29393E-09
   6    1.15385E-02   -8.00000E-03    7.72080E-03   -55.1286    1.00000    3.29393E-09
   6    1.15385E-02   -6.00000E-03    7.72080E-03   -55.1286    1.00000    3.29393E-09
   6    1.15385E-02   -4.00000E-03    7.72080E-03   -55.1286    1.00000    3.29393E-09
   6    1.15385E-02   -2.00000E-03    7.72080E-03   -55.1286    1.00000    3.29393E-09
   6    1.15385E-02  0.    7.72080E-03   -55.1286    1.00000    3.29393E-09
   6    1.15385E-02    2.00000E-03    7.72080E-03   -55.1286    1.00000    3.29393E-09
   6    1.15385E-02    4.00000E-03    7.72080E-03   -55.1286    1.00000    3.29393E-09
   6    1.15385E-02    6.00000E-03    7.72080E-03   -55.1286    1.00000    3.29393E-09
   6    1.15385E-02    8.00000E-03    7.72080E-03   -55.1286    1.00000    3.29393E-09
   6    1.15385E-02    1.00000E-02    7.72080E-03   -55.1286    1.00000    3.29393E-09
   6    1.15385E-02    1.20000E-02    7.72080E-03   -55.1286    1.00000    3.29393E-09
   6    1.15385E-02    1.40000E-02    7.72080E-03   -55.1286    1.00000    3.29393E-09
   6    1.15385E-02    1.60000E-02    7.72080E-03   -55.1286    1.00000    3.29393E-09
   6    1.15385E-02    1.80000E-02    7.72080E-03   -55.1286    1.00000    3.29393E-09
   6    1.15385E-02    2.00000E-02    7.72080E-03   -55.1286    1.00000    3.29393E-09
   6    1.15385E-02    2.20000E-02    7.72080E-03   -55.1286    1.00000    3.29393E-09
   6    1.15385E-02    2.40000E-02    7.72080E-03   -55.1286    1.00000    3.29393E-09
   6    1.15385E-02    2.60000E-02    7.72074E-03   -55.1282    1.00000    3.29393E-09
   6    1.15385E-02    2.80000E-02    7.72072E-03   -55.1280    1.00000    3.29393E-09
   6    1.15385E-02    3.00000E-02    7.76765E-03   -55.1277    1.00000    3.33414E-09
   6    1.15385E-02    3.20000E-02    7.73628E-03   -55.1273    1.00000    3.30730E-09
   6    1.15385E-02    3.40000E-02    7.73626E-03   -55.1271    1.00000    3.30730E-09
   6    1.15385E-02    3.60000E-02    7.73618E-03   -55.1267    1.00000    3.30730E-09
   6    1.15385E-02    3.80000E-02   0.799484   -53.7321    1.00000    3.17030E-05
   6    1.15385E-02    4.00000E-02    2.99515   -49.3976    1.00000    3.31059E-04
   6    1.15385E-02    4.20000E-02    5.71008   -43.1795    1.00000    8.16402E-04
   6    1.15385E-02    4.40000E-02    8.03220   -36.9556    1.00000    1.07136E-03
   6    1.15385E-02    4.60000E-02    9.53960   -32.2956    1.00000    9.98413E-04
   6    1.15385E-02    4.80000E-02   10.20927   -29.8260    1.00000    7.41321E-04
   6    1.15385E-02    5.00000E-02    11.8836   -24.3862    1.00000    4.73705E-04
   6    1.53846E-02   -5.00000E-02   -18.7413    10.7838    1.00000    6.78495E-10
   6    1.53846E-02   -4.80000E-02   -30.8352    12.2007    1.00000    7.77539E-06
   6    1.53846E-02   -4.60000E-02   -113.190    57.1112    1.00000    1.53285E-04
   6    1.53846E-02   -4.40000E-02    12.9739   -70.4460    1.00000    4.35506E-04
   6    1.53846E-02   -4.20000E-02    5.12515E-02   -68.2085    1.00000    4.02104E-08
   6    1.53846E-02   -4.00000E-02    5.12387E-02   -68.1718    1.00000    4.02338E-08
   6    1.53846E-02   -3.80000E-02    5.12387E-02   -68.1718    1.00000    4.02338E-08
   6    1.53846E-02   -3.60000E-02    5.12387E-02   -68.1718    1.00000    4.02338E-08
   6    1.53846E-02   -3.40000E-02    5.12387E-02   -68.1718    1.00000    4.02338E-08
   6    1.53846E-02   -3.20000E-02    5.12387E-02   -68.1718    1.00000    4.02338E-08
   6    1.53846E-02   -3.00000E-02    5.12387E-02   -68.1718    1.00000    4.02338E-08
   6    1.53846E-02   -2.80000E-02    5.12387E-02   -68.1718    1.00000    4.02338E-08
   6    1.53846E-02   -2.60000E-02    5.12387E-02   -68.1718    1.00000    4.02338E-08
   6    1.53846E-02   -2.40000E-02    5.12387E-02   -68.1718    1.00000    4.02338E-08
   6    1.53846E-02   -2.20000E-02    5.12387E-02   -68.1718    1.00000    4.02338E-08
   6    1.53846E-02   -2.00000E-02    5.12387E-02   -68.1718    1.00000    4.02338E-08
   6    1.53846E-02   -1.80000E-02    5.12387E-02   -68.1718    1.00000    4.02338E-08
   6    1.53846E-02   -1.60000E-02    5.12387E-02   -68.1718    1.00000    4.02338E-08
   6    1.53846E-02   -1.40000E-02    5.12387E-02   -68.1718    1.00000    4.02338E-08
   6    1.53846E-02   -1.20000E-02    5.12387E-02   -68.1718    1.00000    4.02338E-08
   6    1.53846E-02   -1.00000E-02    5.12387E-02   -68.1718    1.00000    4.02338E-08
   6    1.53846E-02   -8.00000E-03    5.12387E-02   -68.1718    1.00000    4.02338E-08
   6    1.53846E-02   -6.00000E-03    5.12387E-02   -68.1718    1.00000    4.02338E-08
   6    1.53846E-02   -4.00000E-03    5.12387E-02   -68.1718    1.00000    4.02338E-08
   6    1.53846E-02   -2.00000E-03    5.12387E-02   -68.1718    1.00000    4.02338E-08
   6    1.53846E-02  0.    5.12387E-02   -68.1718    1.00000    4.02338E-08
   6    1.53846E-02    2.00000E-03    5.12387E-02   -68.1718    1.00000    4.02338E-08
   6    1.53846E-02    4.00000E-03    5.12387E-02   -68.1718    1.00000    4.02338E-08
   6    1.53846E-02    6.00000E-03    5.12387E-02   -68.1718    1.00000    4.02338E-08
   6    1.53846E-02    8.00000E-03    5.12387E-02   -68.1718    1.00000    4.02338E-08
   6    1.53846E-02    1.00000E-02    5.12387E-02   -68.1718    1.00000    4.02338E-08
   6    1.53846E-02    1.20000E-02    5.12387E-02   -68.1718    1.00000    4.02338E-08
   6    1.53846E-02    1.40000E-02    5.12387E-02   -68.1718    1.00000    4.02338E-08
   6    1.53846E-02    1.60000E-02    5.12387E-02   -68.1718    1.00000    4.02338E-08
   6    1.53846E-02    1.80000E-02    5.12387E-02   -68.1718    1.00000    4.02338E-08
   6    1.53846E-02    2.00000E-02    5.12387E-02   -68.1718    1.00000    4.02338E-08
   6    1.53846E-02    2.20000E-02    5.12387E-02   -68.1718    1.00000    4.02338E-08
   6    1.53846E-02    2.40000E-02    5.12387E-02   -68.1718    1.00000    4.02338E-08
   6    1.53846E-02    2.60000E-02    5.12361E-02   -68.1683    1.00000    4.02338E-08
   6    1.53846E-02    2.80000E-02    5.12348E-02   -68.1666    1.00000    4.02338E-08
   6    1.53846E-02    3.00000E-02    5.12024E-02   -68.1632    1.00000    4.01871E-08
   6    1.53846E-02    3.20000E-02    5.12012E-02   -68.1614    1.00000    4.01871E-08
   6    1.53846E-02    3.40000E-02    5.11999E-02   -68.1597    1.00000    4.01871E-08
   6    1.53846E-02    3.60000E-02    5.11972E-02   -68.1562    1.00000    4.01871E-08
   6    1.53846E-02    3.80000E-02    5.11920E-02   -68.1492    1.00000    4.01871E-08
   6    1.53846E-02    4.00000E-02    5.12125E-02   -68.1369    1.00000    4.02338E-08
   6    1.53846E-02    4.20000E-02    5.12345E-02   -68.1264    1.00000    4.02805E-08
   6    1.53846E-02    4.40000E-02    1.57714   -64.2586    1.00000    3.32809E-05
   6    1.53846E-02    4.60000E-02    4.92280   -54.8589    1.00000    2.35406E-04
   6    1.53846E-02    4.80000E-02    7.84466   -45.4599    1.00000    4.21446E-04
   6    1.53846E-02    5.00000E-02   10.12828   -37.1028    1.00000    4.52869E-04
   6    1.92308E-02   -4.80000E-02   -29.2533    13.6990    1.00000    5.33301E-06
   6    1.92308E-02   -4.60000E-02    134.167   -337.477    1.00000    1.08736E-04
   6    1.92308E-02   -4.40000E-02    5.53004E-02   -89.8682    1.00000    8.96607E-09
   6    1.92308E-02   -4.20000E-02    5.52553E-02   -89.8087    1.00000    8.96331E-09
   6    1.92308E-02   -4.00000E-02    5.52047E-02   -89.7541    1.00000    8.95780E-09
   6    1.92308E-02   -3.80000E-02    5.52047E-02   -89.7541    1.00000    8.95780E-09
   6    1.92308E-02   -3.60000E-02    5.52047E-02   -89.7541    1.00000    8.95780E-09
   6    1.92308E-02   -3.40000E-02    5.52047E-02   -89.7541    1.00000    8.95780E-09
   6    1.92308E-02   -3.20000E-02    5.52047E-02   -89.7541    1.00000    8.95780E-09
   6    1.92308E-02   -3.00000E-02    5.52047E-02   -89.7541    1.00000    8.95780E-09
   6    1.92308E-02   -2.80000E-02    5.52047E-02   -89.7541    1.00000    8.95780E-09
   6    1.92308E-02   -2.60000E-02    5.52047E-02   -89.7541    1.00000    8.95780E-09
   6    1.92308E-02   -2.40000E-02    5.52047E-02   -89.7541    1.00000    8.95780E-09
   6    1.92308E-02   -2.20000E-02    5.52047E-02   -89.7541    1.00000    8.95780E-09
   6    1.92308E-02   -2.00000E-02    5.52047E-02   -89.7541    1.00000    8.95780E-09
   6    1.92308E-02   -1.80000E-02    5.52047E-02   -89.7541    1.00000    8.95780E-09
   6    1.92308E-02   -1.60000E-02    5.52047E-02   -89.7541    1.00000    8.95780E-09
   6    1.92308E-02   -1.40000E-02    5.52047E-02   -89.7541    1.00000    8.95780E-09
   6    1.92308E-02   -1.20000E-02    5.52047E-02   -89.7541    1.00000    8.95780E-09
   6    1.92308E-02   -1.00000E-02    5.52047E-02   -89.7541    1.00000    8.95780E-09
   6    1.92308E-02   -8.00000E-03    5.52047E-02   -89.7541    1.00000    8.95780E-09
   6    1.92308E-02   -6.00000E-03    5.52047E-02   -89.7541    1.00000    8.95780E-09
   6    1.92308E-02   -4.00000E-03    5.52047E-02   -89.7541    1.00000    8.95780E-09
   6    1.92308E-02   -2.00000E-03    5.52047E-02   -89.7541    1.00000    8.95780E-09
   6    1.92308E-02  0.    5.52047E-02   -89.7541    1.00000    8.95780E-09
   6    1.92308E-02    2.00000E-03    5.52047E-02   -89.7541    1.00000    8.95780E-09
   6    1.92308E-02    4.00000E-03    5.52047E-02   -89.7541    1.00000    8.95780E-09
   6    1.92308E-02    6.00000E-03    5.52047E-02   -89.7541    1.00000    8.95780E-09
   6    1.92308E-02    8.00000E-03    5.52047E-02   -89.7541    1.00000    8.95780E-09
   6    1.92308E-02    1.00000E-02    5.52047E-02   -89.7541    1.00000    8.95780E-09
   6    1.92308E-02    1.20000E-02    5.52047E-02   -89.7541    1.00000    8.95780E-09
   6    1.92308E-02    1.40000E-02    5.52047E-02   -89.7541    1.00000    8.95780E-09
   6    1.92308E-02    1.60000E-02    5.52047E-02   -89.7541    1.00000    8.95780E-09
   6    1.92308E-02    1.80000E-02    5.52047E-02   -89.7541    1.00000    8.95780E-09
   6    1.92308E-02    2.00000E-02    5.52047E-02   -89.7541    1.00000    8.95780E-09
   6    1.92308E-02    2.20000E-02    5.52047E-02   -89.7541    1.00000    8.95780E-09
   6    1.92308E-02    2.40000E-02    5.52047E-02   -89.7541    1.00000    8.95780E-09
   6    1.92308E-02    2.60000E-02    5.52356E-02   -89.7491    1.00000    8.96882E-09
   6    1.92308E-02    2.80000E-02    5.52340E-02   -89.7466    1.00000    8.96882E-09
   6    1.92308E-02    3.00000E-02    5.52310E-02   -89.7417    1.00000    8.96882E-09
   6    1.92308E-02    3.20000E-02    5.52634E-02   -89.7391    1.00000    8.97985E-09
   6    1.92308E-02    3.40000E-02    5.52280E-02   -89.7367    1.00000    8.96882E-09
   6    1.92308E-02    3.60000E-02    5.52249E-02   -89.7318    1.00000    8.96882E-09
   6    1.92308E-02    3.80000E-02    5.52188E-02   -89.7218    1.00000    8.96882E-09
   6    1.92308E-02    4.00000E-02    5.51745E-02   -89.7046    1.00000    8.95780E-09
   6    1.92308E-02    4.20000E-02    5.52328E-02   -89.6896    1.00000    8.97985E-09
   6    1.92308E-02    4.40000E-02    5.52221E-02   -89.6722    1.00000    8.97985E-09
   6    1.92308E-02    4.60000E-02    5.51456E-02   -89.6576    1.00000    8.95780E-09
   6    1.92308E-02    4.80000E-02    5.51363E-02   -89.6428    1.00000    8.95780E-09
   6    1.92308E-02    5.00000E-02    1.35175   -84.8411    1.00000    5.09432E-06
   6    2.30769E-02   -4.80000E-02   -27.4480    14.6396    1.00000    3.35654E-06
   6    2.30769E-02   -4.60000E-02    12.7844   -172.273    1.00000    1.38096E-05
   6    2.30769E-02   -4.40000E-02   0.263659   -131.185    1.00000    2.10616E-08
   6    2.30769E-02   -4.20000E-02   0.262806   -130.754    1.00000    2.10637E-08
   6    2.30769E-02   -4.00000E-02   0.262027   -130.360    1.00000    2.10659E-08
   6    2.30769E-02   -3.80000E-02   0.262027   -130.360    1.00000    2.10659E-08
   6    2.30769E-02   -3.60000E-02   0.262027   -130.360    1.00000    2.10659E-08
   6    2.30769E-02   -3.40000E-02   0.262027   -130.360    1.00000    2.10659E-08
   6    2.30769E-02   -3.20000E-02   0.262027   -130.360    1.00000    2.10659E-08
   6    2.30769E-02   -3.00000E-02   0.262027   -130.360    1.00000    2.10659E-08
   6    2.30769E-02   -2.80000E-02   0.262027   -130.360    1.00000    2.10659E-08
   6    2.30769E-02   -2.60000E-02   0.262027   -130.360    1.00000    2.10659E-08
   6    2.30769E-02   -2.40000E-02   0.262027   -130.360    1.00000    2.10659E-08
   6    2.30769E-02   -2.20000E-02   0.262027   -130.360    1.00000    2.10659E-08
   6    2.30769E-02   -2.00000E-02   0.262027   -130.360    1.00000    2.10659E-08
   6    2.30769E-02   -1.80000E-02   0.262027   -130.360    1.00000    2.10659E-08
   6    2.30769E-02   -1.60000E-02   0.262027   -130.360    1.00000    2.10659E-08
   6    2.30769E-02   -1.40000E-02   0.262027   -130.360    1.00000    2.10659E-08
   6    2.30769E-02   -1.20000E-02   0.262027   -130.360    1.00000    2.10659E-08
   6    2.30769E-02   -1.00000E-02   0.262027   -130.360    1.00000    2.10659E-08
   6    2.30769E-02   -8.00000E-03   0.262027   -130.360    1.00000    2.10659E-08
   6    2.30769E-02   -6.00000E-03   0.262027   -130.360    1.00000    2.10659E-08
   6    2.30769E-02   -4.00000E-03   0.262027   -130.360    1.00000    2.10659E-08
   6    2.30769E-02   -2.00000E-03   0.262027   -130.360    1.00000    2.10659E-08
   6    2.30769E-02  0.   0.262027   -130.360    1.00000    2.10659E-08
   6    2.30769E-02    2.00000E-03   0.262027   -130.360    1.00000    2.10659E-08
   6    2.30769E-02    4.00000E-03   0.262027   -130.360    1.00000    2.10659E-08
   6    2.30769E-02    6.00000E-03   0.262027   -130.360    1.00000    2.10659E-08
   6    2.30769E-02    8.00000E-03   0.262027   -130.360    1.00000    2.10659E-08
   6    2.30769E-02    1.00000E-02   0.262027   -130.360    1.00000    2.10659E-08
   6    2.30769E-02    1.20000E-02   0.262027   -130.360    1.00000    2.10659E-08
   6    2.30769E-02    1.40000E-02   0.262027   -130.360    1.00000    2.10659E-08
   6    2.30769E-02    1.60000E-02   0.262027   -130.360    1.00000    2.10659E-08
   6    2.30769E-02    1.80000E-02   0.262027   -130.360    1.00000    2.10659E-08
   6    2.30769E-02    2.00000E-02   0.262027   -130.360    1.00000    2.10659E-08
   6    2.30769E-02    2.20000E-02   0.262027   -130.360    1.00000    2.10659E-08
   6    2.30769E-02    2.40000E-02   0.262027   -130.360    1.00000    2.10659E-08
   6    2.30769E-02    2.60000E-02   0.261958   -130.325    1.00000    2.10659E-08
   6    2.30769E-02    2.80000E-02   0.261924   -130.308    1.00000    2.10659E-08
   6    2.30769E-02    3.00000E-02   0.261803   -130.274    1.00000    2.10574E-08
   6    2.30769E-02    3.20000E-02   0.261821   -130.257    1.00000    2.10659E-08
   6    2.30769E-02    3.40000E-02   0.261753   -130.223    1.00000    2.10659E-08
   6    2.30769E-02    3.60000E-02   0.261666   -130.206    1.00000    2.10574E-08
   6    2.30769E-02    3.80000E-02   0.261477   -130.138    1.00000    2.10490E-08
   6    2.30769E-02    4.00000E-02   0.261290   -130.019    1.00000    2.10574E-08
   6    2.30769E-02    4.20000E-02   0.261155   -129.900    1.00000    2.10743E-08
   6    2.30769E-02    4.40000E-02   0.260639   -129.799    1.00000    2.10236E-08
   6    2.30769E-02    4.60000E-02   0.260539   -129.698    1.00000    2.10405E-08
   6    2.30769E-02    4.80000E-02   0.260439   -129.596    1.00000    2.10574E-08
   6    2.30769E-02    5.00000E-02   0.260443   -129.494    1.00000    2.10912E-08
   6    2.69231E-02   -4.80000E-02   -26.4677    29.2469    1.00000    2.22045E-06
   6    2.69231E-02   -4.60000E-02    1.44226   -250.589    1.00000    1.47078E-08
   6    2.69231E-02   -4.40000E-02    1.41908   -246.502    1.00000    1.47148E-08
   6    2.69231E-02   -4.20000E-02    1.39480   -242.206    1.00000    1.47246E-08
   6    2.69231E-02   -4.00000E-02    1.37094   -238.056    1.00000    1.47254E-08
   6    2.69231E-02   -3.80000E-02    1.37094   -238.056    1.00000    1.47254E-08
   6    2.69231E-02   -3.60000E-02    1.37094   -238.056    1.00000    1.47254E-08
   6    2.69231E-02   -3.40000E-02    1.37094   -238.056    1.00000    1.47254E-08
   6    2.69231E-02   -3.20000E-02    1.37094   -238.056    1.00000    1.47254E-08
   6    2.69231E-02   -3.00000E-02    1.37094   -238.056    1.00000    1.47254E-08
   6    2.69231E-02   -2.80000E-02    1.37094   -238.056    1.00000    1.47254E-08
   6    2.69231E-02   -2.60000E-02    1.37094   -238.056    1.00000    1.47254E-08
   6    2.69231E-02   -2.40000E-02    1.37094   -238.056    1.00000    1.47254E-08
   6    2.69231E-02   -2.20000E-02    1.37094   -238.056    1.00000    1.47254E-08
   6    2.69231E-02   -2.00000E-02    1.37094   -238.056    1.00000    1.47254E-08
   6    2.69231E-02   -1.80000E-02    1.37094   -238.056    1.00000    1.47254E-08
   6    2.69231E-02   -1.60000E-02    1.37094   -238.056    1.00000    1.47254E-08
   6    2.69231E-02   -1.40000E-02    1.37094   -238.056    1.00000    1.47254E-08
   6    2.69231E-02   -1.20000E-02    1.37094   -238.056    1.00000    1.47254E-08
   6    2.69231E-02   -1.00000E-02    1.37094   -238.056    1.00000    1.47254E-08
   6    2.69231E-02   -8.00000E-03    1.37094   -238.056    1.00000    1.47254E-08
   6    2.69231E-02   -6.00000E-03    1.37094   -238.056    1.00000    1.47254E-08
   6    2.69231E-02   -4.00000E-03    1.37094   -238.056    1.00000    1.47254E-08
   6    2.69231E-02   -2.00000E-03    1.37094   -238.056    1.00000    1.47254E-08
   6    2.69231E-02  0.    1.37094   -238.056    1.00000    1.47254E-08
   6    2.69231E-02    2.00000E-03    1.37094   -238.056    1.00000    1.47254E-08
   6    2.69231E-02    4.00000E-03    1.37094   -238.056    1.00000    1.47254E-08
   6    2.69231E-02    6.00000E-03    1.37094   -238.056    1.00000    1.47254E-08
   6    2.69231E-02    8.00000E-03    1.37094   -238.056    1.00000    1.47254E-08
   6    2.69231E-02    1.00000E-02    1.37094   -238.056    1.00000    1.47254E-08
   6    2.69231E-02    1.20000E-02    1.37094   -238.056    1.00000    1.47254E-08
   6    2.69231E-02    1.40000E-02    1.37094   -238.056    1.00000    1.47254E-08
   6    2.69231E-02    1.60000E-02    1.37094   -238.056    1.00000    1.47254E-08
   6    2.69231E-02    1.80000E-02    1.37094   -238.056    1.00000    1.47254E-08
   6    2.69231E-02    2.00000E-02    1.37094   -238.056    1.00000    1.47254E-08
   6    2.69231E-02    2.20000E-02    1.37094   -238.056    1.00000    1.47254E-08
   6    2.69231E-02    2.40000E-02    1.37000   -237.893    1.00000    1.47254E-08
   6    2.69231E-02    2.60000E-02    1.36898   -237.730    1.00000    1.47237E-08
   6    2.69231E-02    2.80000E-02    1.36821   -237.567    1.00000    1.47272E-08
   6    2.69231E-02    3.00000E-02    1.36641   -237.242    1.00000    1.47290E-08
   6    2.69231E-02    3.20000E-02    1.36549   -237.080    1.00000    1.47290E-08
   6    2.69231E-02    3.40000E-02    1.36362   -236.757    1.00000    1.47290E-08
   6    2.69231E-02    3.60000E-02    1.36269   -236.595    1.00000    1.47290E-08
   6    2.69231E-02    3.80000E-02    1.35807   -235.792    1.00000    1.47290E-08
   6    2.69231E-02    4.00000E-02    1.35240   -234.836    1.00000    1.47254E-08
   6    2.69231E-02    4.20000E-02    1.34649   -233.727    1.00000    1.47360E-08
   6    2.69231E-02    4.40000E-02    1.34107   -232.787    1.00000    1.47360E-08
   6    2.69231E-02    4.60000E-02    1.33419   -231.704    1.00000    1.47219E-08
   6    2.69231E-02    4.80000E-02    1.32919   -230.778    1.00000    1.47290E-08
   6    2.69231E-02    5.00000E-02    1.32508   -230.011    1.00000    1.47360E-08
   6    3.07692E-02   -4.80000E-02   -6.45073   -1068.38    1.00000    1.04363E-11
   6    3.07692E-02   -4.60000E-02   -6.94793   -1149.73    1.00000    1.04363E-11
   6    3.07692E-02   -4.40000E-02   -7.56737   -1254.78    1.00000    1.03893E-11
   6    3.07692E-02   -4.20000E-02   -8.36098   -1385.82    1.00000    1.04011E-11
   6    3.07692E-02   -4.00000E-02   -9.38046   -1554.82    1.00000    1.04003E-11
   6    3.07692E-02   -3.80000E-02   -9.42500   -1562.14    1.00000    1.04011E-11
   6    3.07692E-02   -3.60000E-02   -9.42500   -1562.14    1.00000    1.04011E-11
   6    3.07692E-02   -3.40000E-02   -9.42500   -1562.14    1.00000    1.04011E-11
   6    3.07692E-02   -3.20000E-02   -9.42500   -1562.14    1.00000    1.04011E-11
   6    3.07692E-02   -3.00000E-02   -9.42500   -1562.14    1.00000    1.04011E-11
   6    3.07692E-02   -2.80000E-02   -9.42500   -1562.14    1.00000    1.04011E-11
   6    3.07692E-02   -2.60000E-02   -9.42500   -1562.14    1.00000    1.04011E-11
   6    3.07692E-02   -2.40000E-02   -9.42500   -1562.14    1.00000    1.04011E-11
   6    3.07692E-02   -2.20000E-02   -9.42500   -1562.14    1.00000    1.04011E-11
   6    3.07692E-02   -2.00000E-02   -9.42500   -1562.14    1.00000    1.04011E-11
   6    3.07692E-02   -1.80000E-02   -9.42500   -1562.14    1.00000    1.04011E-11
   6    3.07692E-02   -1.60000E-02   -9.42500   -1562.14    1.00000    1.04011E-11
   6    3.07692E-02   -1.40000E-02   -9.42500   -1562.14    1.00000    1.04011E-11
   6    3.07692E-02   -1.20000E-02   -9.42500   -1562.14    1.00000    1.04011E-11
   6    3.07692E-02   -1.00000E-02   -9.42500   -1562.14    1.00000    1.04011E-11
   6    3.07692E-02   -8.00000E-03   -9.42500   -1562.14    1.00000    1.04011E-11
   6    3.07692E-02   -6.00000E-03   -9.42500   -1562.14    1.00000    1.04011E-11
   6    3.07692E-02   -4.00000E-03   -9.42500   -1562.14    1.00000    1.04011E-11
   6    3.07692E-02   -2.00000E-03   -9.42500   -1562.14    1.00000    1.04011E-11
   6    3.07692E-02  0.   -9.42500   -1562.14    1.00000    1.04011E-11
   6    3.07692E-02    2.00000E-03   -9.42500   -1562.14    1.00000    1.04011E-11
   6    3.07692E-02    4.00000E-03   -9.42500   -1562.14    1.00000    1.04011E-11
   6    3.07692E-02    6.00000E-03   -9.42500   -1562.14    1.00000    1.04011E-11
   6    3.07692E-02    8.00000E-03   -9.42500   -1562.14    1.00000    1.04011E-11
   6    3.07692E-02    1.00000E-02   -9.42500   -1562.14    1.00000    1.04011E-11
   6    3.07692E-02    1.20000E-02   -9.42500   -1562.14    1.00000    1.04011E-11
   6    3.07692E-02    1.40000E-02   -9.42500   -1562.14    1.00000    1.04011E-11
   6    3.07692E-02    1.60000E-02   -9.42500   -1562.14    1.00000    1.04011E-11
   6    3.07692E-02    1.80000E-02   -9.42500   -1562.14    1.00000    1.04011E-11
   6    3.07692E-02    2.00000E-02   -9.42500   -1562.14    1.00000    1.04011E-11
   6    3.07692E-02    2.20000E-02   -9.42500   -1562.14    1.00000    1.04011E-11
   6    3.07692E-02    2.40000E-02   -9.46897   -1569.54    1.00000    1.03996E-11
   6    3.07692E-02    2.60000E-02   -9.51331   -1577.00    1.00000    1.03981E-11
   6    3.07692E-02    2.80000E-02   -9.60465   -1592.15    1.00000    1.03981E-11
   6    3.07692E-02    3.00000E-02   -9.65255   -1599.84    1.00000    1.04011E-11
   6    3.07692E-02    3.20000E-02   -9.69922   -1607.60    1.00000    1.04011E-11
   6    3.07692E-02    3.40000E-02   -9.79138   -1623.32    1.00000    1.03952E-11
   6    3.07692E-02    3.60000E-02   -9.83970   -1631.31    1.00000    1.03952E-11
   6    3.07692E-02    3.80000E-02  -10.09108   -1672.49    1.00000    1.04011E-11
   6    3.07692E-02    4.00000E-02  -10.45455   -1733.61    1.00000    1.03893E-11
   6    3.07692E-02    4.20000E-02   -10.7924   -1789.73    1.00000    1.03893E-11
   6    3.07692E-02    4.40000E-02   -11.2146   -1859.95    1.00000    1.03893E-11
   6    3.07692E-02    4.60000E-02   -11.6019   -1924.60    1.00000    1.03893E-11
   6    3.07692E-02    4.80000E-02   -12.0445   -1994.91    1.00000    1.04128E-11
   6    3.07692E-02    5.00000E-02   -12.4547   -2067.96    1.00000    1.03659E-11
