   11   -3.07692E-02   -4.80000E-02   -19.6091    34.3542    1.00000    6.78495E-10
   11   -3.07692E-02   -4.60000E-02   -25.0118    43.3604    1.00000    6.78874E-10
   11   -3.07692E-02   -4.40000E-02   -35.7384    61.9560    1.00000    6.78874E-10
   11   -3.07692E-02   -4.20000E-02   -64.5773    112.271    1.00000    6.78495E-10
   11   -3.07692E-02   -4.00000E-02   -402.447    699.432    1.00000    6.78459E-10
   11   -3.07692E-02   -3.80000E-02   -503.827    875.630    1.00000    6.78459E-10
   11   -3.07692E-02   -3.60000E-02   -503.827    875.630    1.00000    6.78459E-10
   11   -3.07692E-02   -3.40000E-02   -503.827    875.630    1.00000    6.78459E-10
   11   -3.07692E-02   -3.20000E-02   -503.827    875.630    1.00000    6.78459E-10
   11   -3.07692E-02   -3.00000E-02   -503.827    875.630    1.00000    6.78459E-10
   11   -3.07692E-02   -2.80000E-02   -503.827    875.630    1.00000    6.78459E-10
   11   -3.07692E-02   -2.60000E-02   -503.827    875.630    1.00000    6.78459E-10
   11   -3.07692E-02   -2.40000E-02   -503.827    875.630    1.00000    6.78459E-10
   11   -3.07692E-02   -2.20000E-02   -503.827    875.630    1.00000    6.78459E-10
   11   -3.07692E-02   -2.00000E-02   -503.827    875.630    1.00000    6.78459E-10
   11   -3.07692E-02   -1.80000E-02   -503.827    875.630    1.00000    6.78459E-10
   11   -3.07692E-02   -1.60000E-02   -503.827    875.630    1.00000    6.78459E-10
   11   -3.07692E-02   -1.40000E-02   -503.827    875.630    1.00000    6.78459E-10
   11   -3.07692E-02   -1.20000E-02   -503.827    875.630    1.00000    6.78459E-10
   11   -3.07692E-02   -1.00000E-02   -503.827    875.630    1.00000    6.78459E-10
   11   -3.07692E-02   -8.00000E-03   -503.827    875.630    1.00000    6.78459E-10
   11   -3.07692E-02   -6.00000E-03   -503.827    875.630    1.00000    6.78459E-10
   11   -3.07692E-02   -4.00000E-03   -503.827    875.630    1.00000    6.78459E-10
   11   -3.07692E-02   -2.00000E-03   -503.827    875.630    1.00000    6.78459E-10
   11   -3.07692E-02  0.   -503.827    875.630    1.00000    6.78459E-10
   11   -3.07692E-02    2.00000E-03   -503.827    875.630    1.00000    6.78459E-10
   11   -3.07692E-02    4.00000E-03   -503.827    875.630    1.00000    6.78459E-10
   11   -3.07692E-02    6.00000E-03   -503.827    875.630    1.00000    6.78459E-10
   11   -3.07692E-02    8.00000E-03   -503.827    875.630    1.00000    6.78459E-10
   11   -3.07692E-02    1.00000E-02   -503.827    875.630    1.00000    6.78459E-10
   11   -3.07692E-02    1.20000E-02   -503.827    875.630    1.00000    6.78459E-10
   11   -3.07692E-02    1.40000E-02   -503.827    875.630    1.00000    6.78459E-10
   11   -3.07692E-02    1.60000E-02   -503.827    875.630    1.00000    6.78459E-10
   11   -3.07692E-02    1.80000E-02   -503.827    875.630    1.00000    6.78459E-10
   11   -3.07692E-02    2.00000E-02   -503.827    875.630    1.00000    6.78459E-10
   11   -3.07692E-02    2.20000E-02   -503.827    875.630    1.00000    6.78459E-10
   11   -3.07692E-02    2.40000E-02   -673.488    1170.49    1.00000    6.78457E-10
   11   -3.07692E-02    2.60000E-02   -1015.43    1764.77    1.00000    6.78459E-10
   11   -3.07692E-02    2.80000E-02    65790.0   -114340.    1.00000    6.78471E-10
   11   -3.07692E-02    3.00000E-02    1940.99   -3373.34    1.00000    6.78471E-10
   11   -3.07692E-02    3.20000E-02    985.078   -1712.08    1.00000    6.78424E-10
   11   -3.07692E-02    3.40000E-02    496.191   -862.266    1.00000    6.78447E-10
   11   -3.07692E-02    3.60000E-02    397.588   -691.004    1.00000    6.78495E-10
   11   -3.07692E-02    3.80000E-02    199.395   -346.547    1.00000    6.78495E-10
   11   -3.07692E-02    4.00000E-02    117.432   -204.045    1.00000    6.78400E-10
   11   -3.07692E-02    4.20000E-02    86.8456   -150.985    1.00000    6.78495E-10
   11   -3.07692E-02    4.40000E-02    66.5845   -115.463    1.00000    6.78495E-10
   11   -3.07692E-02    4.60000E-02    55.5214   -96.7613    1.00000    6.78684E-10
   11   -3.07692E-02    4.80000E-02    47.5858   -82.7301    1.00000    6.78495E-10
   11   -3.07692E-02    5.00000E-02    41.6279   -72.0000    1.00000    6.78495E-10
   11   -2.69231E-02   -4.80000E-02    9.46464E-02    242.528    1.00000    5.72594E-13
   11   -2.69231E-02   -4.60000E-02    9.09205E-02    242.241    1.00000    5.29396E-13
   11   -2.69231E-02   -4.40000E-02    8.35630E-02    241.940    1.00000    4.48080E-13
   11   -2.69231E-02   -4.20000E-02    8.52954E-02    241.694    1.00000    4.67774E-13
   11   -2.69231E-02   -4.00000E-02    8.79230E-02    241.439    1.00000    4.98108E-13
   11   -2.69231E-02   -3.80000E-02    8.79230E-02    241.439    1.00000    4.98108E-13
   11   -2.69231E-02   -3.60000E-02    8.79230E-02    241.439    1.00000    4.98108E-13
   11   -2.69231E-02   -3.40000E-02    8.79230E-02    241.439    1.00000    4.98108E-13
   11   -2.69231E-02   -3.20000E-02    8.79230E-02    241.439    1.00000    4.98108E-13
   11   -2.69231E-02   -3.00000E-02    8.79230E-02    241.439    1.00000    4.98108E-13
   11   -2.69231E-02   -2.80000E-02    8.79230E-02    241.439    1.00000    4.98108E-13
   11   -2.69231E-02   -2.60000E-02    8.79230E-02    241.439    1.00000    4.98108E-13
   11   -2.69231E-02   -2.40000E-02    8.79230E-02    241.439    1.00000    4.98108E-13
   11   -2.69231E-02   -2.20000E-02    8.79230E-02    241.439    1.00000    4.98108E-13
   11   -2.69231E-02   -2.00000E-02    8.79230E-02    241.439    1.00000    4.98108E-13
   11   -2.69231E-02   -1.80000E-02    8.79230E-02    241.439    1.00000    4.98108E-13
   11   -2.69231E-02   -1.60000E-02    8.79230E-02    241.439    1.00000    4.98108E-13
   11   -2.69231E-02   -1.40000E-02    8.79230E-02    241.439    1.00000    4.98108E-13
   11   -2.69231E-02   -1.20000E-02    8.79230E-02    241.439    1.00000    4.98108E-13
   11   -2.69231E-02   -1.00000E-02    8.79230E-02    241.439    1.00000    4.98108E-13
   11   -2.69231E-02   -8.00000E-03    8.79230E-02    241.439    1.00000    4.98108E-13
   11   -2.69231E-02   -6.00000E-03    8.79230E-02    241.439    1.00000    4.98108E-13
   11   -2.69231E-02   -4.00000E-03    8.79230E-02    241.439    1.00000    4.98108E-13
   11   -2.69231E-02   -2.00000E-03    8.79230E-02    241.439    1.00000    4.98108E-13
   11   -2.69231E-02  0.    8.79230E-02    241.439    1.00000    4.98108E-13
   11   -2.69231E-02    2.00000E-03    8.79230E-02    241.439    1.00000    4.98108E-13
   11   -2.69231E-02    4.00000E-03    8.79230E-02    241.439    1.00000    4.98108E-13
   11   -2.69231E-02    6.00000E-03    8.79230E-02    241.439    1.00000    4.98108E-13
   11   -2.69231E-02    8.00000E-03    8.79230E-02    241.439    1.00000    4.98108E-13
   11   -2.69231E-02    1.00000E-02    8.79230E-02    241.439    1.00000    4.98108E-13
   11   -2.69231E-02    1.20000E-02    8.79230E-02    241.439    1.00000    4.98108E-13
   11   -2.69231E-02    1.40000E-02    8.79230E-02    241.439    1.00000    4.98108E-13
   11   -2.69231E-02    1.60000E-02    8.79230E-02    241.439    1.00000    4.98108E-13
   11   -2.69231E-02    1.80000E-02    8.79230E-02    241.439    1.00000    4.98108E-13
   11   -2.69231E-02    2.00000E-02    8.79230E-02    241.439    1.00000    4.98108E-13
   11   -2.69231E-02    2.20000E-02    8.79230E-02    241.439    1.00000    4.98108E-13
   11   -2.69231E-02    2.40000E-02    8.83723E-02    241.428    1.00000    5.03257E-13
   11   -2.69231E-02    2.60000E-02    8.85949E-02    241.418    1.00000    5.05841E-13
   11   -2.69231E-02    2.80000E-02    8.85910E-02    241.407    1.00000    5.05841E-13
   11   -2.69231E-02    3.00000E-02    8.84345E-02    241.385    1.00000    5.04144E-13
   11   -2.69231E-02    3.20000E-02    8.84660E-02    241.375    1.00000    5.04548E-13
   11   -2.69231E-02    3.40000E-02    8.85715E-02    241.353    1.00000    5.05841E-13
   11   -2.69231E-02    3.60000E-02    8.85676E-02    241.343    1.00000    5.05841E-13
   11   -2.69231E-02    3.80000E-02    8.83214E-02    241.290    1.00000    5.03257E-13
   11   -2.69231E-02    4.00000E-02    8.87515E-02    241.225    1.00000    5.08432E-13
   11   -2.69231E-02    4.20000E-02    8.87246E-02    241.150    1.00000    5.08432E-13
   11   -2.69231E-02    4.40000E-02    8.68930E-02    241.092    1.00000    4.87891E-13
   11   -2.69231E-02    4.60000E-02    8.86735E-02    241.011    1.00000    5.08432E-13
   11   -2.69231E-02    4.80000E-02    9.04584E-02    240.938    1.00000    5.29396E-13
   11   -2.69231E-02    5.00000E-02    8.68225E-02    240.904    1.00000    4.87891E-13
   11   -2.30769E-02   -4.80000E-02   -1.34005    121.669    1.00000    5.27703E-09
   11   -2.30769E-02   -4.60000E-02   -1.35805    123.412    1.00000    5.26858E-09
   11   -2.30769E-02   -4.40000E-02   -1.37974    125.369    1.00000    5.26858E-09
   11   -2.30769E-02   -4.20000E-02   -1.40561    127.566    1.00000    5.28126E-09
   11   -2.30769E-02   -4.00000E-02   -1.42828    129.662    1.00000    5.27809E-09
   11   -2.30769E-02   -3.80000E-02   -1.42828    129.662    1.00000    5.27809E-09
   11   -2.30769E-02   -3.60000E-02   -1.42828    129.662    1.00000    5.27809E-09
   11   -2.30769E-02   -3.40000E-02   -1.42828    129.662    1.00000    5.27809E-09
   11   -2.30769E-02   -3.20000E-02   -1.42828    129.662    1.00000    5.27809E-09
   11   -2.30769E-02   -3.00000E-02   -1.42828    129.662    1.00000    5.27809E-09
   11   -2.30769E-02   -2.80000E-02   -1.42828    129.662    1.00000    5.27809E-09
   11   -2.30769E-02   -2.60000E-02   -1.42828    129.662    1.00000    5.27809E-09
   11   -2.30769E-02   -2.40000E-02   -1.42828    129.662    1.00000    5.27809E-09
   11   -2.30769E-02   -2.20000E-02   -1.42828    129.662    1.00000    5.27809E-09
   11   -2.30769E-02   -2.00000E-02   -1.42828    129.662    1.00000    5.27809E-09
   11   -2.30769E-02   -1.80000E-02   -1.42828    129.662    1.00000    5.27809E-09
   11   -2.30769E-02   -1.60000E-02   -1.42828    129.662    1.00000    5.27809E-09
   11   -2.30769E-02   -1.40000E-02   -1.42828    129.662    1.00000    5.27809E-09
   11   -2.30769E-02   -1.20000E-02   -1.42828    129.662    1.00000    5.27809E-09
   11   -2.30769E-02   -1.00000E-02   -1.42828    129.662    1.00000    5.27809E-09
   11   -2.30769E-02   -8.00000E-03   -1.42828    129.662    1.00000    5.27809E-09
   11   -2.30769E-02   -6.00000E-03   -1.42828    129.662    1.00000    5.27809E-09
   11   -2.30769E-02   -4.00000E-03   -1.42828    129.662    1.00000    5.27809E-09
   11   -2.30769E-02   -2.00000E-03   -1.42828    129.662    1.00000    5.27809E-09
   11   -2.30769E-02  0.   -1.42828    129.662    1.00000    5.27809E-09
   11   -2.30769E-02    2.00000E-03   -1.42828    129.662    1.00000    5.27809E-09
   11   -2.30769E-02    4.00000E-03   -1.42828    129.662    1.00000    5.27809E-09
   11   -2.30769E-02    6.00000E-03   -1.42828    129.662    1.00000    5.27809E-09
   11   -2.30769E-02    8.00000E-03   -1.42828    129.662    1.00000    5.27809E-09
   11   -2.30769E-02    1.00000E-02   -1.42828    129.662    1.00000    5.27809E-09
   11   -2.30769E-02    1.20000E-02   -1.42828    129.662    1.00000    5.27809E-09
   11   -2.30769E-02    1.40000E-02   -1.42828    129.662    1.00000    5.27809E-09
   11   -2.30769E-02    1.60000E-02   -1.42828    129.662    1.00000    5.27809E-09
   11   -2.30769E-02    1.80000E-02   -1.42828    129.662    1.00000    5.27809E-09
   11   -2.30769E-02    2.00000E-02   -1.42828    129.662    1.00000    5.27809E-09
   11   -2.30769E-02    2.20000E-02   -1.42828    129.662    1.00000    5.27809E-09
   11   -2.30769E-02    2.40000E-02   -1.42828    129.662    1.00000    5.27809E-09
   11   -2.30769E-02    2.60000E-02   -1.43032    129.847    1.00000    5.27809E-09
   11   -2.30769E-02    2.80000E-02   -1.43163    129.940    1.00000    5.28020E-09
   11   -2.30769E-02    3.00000E-02   -1.43361    130.127    1.00000    5.27967E-09
   11   -2.30769E-02    3.20000E-02   -1.43464    130.220    1.00000    5.27967E-09
   11   -2.30769E-02    3.40000E-02   -1.43668    130.407    1.00000    5.27954E-09
   11   -2.30769E-02    3.60000E-02   -1.43771    130.501    1.00000    5.27949E-09
   11   -2.30769E-02    3.80000E-02   -1.44181    130.877    1.00000    5.27914E-09
   11   -2.30769E-02    4.00000E-02   -1.44912    131.541    1.00000    5.27914E-09
   11   -2.30769E-02    4.20000E-02   -1.45651    132.211    1.00000    5.27914E-09
   11   -2.30769E-02    4.40000E-02   -1.46320    132.792    1.00000    5.28126E-09
   11   -2.30769E-02    4.60000E-02   -1.46905    133.376    1.00000    5.27703E-09
   11   -2.30769E-02    4.80000E-02   -1.47677    133.970    1.00000    5.28549E-09
   11   -2.30769E-02    5.00000E-02   -1.48213    134.562    1.00000    5.27703E-09
   11   -1.92308E-02   -4.80000E-02    4.49201E-02    89.6575    1.00000    5.04290E-11
   11   -1.92308E-02   -4.60000E-02    4.41615E-02    89.6125    1.00000    4.87891E-11
   11   -1.92308E-02   -4.40000E-02    4.48757E-02    89.5690    1.00000    5.04290E-11
   11   -1.92308E-02   -4.20000E-02    4.52184E-02    89.5213    1.00000    5.12590E-11
   11   -1.92308E-02   -4.00000E-02    4.53800E-02    89.4770    1.00000    5.16766E-11
   11   -1.92308E-02   -3.80000E-02    4.53800E-02    89.4770    1.00000    5.16766E-11
   11   -1.92308E-02   -3.60000E-02    4.53800E-02    89.4770    1.00000    5.16766E-11
   11   -1.92308E-02   -3.40000E-02    4.53800E-02    89.4770    1.00000    5.16766E-11
   11   -1.92308E-02   -3.20000E-02    4.53800E-02    89.4770    1.00000    5.16766E-11
   11   -1.92308E-02   -3.00000E-02    4.53800E-02    89.4770    1.00000    5.16766E-11
   11   -1.92308E-02   -2.80000E-02    4.53800E-02    89.4770    1.00000    5.16766E-11
   11   -1.92308E-02   -2.60000E-02    4.53800E-02    89.4770    1.00000    5.16766E-11
   11   -1.92308E-02   -2.40000E-02    4.53800E-02    89.4770    1.00000    5.16766E-11
   11   -1.92308E-02   -2.20000E-02    4.53800E-02    89.4770    1.00000    5.16766E-11
   11   -1.92308E-02   -2.00000E-02    4.53800E-02    89.4770    1.00000    5.16766E-11
   11   -1.92308E-02   -1.80000E-02    4.53800E-02    89.4770    1.00000    5.16766E-11
   11   -1.92308E-02   -1.60000E-02    4.53800E-02    89.4770    1.00000    5.16766E-11
   11   -1.92308E-02   -1.40000E-02    4.53800E-02    89.4770    1.00000    5.16766E-11
   11   -1.92308E-02   -1.20000E-02    4.53800E-02    89.4770    1.00000    5.16766E-11
   11   -1.92308E-02   -1.00000E-02    4.53800E-02    89.4770    1.00000    5.16766E-11
   11   -1.92308E-02   -8.00000E-03    4.53800E-02    89.4770    1.00000    5.16766E-11
   11   -1.92308E-02   -6.00000E-03    4.53800E-02    89.4770    1.00000    5.16766E-11
   11   -1.92308E-02   -4.00000E-03    4.53800E-02    89.4770    1.00000    5.16766E-11
   11   -1.92308E-02   -2.00000E-03    4.53800E-02    89.4770    1.00000    5.16766E-11
   11   -1.92308E-02  0.    4.53800E-02    89.4770    1.00000    5.16766E-11
   11   -1.92308E-02    2.00000E-03    4.53800E-02    89.4770    1.00000    5.16766E-11
   11   -1.92308E-02    4.00000E-03    4.53800E-02    89.4770    1.00000    5.16766E-11
   11   -1.92308E-02    6.00000E-03    4.53800E-02    89.4770    1.00000    5.16766E-11
   11   -1.92308E-02    8.00000E-03    4.53800E-02    89.4770    1.00000    5.16766E-11
   11   -1.92308E-02    1.00000E-02    4.53800E-02    89.4770    1.00000    5.16766E-11
   11   -1.92308E-02    1.20000E-02    4.53800E-02    89.4770    1.00000    5.16766E-11
   11   -1.92308E-02    1.40000E-02    4.53800E-02    89.4770    1.00000    5.16766E-11
   11   -1.92308E-02    1.60000E-02    4.53800E-02    89.4770    1.00000    5.16766E-11
   11   -1.92308E-02    1.80000E-02    4.53800E-02    89.4770    1.00000    5.16766E-11
   11   -1.92308E-02    2.00000E-02    4.53800E-02    89.4770    1.00000    5.16766E-11
   11   -1.92308E-02    2.20000E-02    4.53800E-02    89.4770    1.00000    5.16766E-11
   11   -1.92308E-02    2.40000E-02    4.53800E-02    89.4770    1.00000    5.16766E-11
   11   -1.92308E-02    2.60000E-02    4.52860E-02    89.4728    1.00000    5.14676E-11
   11   -1.92308E-02    2.80000E-02    4.54688E-02    89.4709    1.00000    5.18861E-11
   11   -1.92308E-02    3.00000E-02    4.53748E-02    89.4668    1.00000    5.16766E-11
   11   -1.92308E-02    3.20000E-02    4.54197E-02    89.4648    1.00000    5.17813E-11
   11   -1.92308E-02    3.40000E-02    4.54646E-02    89.4628    1.00000    5.18861E-11
   11   -1.92308E-02    3.60000E-02    4.54166E-02    89.4587    1.00000    5.17813E-11
   11   -1.92308E-02    3.80000E-02    4.54498E-02    89.4506    1.00000    5.18664E-11
   11   -1.92308E-02    4.00000E-02    4.55430E-02    89.4363    1.00000    5.20959E-11
   11   -1.92308E-02    4.20000E-02    4.55368E-02    89.4241    1.00000    5.20959E-11
   11   -1.92308E-02    4.40000E-02    4.57130E-02    89.4097    1.00000    5.25169E-11
   11   -1.92308E-02    4.60000E-02    4.55234E-02    89.3976    1.00000    5.20959E-11
   11   -1.92308E-02    4.80000E-02    4.58840E-02    89.3849    1.00000    5.29396E-11
   11   -1.92308E-02    5.00000E-02    4.58780E-02    89.3726    1.00000    5.29396E-11
   11   -1.53846E-02   -5.00000E-02   -18.0472   0.149547    1.00000    6.40569E-11
   11   -1.53846E-02   -4.80000E-02   -9.70827    34.5960    1.00000    1.94177E-05
   11   -1.53846E-02   -4.60000E-02  -0.262712    67.5301    1.00000    8.84796E-09
   11   -1.53846E-02   -4.40000E-02  -0.263193    67.7354    1.00000    8.82607E-09
   11   -1.53846E-02   -4.20000E-02  -0.264188    67.9498    1.00000    8.83701E-09
   11   -1.53846E-02   -4.00000E-02  -0.265169    68.1387    1.00000    8.85343E-09
   11   -1.53846E-02   -3.80000E-02  -0.265169    68.1387    1.00000    8.85343E-09
   11   -1.53846E-02   -3.60000E-02  -0.265169    68.1387    1.00000    8.85343E-09
   11   -1.53846E-02   -3.40000E-02  -0.265169    68.1387    1.00000    8.85343E-09
   11   -1.53846E-02   -3.20000E-02  -0.265169    68.1387    1.00000    8.85343E-09
   11   -1.53846E-02   -3.00000E-02  -0.265169    68.1387    1.00000    8.85343E-09
   11   -1.53846E-02   -2.80000E-02  -0.265169    68.1387    1.00000    8.85343E-09
   11   -1.53846E-02   -2.60000E-02  -0.265169    68.1387    1.00000    8.85343E-09
   11   -1.53846E-02   -2.40000E-02  -0.265169    68.1387    1.00000    8.85343E-09
   11   -1.53846E-02   -2.20000E-02  -0.265169    68.1387    1.00000    8.85343E-09
   11   -1.53846E-02   -2.00000E-02  -0.265169    68.1387    1.00000    8.85343E-09
   11   -1.53846E-02   -1.80000E-02  -0.265169    68.1387    1.00000    8.85343E-09
   11   -1.53846E-02   -1.60000E-02  -0.265169    68.1387    1.00000    8.85343E-09
   11   -1.53846E-02   -1.40000E-02  -0.265169    68.1387    1.00000    8.85343E-09
   11   -1.53846E-02   -1.20000E-02  -0.265169    68.1387    1.00000    8.85343E-09
   11   -1.53846E-02   -1.00000E-02  -0.265169    68.1387    1.00000    8.85343E-09
   11   -1.53846E-02   -8.00000E-03  -0.265169    68.1387    1.00000    8.85343E-09
   11   -1.53846E-02   -6.00000E-03  -0.265169    68.1387    1.00000    8.85343E-09
   11   -1.53846E-02   -4.00000E-03  -0.265169    68.1387    1.00000    8.85343E-09
   11   -1.53846E-02   -2.00000E-03  -0.265169    68.1387    1.00000    8.85343E-09
   11   -1.53846E-02  0.  -0.265169    68.1387    1.00000    8.85343E-09
   11   -1.53846E-02    2.00000E-03  -0.265169    68.1387    1.00000    8.85343E-09
   11   -1.53846E-02    4.00000E-03  -0.265169    68.1387    1.00000    8.85343E-09
   11   -1.53846E-02    6.00000E-03  -0.265169    68.1387    1.00000    8.85343E-09
   11   -1.53846E-02    8.00000E-03  -0.265169    68.1387    1.00000    8.85343E-09
   11   -1.53846E-02    1.00000E-02  -0.265169    68.1387    1.00000    8.85343E-09
   11   -1.53846E-02    1.20000E-02  -0.265169    68.1387    1.00000    8.85343E-09
   11   -1.53846E-02    1.40000E-02  -0.265169    68.1387    1.00000    8.85343E-09
   11   -1.53846E-02    1.60000E-02  -0.265169    68.1387    1.00000    8.85343E-09
   11   -1.53846E-02    1.80000E-02  -0.265169    68.1387    1.00000    8.85343E-09
   11   -1.53846E-02    2.00000E-02  -0.265169    68.1387    1.00000    8.85343E-09
   11   -1.53846E-02    2.20000E-02  -0.265169    68.1387    1.00000    8.85343E-09
   11   -1.53846E-02    2.40000E-02  -0.265169    68.1387    1.00000    8.85343E-09
   11   -1.53846E-02    2.60000E-02  -0.265157    68.1568    1.00000    8.84796E-09
   11   -1.53846E-02    2.80000E-02  -0.265192    68.1658    1.00000    8.84796E-09
   11   -1.53846E-02    3.00000E-02  -0.265345    68.1839    1.00000    8.85343E-09
   11   -1.53846E-02    3.20000E-02  -0.265298    68.1930    1.00000    8.84796E-09
   11   -1.53846E-02    3.40000E-02  -0.265333    68.2020    1.00000    8.84796E-09
   11   -1.53846E-02    3.60000E-02  -0.265444    68.2201    1.00000    8.85069E-09
   11   -1.53846E-02    3.80000E-02  -0.265606    68.2563    1.00000    8.85206E-09
   11   -1.53846E-02    4.00000E-02  -0.265833    68.3198    1.00000    8.85069E-09
   11   -1.53846E-02    4.20000E-02  -0.266086    68.3744    1.00000    8.85343E-09
   11   -1.53846E-02    4.40000E-02  -0.266251    68.4381    1.00000    8.84796E-09
   11   -1.53846E-02    4.60000E-02  -0.266465    68.4928    1.00000    8.84796E-09
   11   -1.53846E-02    4.80000E-02  -0.266842    68.5477    1.00000    8.85891E-09
   11   -1.53846E-02    5.00000E-02  -0.267057    68.6027    1.00000    8.85891E-09
   11   -1.15385E-02   -5.00000E-02   -18.0333   0.404707    1.00000    2.45657E-09
   11   -1.15385E-02   -4.80000E-02   -12.1983    20.8828    1.00000    7.72201E-05
   11   -1.15385E-02   -4.60000E-02   0.105785    55.3233    1.00000    5.10925E-09
   11   -1.15385E-02   -4.40000E-02   0.105664    55.2591    1.00000    5.10925E-09
   11   -1.15385E-02   -4.20000E-02   0.105359    55.1889    1.00000    5.09262E-09
   11   -1.15385E-02   -4.00000E-02   0.105334    55.1308    1.00000    5.10093E-09
   11   -1.15385E-02   -3.80000E-02   0.105334    55.1308    1.00000    5.10093E-09
   11   -1.15385E-02   -3.60000E-02   0.105334    55.1308    1.00000    5.10093E-09
   11   -1.15385E-02   -3.40000E-02   0.105334    55.1308    1.00000    5.10093E-09
   11   -1.15385E-02   -3.20000E-02   0.105334    55.1308    1.00000    5.10093E-09
   11   -1.15385E-02   -3.00000E-02   0.105334    55.1308    1.00000    5.10093E-09
   11   -1.15385E-02   -2.80000E-02   0.105334    55.1308    1.00000    5.10093E-09
   11   -1.15385E-02   -2.60000E-02   0.105334    55.1308    1.00000    5.10093E-09
   11   -1.15385E-02   -2.40000E-02   0.105334    55.1308    1.00000    5.10093E-09
   11   -1.15385E-02   -2.20000E-02   0.105334    55.1308    1.00000    5.10093E-09
   11   -1.15385E-02   -2.00000E-02   0.105334    55.1308    1.00000    5.10093E-09
   11   -1.15385E-02   -1.80000E-02   0.105334    55.1308    1.00000    5.10093E-09
   11   -1.15385E-02   -1.60000E-02   0.105334    55.1308    1.00000    5.10093E-09
   11   -1.15385E-02   -1.40000E-02   0.105334    55.1308    1.00000    5.10093E-09
   11   -1.15385E-02   -1.20000E-02   0.105334    55.1308    1.00000    5.10093E-09
   11   -1.15385E-02   -1.00000E-02   0.105334    55.1308    1.00000    5.10093E-09
   11   -1.15385E-02   -8.00000E-03   0.105334    55.1308    1.00000    5.10093E-09
   11   -1.15385E-02   -6.00000E-03   0.105334    55.1308    1.00000    5.10093E-09
   11   -1.15385E-02   -4.00000E-03   0.105334    55.1308    1.00000    5.10093E-09
   11   -1.15385E-02   -2.00000E-03   0.105334    55.1308    1.00000    5.10093E-09
   11   -1.15385E-02  0.   0.105334    55.1308    1.00000    5.10093E-09
   11   -1.15385E-02    2.00000E-03   0.105334    55.1308    1.00000    5.10093E-09
   11   -1.15385E-02    4.00000E-03   0.105334    55.1308    1.00000    5.10093E-09
   11   -1.15385E-02    6.00000E-03   0.105334    55.1308    1.00000    5.10093E-09
   11   -1.15385E-02    8.00000E-03   0.105334    55.1308    1.00000    5.10093E-09
   11   -1.15385E-02    1.00000E-02   0.105334    55.1308    1.00000    5.10093E-09
   11   -1.15385E-02    1.20000E-02   0.105334    55.1308    1.00000    5.10093E-09
   11   -1.15385E-02    1.40000E-02   0.105334    55.1308    1.00000    5.10093E-09
   11   -1.15385E-02    1.60000E-02   0.105334    55.1308    1.00000    5.10093E-09
   11   -1.15385E-02    1.80000E-02   0.105334    55.1308    1.00000    5.10093E-09
   11   -1.15385E-02    2.00000E-02   0.105334    55.1308    1.00000    5.10093E-09
   11   -1.15385E-02    2.20000E-02   0.105334    55.1308    1.00000    5.10093E-09
   11   -1.15385E-02    2.40000E-02   0.105334    55.1308    1.00000    5.10093E-09
   11   -1.15385E-02    2.60000E-02   0.105322    55.1250    1.00000    5.10093E-09
   11   -1.15385E-02    2.80000E-02   0.105317    55.1221    1.00000    5.10093E-09
   11   -1.15385E-02    3.00000E-02   0.105312    55.1192    1.00000    5.10093E-09
   11   -1.15385E-02    3.20000E-02   0.105343    55.1134    1.00000    5.10509E-09
   11   -1.15385E-02    3.40000E-02   0.105338    55.1105    1.00000    5.10509E-09
   11   -1.15385E-02    3.60000E-02   0.105284    55.1047    1.00000    5.10093E-09
   11   -1.15385E-02    3.80000E-02   0.105283    55.0931    1.00000    5.10301E-09
   11   -1.15385E-02    4.00000E-02   0.105271    55.0757    1.00000    5.10509E-09
   11   -1.15385E-02    4.20000E-02   0.105222    55.0554    1.00000    5.10405E-09
   11   -1.15385E-02    4.40000E-02   0.105194    55.0352    1.00000    5.10509E-09
   11   -1.15385E-02    4.60000E-02   0.105161    55.0178    1.00000    5.10509E-09
   11   -1.15385E-02    4.80000E-02   0.105176    55.0033    1.00000    5.10925E-09
   11   -1.15385E-02    5.00000E-02   0.105137    54.9831    1.00000    5.10925E-09
   11   -7.69231E-03   -5.00000E-02   -18.0611   -7.18096E-02    1.00000    3.13118E-10
   11   -7.69231E-03   -4.80000E-02   -16.2360    6.68377    1.00000    1.59314E-04
   11   -7.69231E-03   -4.60000E-02   -5.93912E-02    46.1234    1.00000    4.62217E-09
   11   -7.69231E-03   -4.40000E-02   -5.92274E-02    46.1552    1.00000    4.59057E-09
   11   -7.69231E-03   -4.20000E-02   -5.93716E-02    46.1879    1.00000    4.60635E-09
   11   -7.69231E-03   -4.00000E-02   -5.95068E-02    46.2139    1.00000    4.62217E-09
   11   -7.69231E-03   -3.80000E-02   -5.95068E-02    46.2139    1.00000    4.62217E-09
   11   -7.69231E-03   -3.60000E-02   -5.95068E-02    46.2139    1.00000    4.62217E-09
   11   -7.69231E-03   -3.40000E-02   -5.95068E-02    46.2139    1.00000    4.62217E-09
   11   -7.69231E-03   -3.20000E-02   -5.95068E-02    46.2139    1.00000    4.62217E-09
   11   -7.69231E-03   -3.00000E-02   -5.95068E-02    46.2139    1.00000    4.62217E-09
   11   -7.69231E-03   -2.80000E-02   -5.95068E-02    46.2139    1.00000    4.62217E-09
   11   -7.69231E-03   -2.60000E-02   -5.95068E-02    46.2139    1.00000    4.62217E-09
   11   -7.69231E-03   -2.40000E-02   -5.95068E-02    46.2139    1.00000    4.62217E-09
   11   -7.69231E-03   -2.20000E-02   -5.95068E-02    46.2139    1.00000    4.62217E-09
   11   -7.69231E-03   -2.00000E-02   -5.95068E-02    46.2139    1.00000    4.62217E-09
   11   -7.69231E-03   -1.80000E-02   -5.95068E-02    46.2139    1.00000    4.62217E-09
   11   -7.69231E-03   -1.60000E-02   -5.95068E-02    46.2139    1.00000    4.62217E-09
   11   -7.69231E-03   -1.40000E-02   -5.95068E-02    46.2139    1.00000    4.62217E-09
   11   -7.69231E-03   -1.20000E-02   -5.95068E-02    46.2139    1.00000    4.62217E-09
   11   -7.69231E-03   -1.00000E-02   -5.95068E-02    46.2139    1.00000    4.62217E-09
   11   -7.69231E-03   -8.00000E-03   -5.95068E-02    46.2139    1.00000    4.62217E-09
   11   -7.69231E-03   -6.00000E-03   -5.95068E-02    46.2139    1.00000    4.62217E-09
   11   -7.69231E-03   -4.00000E-03   -5.95068E-02    46.2139    1.00000    4.62217E-09
   11   -7.69231E-03   -2.00000E-03   -5.95068E-02    46.2139    1.00000    4.62217E-09
   11   -7.69231E-03  0.   -5.95068E-02    46.2139    1.00000    4.62217E-09
   11   -7.69231E-03    2.00000E-03   -5.95068E-02    46.2139    1.00000    4.62217E-09
   11   -7.69231E-03    4.00000E-03   -5.95068E-02    46.2139    1.00000    4.62217E-09
   11   -7.69231E-03    6.00000E-03   -5.95068E-02    46.2139    1.00000    4.62217E-09
   11   -7.69231E-03    8.00000E-03   -5.95068E-02    46.2139    1.00000    4.62217E-09
   11   -7.69231E-03    1.00000E-02   -5.95068E-02    46.2139    1.00000    4.62217E-09
   11   -7.69231E-03    1.20000E-02   -5.95068E-02    46.2139    1.00000    4.62217E-09
   11   -7.69231E-03    1.40000E-02   -5.95068E-02    46.2139    1.00000    4.62217E-09
   11   -7.69231E-03    1.60000E-02   -5.95068E-02    46.2139    1.00000    4.62217E-09
   11   -7.69231E-03    1.80000E-02   -5.95068E-02    46.2139    1.00000    4.62217E-09
   11   -7.69231E-03    2.00000E-02   -5.95068E-02    46.2139    1.00000    4.62217E-09
   11   -7.69231E-03    2.20000E-02   -5.95068E-02    46.2139    1.00000    4.62217E-09
   11   -7.69231E-03    2.40000E-02   -5.95068E-02    46.2139    1.00000    4.62217E-09
   11   -7.69231E-03    2.60000E-02   -5.95102E-02    46.2167    1.00000    4.62217E-09
   11   -7.69231E-03    2.80000E-02   -5.94611E-02    46.2181    1.00000    4.61426E-09
   11   -7.69231E-03    3.00000E-02   -5.95138E-02    46.2194    1.00000    4.62217E-09
   11   -7.69231E-03    3.20000E-02   -5.95174E-02    46.2222    1.00000    4.62217E-09
   11   -7.69231E-03    3.40000E-02   -5.94682E-02    46.2236    1.00000    4.61426E-09
   11   -7.69231E-03    3.60000E-02   -5.94717E-02    46.2263    1.00000    4.61426E-09
   11   -7.69231E-03    3.80000E-02   -5.95025E-02    46.2304    1.00000    4.61821E-09
   11   -7.69231E-03    4.00000E-02   -5.95149E-02    46.2401    1.00000    4.61821E-09
   11   -7.69231E-03    4.20000E-02   -5.95337E-02    46.2497    1.00000    4.61920E-09
   11   -7.69231E-03    4.40000E-02   -5.95379E-02    46.2580    1.00000    4.61821E-09
   11   -7.69231E-03    4.60000E-02   -5.95503E-02    46.2676    1.00000    4.61821E-09
   11   -7.69231E-03    4.80000E-02   -5.95847E-02    46.2745    1.00000    4.62217E-09
   11   -7.69231E-03    5.00000E-02   -5.96481E-02    46.2842    1.00000    4.63009E-09
   11   -3.84615E-03   -5.00000E-02   -18.0586   -6.16873E-02    1.00000    6.06235E-10
   11   -3.84615E-03   -4.80000E-02   -16.3701    5.86440    1.00000    1.83106E-04
   11   -3.84615E-03   -4.60000E-02   -6.47852    28.7112    1.00000    1.30058E-04
   11   -3.84615E-03   -4.40000E-02  -0.180588    39.5132    1.00000    1.06100E-07
   11   -3.84615E-03   -4.20000E-02  -0.181108    39.5989    1.00000    1.06252E-07
   11   -3.84615E-03   -4.00000E-02  -0.181355    39.6672    1.00000    1.06176E-07
   11   -3.84615E-03   -3.80000E-02  -0.181355    39.6672    1.00000    1.06176E-07
   11   -3.84615E-03   -3.60000E-02  -0.181355    39.6672    1.00000    1.06176E-07
   11   -3.84615E-03   -3.40000E-02  -0.181355    39.6672    1.00000    1.06176E-07
   11   -3.84615E-03   -3.20000E-02  -0.181355    39.6672    1.00000    1.06176E-07
   11   -3.84615E-03   -3.00000E-02  -0.181355    39.6672    1.00000    1.06176E-07
   11   -3.84615E-03   -2.80000E-02  -0.181355    39.6672    1.00000    1.06176E-07
   11   -3.84615E-03   -2.60000E-02  -0.181355    39.6672    1.00000    1.06176E-07
   11   -3.84615E-03   -2.40000E-02  -0.181355    39.6672    1.00000    1.06176E-07
   11   -3.84615E-03   -2.20000E-02  -0.181355    39.6672    1.00000    1.06176E-07
   11   -3.84615E-03   -2.00000E-02  -0.181355    39.6672    1.00000    1.06176E-07
   11   -3.84615E-03   -1.80000E-02  -0.181355    39.6672    1.00000    1.06176E-07
   11   -3.84615E-03   -1.60000E-02  -0.181355    39.6672    1.00000    1.06176E-07
   11   -3.84615E-03   -1.40000E-02  -0.181355    39.6672    1.00000    1.06176E-07
   11   -3.84615E-03   -1.20000E-02  -0.181355    39.6672    1.00000    1.06176E-07
   11   -3.84615E-03   -1.00000E-02  -0.181355    39.6672    1.00000    1.06176E-07
   11   -3.84615E-03   -8.00000E-03  -0.181355    39.6672    1.00000    1.06176E-07
   11   -3.84615E-03   -6.00000E-03  -0.181355    39.6672    1.00000    1.06176E-07
   11   -3.84615E-03   -4.00000E-03  -0.181355    39.6672    1.00000    1.06176E-07
   11   -3.84615E-03   -2.00000E-03  -0.181355    39.6672    1.00000    1.06176E-07
   11   -3.84615E-03  0.  -0.181355    39.6672    1.00000    1.06176E-07
   11   -3.84615E-03    2.00000E-03  -0.181355    39.6672    1.00000    1.06176E-07
   11   -3.84615E-03    4.00000E-03  -0.181355    39.6672    1.00000    1.06176E-07
   11   -3.84615E-03    6.00000E-03  -0.181355    39.6672    1.00000    1.06176E-07
   11   -3.84615E-03    8.00000E-03  -0.181355    39.6672    1.00000    1.06176E-07
   11   -3.84615E-03    1.00000E-02  -0.181355    39.6672    1.00000    1.06176E-07
   11   -3.84615E-03    1.20000E-02  -0.181355    39.6672    1.00000    1.06176E-07
   11   -3.84615E-03    1.40000E-02  -0.181355    39.6672    1.00000    1.06176E-07
   11   -3.84615E-03    1.60000E-02  -0.181355    39.6672    1.00000    1.06176E-07
   11   -3.84615E-03    1.80000E-02  -0.181355    39.6672    1.00000    1.06176E-07
   11   -3.84615E-03    2.00000E-02  -0.181355    39.6672    1.00000    1.06176E-07
   11   -3.84615E-03    2.20000E-02  -0.181355    39.6672    1.00000    1.06176E-07
   11   -3.84615E-03    2.40000E-02  -0.181355    39.6672    1.00000    1.06176E-07
   11   -3.84615E-03    2.60000E-02  -0.181307    39.6708    1.00000    1.06100E-07
   11   -3.84615E-03    2.80000E-02  -0.181340    39.6780    1.00000    1.06100E-07
   11   -3.84615E-03    3.00000E-02  -0.181389    39.6816    1.00000    1.06138E-07
   11   -3.84615E-03    3.20000E-02  -0.181454    39.6888    1.00000    1.06176E-07
   11   -3.84615E-03    3.40000E-02  -0.181438    39.6924    1.00000    1.06138E-07
   11   -3.84615E-03    3.60000E-02  -0.181471    39.6996    1.00000    1.06138E-07
   11   -3.84615E-03    3.80000E-02  -0.181488    39.7104    1.00000    1.06100E-07
   11   -3.84615E-03    4.00000E-02  -0.181604    39.7357    1.00000    1.06100E-07
   11   -3.84615E-03    4.20000E-02  -0.181727    39.7609    1.00000    1.06110E-07
   11   -3.84615E-03    4.40000E-02    1.62090    39.9995    1.00000    8.90965E-06
   11   -3.84615E-03    4.60000E-02    4.03916    40.0136    1.00000    6.07179E-05
   11   -3.84615E-03    4.80000E-02    4.52126    40.3375    1.00000    7.08214E-05
   11   -3.84615E-03    5.00000E-02   0.877900    43.0690    1.00000    1.52938E-06
   11  0.   -5.00000E-02   -18.0586   -6.16873E-02    1.00000    6.06235E-10
   11  0.   -4.80000E-02   -16.5465    5.10779    1.00000    2.13279E-04
   11  0.   -4.60000E-02   -8.42643    23.2648    1.00000    3.32475E-04
   11  0.   -4.40000E-02   -3.98658    30.1638    1.00000    9.86187E-05
   11  0.   -4.20000E-02   -2.83966E-02    34.8671    1.00000    5.72594E-09
   11  0.   -4.00000E-02   -2.85355E-02    34.8765    1.00000    5.77892E-09
   11  0.   -3.80000E-02   -2.85355E-02    34.8765    1.00000    5.77892E-09
   11  0.   -3.60000E-02   -2.85355E-02    34.8765    1.00000    5.77892E-09
   11  0.   -3.40000E-02   -2.85355E-02    34.8765    1.00000    5.77892E-09
   11  0.   -3.20000E-02   -2.85355E-02    34.8765    1.00000    5.77892E-09
   11  0.   -3.00000E-02   -2.85355E-02    34.8765    1.00000    5.77892E-09
   11  0.   -2.80000E-02   -2.85355E-02    34.8765    1.00000    5.77892E-09
   11  0.   -2.60000E-02   -2.85355E-02    34.8765    1.00000    5.77892E-09
   11  0.   -2.40000E-02   -2.85355E-02    34.8765    1.00000    5.77892E-09
   11  0.   -2.20000E-02   -2.85355E-02    34.8765    1.00000    5.77892E-09
   11  0.   -2.00000E-02   -2.85355E-02    34.8765    1.00000    5.77892E-09
   11  0.   -1.80000E-02   -2.85355E-02    34.8765    1.00000    5.77892E-09
   11  0.   -1.60000E-02   -2.85355E-02    34.8765    1.00000    5.77892E-09
   11  0.   -1.40000E-02   -2.85355E-02    34.8765    1.00000    5.77892E-09
   11  0.   -1.20000E-02   -2.85355E-02    34.8765    1.00000    5.77892E-09
   11  0.   -1.00000E-02   -2.85355E-02    34.8765    1.00000    5.77892E-09
   11  0.   -8.00000E-03   -2.85355E-02    34.8765    1.00000    5.77892E-09
   11  0.   -6.00000E-03   -2.85355E-02    34.8765    1.00000    5.77892E-09
   11  0.   -4.00000E-03  -0.433848    34.6984    1.00000    1.29787E-06
   11  0.   -2.00000E-03  -0.830110    34.5617    1.00000    4.60831E-06
   11  0.  0.   -1.02373    34.5142    1.00000    6.89638E-06
   11  0.    2.00000E-03   -1.17992    34.5956    1.00000    8.86583E-06
   11  0.    4.00000E-03   -1.11512    34.8124    1.00000    7.67218E-06
   11  0.    6.00000E-03   -1.06202    34.9885    1.00000    6.83294E-06
   11  0.    8.00000E-03   -1.23666    35.0270    1.00000    8.97640E-06
   11  0.    1.00000E-02  -0.939600    35.3902    1.00000    5.08592E-06
   11  0.    1.20000E-02   -1.11645    35.4300    1.00000    6.95521E-06
   11  0.    1.40000E-02   -1.29580    35.4695    1.00000    9.07363E-06
   11  0.    1.60000E-02   -1.24113    35.6529    1.00000    8.17014E-06
   11  0.    1.80000E-02  -0.948731    35.9814    1.00000    4.69166E-06
   11  0.    2.00000E-02   -1.13116    36.0227    1.00000    6.45667E-06
   11  0.    2.20000E-02   -1.07357    36.2117    1.00000    5.70712E-06
   11  0.    2.40000E-02   -1.26055    36.2528    1.00000    7.61489E-06
   11  0.    2.60000E-02   -1.21882    36.4178    1.00000    6.98779E-06
   11  0.    2.80000E-02   -1.17704    36.6041    1.00000    6.38940E-06
   11  0.    3.00000E-02   -1.13397    36.7678    1.00000    5.82172E-06
   11  0.    3.20000E-02   -1.09080    36.9512    1.00000    5.28259E-06
   11  0.    3.40000E-02   -1.04623    37.1134    1.00000    4.77117E-06
   11  0.    3.60000E-02   -1.28764    37.0872    1.00000    7.08444E-06
   11  0.    3.80000E-02  -0.697072    37.5880    1.00000    2.04503E-06
   11  0.    4.00000E-02    2.10605    38.7849    1.00000    1.94927E-05
   11  0.    4.20000E-02    4.70439    39.6143    1.00000    1.03289E-04
   11  0.    4.40000E-02    5.49032    39.9942    1.00000    1.32651E-04
   11  0.    4.60000E-02    4.72021    40.5920    1.00000    7.86682E-05
   11  0.    4.80000E-02    3.96630    41.3318    1.00000    4.57882E-05
   11  0.    5.00000E-02  -0.370187    44.7468    1.00000    2.13708E-07
   11    3.84615E-03   -5.00000E-02   -18.0586   -6.16873E-02    1.00000    6.06235E-10
   11    3.84615E-03   -4.80000E-02   -16.7287    4.40607    1.00000    2.35467E-04
   11    3.84615E-03   -4.60000E-02   -8.26849    22.2955    1.00000    4.10845E-04
   11    3.84615E-03   -4.40000E-02   -6.67712    24.7325    1.00000    4.03572E-04
   11    3.84615E-03   -4.20000E-02   -2.63280    29.2183    1.00000    8.28007E-05
   11    3.84615E-03   -4.00000E-02  -0.567836    30.8696    1.00000    4.35450E-06
   11    3.84615E-03   -3.80000E-02  -0.875064    30.7942    1.00000    1.00481E-05
   11    3.84615E-03   -3.60000E-02   -1.16538    30.7858    1.00000    1.70825E-05
   11    3.84615E-03   -3.40000E-02   -1.10462    30.9925    1.00000    1.48995E-05
   11    3.84615E-03   -3.20000E-02   -1.04245    31.2019    1.00000    1.28799E-05
   11    3.84615E-03   -3.00000E-02  -0.978818    31.4140    1.00000    1.10204E-05
   11    3.84615E-03   -2.80000E-02  -0.913761    31.6290    1.00000    9.31934E-06
   11    3.84615E-03   -2.60000E-02   -1.04416    31.6976    1.00000    1.18093E-05
   11    3.84615E-03   -2.40000E-02  -0.978378    31.9165    1.00000    1.00577E-05
   11    3.84615E-03   -2.20000E-02  -0.922970    32.1005    1.00000    8.69405E-06
   11    3.84615E-03   -2.00000E-02   -1.05771    32.1709    1.00000    1.10753E-05
   11    3.84615E-03   -1.80000E-02  -0.989922    32.3964    1.00000    9.40625E-06
   11    3.84615E-03   -1.60000E-02   -1.12722    32.4684    1.00000    1.18269E-05
   11    3.84615E-03   -1.40000E-02   -1.07128    32.6588    1.00000    1.03695E-05
   11    3.84615E-03   -1.20000E-02   -1.00141    32.8912    1.00000    8.78146E-06
   11    3.84615E-03   -1.00000E-02   -1.15525    32.9255    1.00000    1.13443E-05
   11    3.84615E-03   -8.00000E-03   -1.08484    33.1619    1.00000    9.69188E-06
   11    3.84615E-03   -6.00000E-03   -1.03667    33.3218    1.00000    8.69748E-06
   11    3.84615E-03   -4.00000E-03   -1.19536    33.3566    1.00000    1.12207E-05
   11    3.84615E-03   -2.00000E-03   -1.12342    33.5993    1.00000    9.59788E-06
   11    3.84615E-03  0.   -1.08675    33.7219    1.00000    8.83812E-06
   11    3.84615E-03    2.00000E-03   -1.01209    33.9697    1.00000    7.42146E-06
   11    3.84615E-03    4.00000E-03   -1.17610    34.0062    1.00000    9.71872E-06
   11    3.84615E-03    6.00000E-03   -1.12520    34.1749    1.00000    8.73804E-06
   11    3.84615E-03    8.00000E-03   -1.06251    34.3859    1.00000    7.55205E-06
   11    3.84615E-03    1.00000E-02   -1.02373    34.5142    1.00000    6.89638E-06
   11    3.84615E-03    1.20000E-02   -1.17992    34.5956    1.00000    8.86583E-06
   11    3.84615E-03    1.40000E-02   -1.14118    34.7256    1.00000    8.15683E-06
   11    3.84615E-03    1.60000E-02   -1.07545    34.9440    1.00000    7.01798E-06
   11    3.84615E-03    1.80000E-02   -1.02172    35.1215    1.00000    6.21928E-06
   11    3.84615E-03    2.00000E-02   -1.19704    35.1604    1.00000    8.27027E-06
   11    3.84615E-03    2.20000E-02   -1.15709    35.2946    1.00000    7.59819E-06
   11    3.84615E-03    2.40000E-02   -1.11645    35.4300    1.00000    6.95521E-06
   11    3.84615E-03    2.60000E-02   -1.28244    35.5386    1.00000    8.86167E-06
   11    3.84615E-03    2.80000E-02   -1.25780    35.6734    1.00000    8.37303E-06
   11    3.84615E-03    3.00000E-02   -1.21746    35.8311    1.00000    7.70317E-06
   11    3.84615E-03    3.20000E-02   -1.17721    36.0096    1.00000    7.06432E-06
   11    3.84615E-03    3.40000E-02   0.166104    36.9819    1.00000    1.39125E-07
   11    3.84615E-03    3.60000E-02    1.56384    37.9063    1.00000    1.22441E-05
   11    3.84615E-03    3.80000E-02    3.29007    38.9625    1.00000    5.41440E-05
   11    3.84615E-03    4.00000E-02    6.08550    40.0402    1.00000    1.97933E-04
   11    3.84615E-03    4.20000E-02    5.89870    40.4443    1.00000    1.57235E-04
   11    3.84615E-03    4.40000E-02    5.14616    40.9914    1.00000    9.65188E-05
   11    3.84615E-03    4.60000E-02    4.22183    41.6052    1.00000    5.22843E-05
   11    3.84615E-03    4.80000E-02    3.88129    42.1764    1.00000    3.82287E-05
   11    3.84615E-03    5.00000E-02   -1.47005    46.3417    1.00000    2.71410E-06
   11    7.69231E-03   -5.00000E-02   -18.0611   -7.18096E-02    1.00000    3.13118E-10
   11    7.69231E-03   -4.80000E-02   -17.1497    3.07642    1.00000    1.86035E-04
   11    7.69231E-03   -4.60000E-02   -8.22632    21.2535    1.00000    5.00475E-04
   11    7.69231E-03   -4.40000E-02   -6.35935    24.0880    1.00000    4.51552E-04
   11    7.69231E-03   -4.20000E-02   -1.38523    29.5585    1.00000    2.79019E-05
   11    7.69231E-03   -4.00000E-02  -0.956340    30.0639    1.00000    1.36558E-05
   11    7.69231E-03   -3.80000E-02   -1.07524    30.1256    1.00000    1.67759E-05
   11    7.69231E-03   -3.60000E-02   -1.01650    30.3234    1.00000    1.45652E-05
   11    7.69231E-03   -3.40000E-02  -0.956453    30.5238    1.00000    1.25255E-05
   11    7.69231E-03   -3.20000E-02   -1.05979    30.6543    1.00000    1.47417E-05
   11    7.69231E-03   -3.00000E-02   -1.00902    30.8244    1.00000    1.29937E-05
   11    7.69231E-03   -2.80000E-02   -1.13515    30.8889    1.00000    1.59695E-05
   11    7.69231E-03   -2.60000E-02   -1.07370    31.0969    1.00000    1.38691E-05
   11    7.69231E-03   -2.40000E-02   -1.01086    31.3076    1.00000    1.19312E-05
   11    7.69231E-03   -2.20000E-02   -1.14007    31.3745    1.00000    1.47310E-05
   11    7.69231E-03   -2.00000E-02   -1.08767    31.5526    1.00000    1.30282E-05
   11    7.69231E-03   -1.80000E-02   -1.02297    31.7696    1.00000    1.11802E-05
   11    7.69231E-03   -1.60000E-02  -0.978378    31.9165    1.00000    1.00577E-05
   11    7.69231E-03   -1.40000E-02  -0.922970    32.1005    1.00000    8.69405E-06
   11    7.69231E-03   -1.20000E-02   -1.05771    32.1709    1.00000    1.10753E-05
   11    7.69231E-03   -1.00000E-02   -1.00117    32.3584    1.00000    9.63543E-06
   11    7.69231E-03   -8.00000E-03   -1.13951    32.4295    1.00000    1.21039E-05
   11    7.69231E-03   -6.00000E-03  -0.885182    32.7405    1.00000    7.17864E-06
   11    7.69231E-03   -4.00000E-03   -1.03644    32.7747    1.00000    9.55537E-06
   11    7.69231E-03   -2.00000E-03   -1.17800    32.8479    1.00000    1.19650E-05
   11    7.69231E-03  0.  -0.929787    33.1269    1.00000    7.33544E-06
   11    7.69231E-03    2.00000E-03   -1.07263    33.2021    1.00000    9.46060E-06
   11    7.69231E-03    4.00000E-03   -1.03667    33.3218    1.00000    8.69748E-06
   11    7.69231E-03    6.00000E-03  -0.976180    33.5226    1.00000    7.48120E-06
   11    7.69231E-03    8.00000E-03   -1.12342    33.5993    1.00000    9.59788E-06
   11    7.69231E-03    1.00000E-02   -1.08675    33.7219    1.00000    8.83812E-06
   11    7.69231E-03    1.20000E-02   -1.24953    33.7576    1.00000    1.13325E-05
   11    7.69231E-03    1.40000E-02  -0.973990    34.0950    1.00000    6.76252E-06
   11    7.69231E-03    1.60000E-02   -1.13876    34.1318    1.00000    8.96385E-06
   11    7.69231E-03    1.80000E-02   -1.10084    34.2584    1.00000    8.24084E-06
   11    7.69231E-03    2.00000E-02   -1.04870    34.4294    1.00000    7.34554E-06
   11    7.69231E-03    2.20000E-02   -1.21815    34.4665    1.00000    9.60726E-06
   11    7.69231E-03    2.40000E-02  -0.944680    34.7737    1.00000    5.68157E-06
   11    7.69231E-03    2.60000E-02  -0.905220    34.9365    1.00000    5.12168E-06
   11    7.69231E-03    2.80000E-02   0.354384    35.9392    1.00000    7.72733E-07
   11    7.69231E-03    3.00000E-02    1.67096    36.9342    1.00000    1.69423E-05
   11    7.69231E-03    3.20000E-02    3.03711    37.8584    1.00000    5.54747E-05
   11    7.69231E-03    3.40000E-02    4.00305    38.8033    1.00000    9.31363E-05
   11    7.69231E-03    3.60000E-02    5.70956    39.9278    1.00000    1.90827E-04
   11    7.69231E-03    3.80000E-02    7.26971    40.8100    1.00000    3.10410E-04
   11    7.69231E-03    4.00000E-02    6.55937    41.1345    1.00000    2.01295E-04
   11    7.69231E-03    4.20000E-02    5.37264    41.4682    1.00000    1.06022E-04
   11    7.69231E-03    4.40000E-02    4.66400    41.9233    1.00000    6.62687E-05
   11    7.69231E-03    4.60000E-02    3.91934    42.5896    1.00000    3.82290E-05
   11    7.69231E-03    4.80000E-02    3.81800    43.1035    1.00000    3.21285E-05
   11    7.69231E-03    5.00000E-02   -2.65624    48.2207    1.00000    6.94324E-06
   11    1.15385E-02   -5.00000E-02   -18.0333   0.404707    1.00000    2.45657E-09
   11    1.15385E-02   -4.80000E-02   -17.3741    2.29122    1.00000    1.50946E-04
   11    1.15385E-02   -4.60000E-02   -8.41802    19.9511    1.00000    6.46839E-04
   11    1.15385E-02   -4.40000E-02   -5.35722    24.4788    1.00000    3.76574E-04
   11    1.15385E-02   -4.20000E-02  -0.796224    29.4486    1.00000    1.06085E-05
   11    1.15385E-02   -4.00000E-02   -1.00206    29.4609    1.00000    1.67750E-05
   11    1.15385E-02   -3.80000E-02   -1.09939    29.5824    1.00000    1.93828E-05
   11    1.15385E-02   -3.60000E-02   -1.04308    29.7732    1.00000    1.69585E-05
   11    1.15385E-02   -3.40000E-02  -0.985573    29.9664    1.00000    1.47131E-05
   11    1.15385E-02   -3.20000E-02  -0.926861    30.1619    1.00000    1.26436E-05
   11    1.15385E-02   -3.00000E-02   -1.04610    30.2242    1.00000    1.56511E-05
   11    1.15385E-02   -2.80000E-02  -0.997298    30.3893    1.00000    1.38371E-05
   11    1.15385E-02   -2.60000E-02  -0.936823    30.5904    1.00000    1.18589E-05
   11    1.15385E-02   -2.40000E-02   -1.05979    30.6543    1.00000    1.47417E-05
   11    1.15385E-02   -2.20000E-02  -0.998741    30.8590    1.00000    1.27124E-05
   11    1.15385E-02   -2.00000E-02  -0.946834    31.0314    1.00000    1.11079E-05
   11    1.15385E-02   -1.80000E-02   -1.07370    31.0969    1.00000    1.38691E-05
   11    1.15385E-02   -1.60000E-02   -1.01086    31.3076    1.00000    1.19312E-05
   11    1.15385E-02   -1.40000E-02  -0.978818    31.4140    1.00000    1.10204E-05
   11    1.15385E-02   -1.20000E-02  -0.913761    31.6290    1.00000    9.31934E-06
   11    1.15385E-02   -1.00000E-02   -1.05553    31.6607    1.00000    1.20853E-05
   11    1.15385E-02   -8.00000E-03  -0.990015    31.8792    1.00000    1.03133E-05
   11    1.15385E-02   -6.00000E-03  -0.944905    32.0271    1.00000    9.23919E-06
   11    1.15385E-02   -4.00000E-03   -1.09096    32.0593    1.00000    1.19650E-05
   11    1.15385E-02   -2.00000E-03   -1.03512    32.2455    1.00000    1.04604E-05
   11    1.15385E-02  0.  -0.989922    32.3964    1.00000    9.40625E-06
   11    1.15385E-02    2.00000E-03   -1.13951    32.4295    1.00000    1.21039E-05
   11    1.15385E-02    4.00000E-03  -0.885182    32.7405    1.00000    7.17864E-06
   11    1.15385E-02    6.00000E-03   -1.03644    32.7747    1.00000    9.55537E-06
   11    1.15385E-02    8.00000E-03   -1.00141    32.8912    1.00000    8.78146E-06
   11    1.15385E-02    1.00000E-02  -0.929787    33.1269    1.00000    7.33544E-06
   11    1.15385E-02    1.20000E-02  -0.893341    33.2460    1.00000    6.66539E-06
   11    1.15385E-02    1.40000E-02   -1.04913    33.2812    1.00000    8.92138E-06
   11    1.15385E-02    1.60000E-02   -1.00025    33.4424    1.00000    7.96908E-06
   11    1.15385E-02    1.80000E-02  -0.938965    33.6446    1.00000    6.81166E-06
   11    1.15385E-02    2.00000E-02    2.83075E-03    34.4511    1.00000    6.08373E-11
   11    1.15385E-02    2.20000E-02   0.983082    35.2862    1.00000    7.20612E-06
   11    1.15385E-02    2.40000E-02    1.81362    36.1041    1.00000    2.36988E-05
   11    1.15385E-02    2.60000E-02    3.37612    37.2593    1.00000    8.09740E-05
   11    1.15385E-02    2.80000E-02    4.50853    38.3419    1.00000    1.41053E-04
   11    1.15385E-02    3.00000E-02    5.69433    39.3507    1.00000    2.20853E-04
   11    1.15385E-02    3.20000E-02    7.23203    40.4933    1.00000    3.52050E-04
   11    1.15385E-02    3.40000E-02    8.32654    41.3971    1.00000    4.53727E-04
   11    1.15385E-02    3.60000E-02    7.75564    41.6429    1.00000    3.40040E-04
   11    1.15385E-02    3.80000E-02    6.81987    41.8389    1.00000    2.16535E-04
   11    1.15385E-02    4.00000E-02    5.82580    42.0753    1.00000    1.27330E-04
   11    1.15385E-02    4.20000E-02    4.98043    42.4889    1.00000    7.52104E-05
   11    1.15385E-02    4.40000E-02    4.46019    42.8982    1.00000    5.10145E-05
   11    1.15385E-02    4.60000E-02    3.85479    43.5189    1.00000    3.21285E-05
   11    1.15385E-02    4.80000E-02    3.36960    44.1151    1.00000    2.13310E-05
   11    1.15385E-02    5.00000E-02   -4.08708    50.1713    1.00000    1.29677E-05
   11    1.53846E-02   -5.00000E-02   -18.0472   0.149547    1.00000    6.40569E-11
   11    1.53846E-02   -4.80000E-02   -17.8684   0.641134    1.00000    1.95575E-05
   11    1.53846E-02   -4.60000E-02   -10.5981    15.7423    1.00000    1.01189E-03
   11    1.53846E-02   -4.40000E-02   -4.52778    24.7156    1.00000    3.11751E-04
   11    1.53846E-02   -4.20000E-02  -0.817164    28.9385    1.00000    1.23228E-05
   11    1.53846E-02   -4.00000E-02   -1.01679    28.9724    1.00000    1.90196E-05
   11    1.53846E-02   -3.80000E-02  -0.962448    29.1552    1.00000    1.65734E-05
   11    1.53846E-02   -3.60000E-02  -0.916944    29.3086    1.00000    1.46480E-05
   11    1.53846E-02   -3.40000E-02  -0.860330    29.4956    1.00000    1.25379E-05
   11    1.53846E-02   -3.20000E-02  -0.802615    29.6849    1.00000    1.06085E-05
   11    1.53846E-02   -3.00000E-02   -1.07139    29.6775    1.00000    1.81485E-05
   11    1.53846E-02   -2.80000E-02  -0.858466    29.9380    1.00000    1.14685E-05
   11    1.53846E-02   -2.60000E-02  -0.809161    30.0999    1.00000    9.91495E-06
   11    1.53846E-02   -2.40000E-02  -0.926861    30.1619    1.00000    1.26436E-05
   11    1.53846E-02   -2.20000E-02  -0.866768    30.3600    1.00000    1.07424E-05
   11    1.53846E-02   -2.00000E-02  -0.986679    30.4233    1.00000    1.35253E-05
   11    1.53846E-02   -1.80000E-02  -0.936823    30.5904    1.00000    1.18589E-05
   11    1.53846E-02   -1.60000E-02   -1.05979    30.6543    1.00000    1.47417E-05
   11    1.53846E-02   -1.40000E-02   -1.00902    30.8244    1.00000    1.29937E-05
   11    1.53846E-02   -1.20000E-02  -0.967613    30.9625    1.00000    1.17573E-05
   11    1.53846E-02   -1.00000E-02  -0.915207    31.1359    1.00000    1.02253E-05
   11    1.53846E-02   -8.00000E-03   -1.04245    31.2019    1.00000    1.28799E-05
   11    1.53846E-02   -6.00000E-03   -1.01086    31.3076    1.00000    1.19312E-05
   11    1.53846E-02   -4.00000E-03  -0.946465    31.5212    1.00000    1.01502E-05
   11    1.53846E-02   -2.00000E-03   -1.08767    31.5526    1.00000    1.30282E-05
   11    1.53846E-02  0.   -1.04416    31.6976    1.00000    1.18093E-05
   11    1.53846E-02    2.00000E-03  -0.990015    31.8792    1.00000    1.03133E-05
   11    1.53846E-02    4.00000E-03  -0.944905    32.0271    1.00000    9.23919E-06
   11    1.53846E-02    6.00000E-03   -1.09096    32.0593    1.00000    1.19650E-05
   11    1.53846E-02    8.00000E-03  -0.854364    32.3249    1.00000    7.22425E-06
   11    1.53846E-02    1.00000E-02  -0.368405    32.8669    1.00000    1.30158E-06
   11    1.53846E-02    1.20000E-02   0.741090    33.7932    1.00000    5.17504E-06
   11    1.53846E-02    1.40000E-02    1.72374    34.6797    1.00000    2.71143E-05
   11    1.53846E-02    1.60000E-02    2.70457    35.5071    1.00000    6.55280E-05
   11    1.53846E-02    1.80000E-02    3.72255    36.3960    1.00000    1.21628E-04
   11    1.53846E-02    2.00000E-02    4.35612    37.1908    1.00000    1.60156E-04
   11    1.53846E-02    2.20000E-02    5.47472    38.2967    1.00000    2.46231E-04
   11    1.53846E-02    2.40000E-02    6.40403    39.2617    1.00000    3.28129E-04
   11    1.53846E-02    2.60000E-02    7.91621    40.4635    1.00000    4.93282E-04
   11    1.53846E-02    2.80000E-02    9.00023    41.4179    1.00000    6.18119E-04
   11    1.53846E-02    3.00000E-02    8.29537    41.5751    1.00000    4.50163E-04
   11    1.53846E-02    3.20000E-02    7.68446    41.8496    1.00000    3.36700E-04
   11    1.53846E-02    3.40000E-02    7.71983    42.4095    1.00000    3.05070E-04
   11    1.53846E-02    3.60000E-02    7.01330    42.5898    1.00000    2.19030E-04
   11    1.53846E-02    3.80000E-02    6.37750    42.8489    1.00000    1.53190E-04
   11    1.53846E-02    4.00000E-02    5.27727    43.0818    1.00000    8.38346E-05
   11    1.53846E-02    4.20000E-02    4.79686    43.5435    1.00000    5.85903E-05
   11    1.53846E-02    4.40000E-02    3.89990    44.0280    1.00000    3.21287E-05
   11    1.53846E-02    4.60000E-02    3.74671    44.4501    1.00000    2.62869E-05
   11    1.53846E-02    4.80000E-02    3.22785    45.0388    1.00000    1.69183E-05
   11    1.53846E-02    5.00000E-02   -5.28217    52.0995    1.00000    1.75426E-05
   11    1.92308E-02   -4.80000E-02   -18.0438    1.58865E-02    1.00000    1.40448E-08
   11    1.92308E-02   -4.60000E-02   -11.7525    13.2569    1.00000    1.23503E-03
   11    1.92308E-02   -4.40000E-02   -3.79920    24.9798    1.00000    2.52070E-04
   11    1.92308E-02   -4.20000E-02  -0.695069    28.5524    1.00000    9.90616E-06
   11    1.92308E-02   -4.00000E-02   -1.03977    28.4696    1.00000    2.18971E-05
   11    1.92308E-02   -3.80000E-02  -0.987602    28.6461    1.00000    1.92212E-05
   11    1.92308E-02   -3.60000E-02  -0.934228    28.8249    1.00000    1.67330E-05
   11    1.92308E-02   -3.40000E-02  -0.879780    29.0058    1.00000    1.44349E-05
   11    1.92308E-02   -3.20000E-02  -0.999601    29.0323    1.00000    1.81524E-05
   11    1.92308E-02   -3.00000E-02  -0.944729    29.2160    1.00000    1.57683E-05
   11    1.92308E-02   -2.80000E-02  -0.888794    29.4018    1.00000    1.35707E-05
   11    1.92308E-02   -2.60000E-02   -1.00206    29.4609    1.00000    1.67750E-05
   11    1.92308E-02   -2.40000E-02  -0.955309    29.6179    1.00000    1.48411E-05
   11    1.92308E-02   -2.20000E-02  -0.916819    29.7454    1.00000    1.34586E-05
   11    1.92308E-02   -2.00000E-02  -0.858466    29.9380    1.00000    1.14685E-05
   11    1.92308E-02   -1.80000E-02  -0.985573    29.9664    1.00000    1.47131E-05
   11    1.92308E-02   -1.60000E-02  -0.926861    30.1619    1.00000    1.26436E-05
   11    1.92308E-02   -1.40000E-02   -1.05642    30.1906    1.00000    1.59835E-05
   11    1.92308E-02   -1.20000E-02  -0.836233    30.4600    1.00000    9.85493E-06
   11    1.92308E-02   -1.00000E-02  -0.967233    30.4895    1.00000    1.28273E-05
   11    1.92308E-02   -8.00000E-03  -0.906122    30.6920    1.00000    1.09332E-05
   11    1.92308E-02   -6.00000E-03  -0.875064    30.7942    1.00000    1.00481E-05
   11    1.92308E-02   -4.00000E-03  -0.998741    30.8590    1.00000    1.27124E-05
   11    1.92308E-02   -2.00000E-03  -0.779703    31.1048    1.00000    7.63225E-06
   11    1.92308E-02  0.  -0.714458    31.3151    1.00000    6.22103E-06
   11    1.92308E-02    2.00000E-03   0.325749    32.2363    1.00000    1.25473E-06
   11    1.92308E-02    4.00000E-03    1.38855    33.1199    1.00000    2.24033E-05
   11    1.92308E-02    6.00000E-03    2.33501    33.9980    1.00000    6.13140E-05
   11    1.92308E-02    8.00000E-03    3.26991    34.7844    1.00000    1.18074E-04
   11    1.92308E-02    1.00000E-02    4.46771    35.8640    1.00000    2.15266E-04
   11    1.92308E-02    1.20000E-02    5.32801    36.8416    1.00000    2.94029E-04
   11    1.92308E-02    1.40000E-02    6.19047    37.7688    1.00000    3.86428E-04
   11    1.92308E-02    1.60000E-02    7.15908    38.8049    1.00000    4.96519E-04
   11    1.92308E-02    1.80000E-02    8.12207    39.7819    1.00000    6.22503E-04
   11    1.92308E-02    2.00000E-02    9.10566    40.7461    1.00000    7.62871E-04
   11    1.92308E-02    2.20000E-02    9.74870    41.5751    1.00000    8.30217E-04
   11    1.92308E-02    2.40000E-02    9.42319    41.9877    1.00000    6.88612E-04
   11    1.92308E-02    2.60000E-02    8.82233    42.2710    1.00000    5.11078E-04
   11    1.92308E-02    2.80000E-02    8.17346    42.4442    1.00000    3.84079E-04
   11    1.92308E-02    3.00000E-02    7.55428    42.6618    1.00000    2.83106E-04
   11    1.92308E-02    3.20000E-02    7.28437    43.0554    1.00000    2.35524E-04
   11    1.92308E-02    3.40000E-02    6.68933    43.2793    1.00000    1.76990E-04
   11    1.92308E-02    3.60000E-02    6.41415    43.7025    1.00000    1.43182E-04
   11    1.92308E-02    3.80000E-02    5.89836    43.9778    1.00000    1.04988E-04
   11    1.92308E-02    4.00000E-02    4.86689    44.1792    1.00000    5.85902E-05
   11    1.92308E-02    4.20000E-02    4.20589    44.5409    1.00000    3.73269E-05
   11    1.92308E-02    4.40000E-02    3.52619    45.1017    1.00000    2.21065E-05
   11    1.92308E-02    4.60000E-02    3.29317    45.5273    1.00000    1.72607E-05
   11    1.92308E-02    4.80000E-02    2.69324    46.2076    1.00000    9.92779E-06
   11    1.92308E-02    5.00000E-02   -7.83631    54.9731    1.00000    2.88332E-05
   11    2.30769E-02   -4.80000E-02   -18.0485    2.13139E-02    1.00000    1.66379E-08
   11    2.30769E-02   -4.60000E-02   -14.3547    8.25054    1.00000    1.23202E-03
   11    2.30769E-02   -4.40000E-02   -3.36019    24.9420    1.00000    2.22864E-04
   11    2.30769E-02   -4.20000E-02  -0.572977    28.2077    1.00000    7.38282E-06
   11    2.30769E-02   -4.00000E-02  -0.922727    28.0445    1.00000    1.91845E-05
   11    2.30769E-02   -3.80000E-02  -0.871291    28.2158    1.00000    1.66512E-05
   11    2.30769E-02   -3.60000E-02  -0.818846    28.3890    1.00000    1.43149E-05
   11    2.30769E-02   -3.40000E-02  -0.923814    28.4443    1.00000    1.77362E-05
   11    2.30769E-02   -3.20000E-02  -0.870795    28.6204    1.00000    1.53349E-05
   11    2.30769E-02   -3.00000E-02  -0.826208    28.7683    1.00000    1.34492E-05
   11    2.30769E-02   -2.80000E-02  -0.934228    28.8249    1.00000    1.67330E-05
   11    2.30769E-02   -2.60000E-02  -0.879780    29.0058    1.00000    1.44349E-05
   11    2.30769E-02   -2.40000E-02  -0.999601    29.0323    1.00000    1.81524E-05
   11    2.30769E-02   -2.20000E-02  -0.944729    29.2160    1.00000    1.57683E-05
   11    2.30769E-02   -2.00000E-02  -0.906837    29.3403    1.00000    1.43078E-05
   11    2.30769E-02   -1.80000E-02  -0.860330    29.4956    1.00000    1.25379E-05
   11    2.30769E-02   -1.60000E-02  -0.973963    29.5552    1.00000    1.56253E-05
   11    2.30769E-02   -1.40000E-02  -0.926698    29.7131    1.00000    1.37687E-05
   11    2.30769E-02   -1.20000E-02  -0.887822    29.8414    1.00000    1.24424E-05
   11    2.30769E-02   -1.00000E-02  -0.839028    30.0023    1.00000    1.08142E-05
   11    2.30769E-02   -8.00000E-03  -0.239711    30.6061    1.00000    8.56985E-07
   11    2.30769E-02   -6.00000E-03   0.910406    31.5505    1.00000    1.21542E-05
   11    2.30769E-02   -4.00000E-03    1.96649    32.4995    1.00000    5.49315E-05
   11    2.30769E-02   -2.00000E-03    3.02652    33.3744    1.00000    1.27784E-04
   11    2.30769E-02  0.    3.98150    34.2177    1.00000    2.14317E-04
   11    2.30769E-02    2.00000E-03    5.12827    35.3675    1.00000    3.45571E-04
   11    2.30769E-02    4.00000E-03    6.20365    36.5172    1.00000    4.85022E-04
   11    2.30769E-02    6.00000E-03    7.28179    37.5918    1.00000    6.50177E-04
   11    2.30769E-02    8.00000E-03    8.26160    38.6479    1.00000    8.03672E-04
   11    2.30769E-02    1.00000E-02    9.21228    39.6012    1.00000    9.73782E-04
   11    2.30769E-02    1.20000E-02   10.28063    40.7040    1.00000    1.16491E-03
   11    2.30769E-02    1.40000E-02   10.23437    41.2506    1.00000    1.04154E-03
   11    2.30769E-02    1.60000E-02    9.74870    41.5751    1.00000    8.30217E-04
   11    2.30769E-02    1.80000E-02    9.42319    41.9877    1.00000    6.88612E-04
   11    2.30769E-02    2.00000E-02    9.00459    42.2880    1.00000    5.65269E-04
   11    2.30769E-02    2.20000E-02    8.57647    42.6397    1.00000    4.53727E-04
   11    2.30769E-02    2.40000E-02    8.27491    42.9710    1.00000    3.84079E-04
   11    2.30769E-02    2.60000E-02    7.68040    43.2164    1.00000    2.85614E-04
   11    2.30769E-02    2.80000E-02    7.40450    43.5974    1.00000    2.37713E-04
   11    2.30769E-02    3.00000E-02    6.58944    43.6750    1.00000    1.63705E-04
   11    2.30769E-02    3.20000E-02    6.47650    44.1270    1.00000    1.43183E-04
   11    2.30769E-02    3.40000E-02    6.11099    44.4501    1.00000    1.13643E-04
   11    2.30769E-02    3.60000E-02    5.90775    44.8192    1.00000    9.73040E-05
   11    2.30769E-02    3.80000E-02    5.23214    44.9886    1.00000    6.67979E-05
   11    2.30769E-02    4.00000E-02    4.35732    45.2880    1.00000    3.83459E-05
   11    2.30769E-02    4.20000E-02    3.92976    45.6399    1.00000    2.71334E-05
   11    2.30769E-02    4.40000E-02    3.38745    46.0879    1.00000    1.75960E-05
   11    2.30769E-02    4.60000E-02    3.13747    46.5735    1.00000    1.34503E-05
   11    2.30769E-02    4.80000E-02    2.43791    47.2470    1.00000    7.06122E-06
   11    2.30769E-02    5.00000E-02   -9.56126    57.5566    1.00000    3.38258E-05
   11    2.69231E-02   -4.80000E-02   -18.0370    6.11708E-02    1.00000    6.73954E-08
   11    2.69231E-02   -4.60000E-02   -15.6902    5.40214    1.00000    9.67246E-04
   11    2.69231E-02   -4.40000E-02   -2.93704    24.8976    1.00000    1.91904E-04
   11    2.69231E-02   -4.20000E-02  -0.597660    27.7320    1.00000    8.82221E-06
   11    2.69231E-02   -4.00000E-02  -0.937248    27.6013    1.00000    2.16949E-05
   11    2.69231E-02   -3.80000E-02  -0.887694    27.7672    1.00000    1.89527E-05
   11    2.69231E-02   -3.60000E-02  -0.845599    27.9067    1.00000    1.67673E-05
   11    2.69231E-02   -3.40000E-02  -0.947990    27.9597    1.00000    2.05226E-05
   11    2.69231E-02   -3.20000E-02  -0.897097    28.1299    1.00000    1.78915E-05
   11    2.69231E-02   -3.00000E-02   -1.00126    28.1840    1.00000    2.16992E-05
   11    2.69231E-02   -2.80000E-02  -0.818846    28.3890    1.00000    1.43149E-05
   11    2.69231E-02   -2.60000E-02  -0.765217    28.5644    1.00000    1.21664E-05
   11    2.69231E-02   -2.40000E-02  -0.870795    28.6204    1.00000    1.53349E-05
   11    2.69231E-02   -2.20000E-02  -0.826208    28.7683    1.00000    1.34492E-05
   11    2.69231E-02   -2.00000E-02  -0.934228    28.8249    1.00000    1.67330E-05
   11    2.69231E-02   -1.80000E-02  -0.743159    29.0393    1.00000    1.04408E-05
   11    2.69231E-02   -1.60000E-02   0.157965    29.8613    1.00000    4.58111E-07
   11    2.69231E-02   -1.40000E-02    1.46261    30.9623    1.00000    3.81179E-05
   11    2.69231E-02   -1.20000E-02    2.62030    31.9315    1.00000    1.20031E-04
   11    2.69231E-02   -1.00000E-02    3.69018    32.8527    1.00000    2.30828E-04
   11    2.69231E-02   -8.00000E-03    4.80807    33.8938    1.00000    3.78220E-04
   11    2.69231E-02   -6.00000E-03    5.92453    35.0329    1.00000    5.57683E-04
   11    2.69231E-02   -4.00000E-03    6.98890    36.1827    1.00000    7.44069E-04
   11    2.69231E-02   -2.00000E-03    8.28384    37.4347    1.00000    1.01496E-03
   11    2.69231E-02  0.    9.25535    38.4670    1.00000    1.21769E-03
   11    2.69231E-02    2.00000E-03   10.45660    39.6262    1.00000    1.51114E-03
   11    2.69231E-02    4.00000E-03    11.1155    40.4526    1.00000    1.62410E-03
   11    2.69231E-02    6.00000E-03    10.6386    40.8643    1.00000    1.27915E-03
   11    2.69231E-02    8.00000E-03   10.04751    41.1670    1.00000    9.91048E-04
   11    2.69231E-02    1.00000E-02    9.55424    41.4882    1.00000    7.86994E-04
   11    2.69231E-02    1.20000E-02    9.22120    41.8975    1.00000    6.50587E-04
   11    2.69231E-02    1.40000E-02    8.85893    42.3109    1.00000    5.31560E-04
   11    2.69231E-02    1.60000E-02    8.39992    42.6083    1.00000    4.28506E-04
   11    2.69231E-02    1.80000E-02    8.38176    43.1601    1.00000    3.87358E-04
   11    2.69231E-02    2.00000E-02    8.05985    43.4971    1.00000    3.25091E-04
   11    2.69231E-02    2.20000E-02    7.71599    43.8363    1.00000    2.69977E-04
   11    2.69231E-02    2.40000E-02    7.42911    44.2142    1.00000    2.24006E-04
   11    2.69231E-02    2.60000E-02    6.76011    44.3096    1.00000    1.65863E-04
   11    2.69231E-02    2.80000E-02    6.31693    44.5295    1.00000    1.31171E-04
   11    2.69231E-02    3.00000E-02    5.93625    44.8395    1.00000    1.03287E-04
   11    2.69231E-02    3.20000E-02    5.72299    45.2029    1.00000    8.79525E-05
   11    2.69231E-02    3.40000E-02    5.54889    45.5917    1.00000    7.47089E-05
   11    2.69231E-02    3.60000E-02    5.31205    45.9987    1.00000    6.24477E-05
   11    2.69231E-02    3.80000E-02    4.51658    46.0831    1.00000    3.93726E-05
   11    2.69231E-02    4.00000E-02    4.08544    46.4633    1.00000    2.79889E-05
   11    2.69231E-02    4.20000E-02    3.55723    46.7958    1.00000    1.86404E-05
   11    2.69231E-02    4.40000E-02    3.26666    47.1821    1.00000    1.40446E-05
   11    2.69231E-02    4.60000E-02    2.58650    47.7436    1.00000    7.70446E-06
   11    2.69231E-02    4.80000E-02    2.15293    48.2984    1.00000    4.77091E-06
   11    2.69231E-02    5.00000E-02   -11.4539    60.3340    1.00000    3.79994E-05
   11    3.07692E-02   -4.80000E-02   -18.0365    5.23638E-02    1.00000    2.16528E-08
   11    3.07692E-02   -4.60000E-02   -16.2795    4.18978    1.00000    9.23155E-04
   11    3.07692E-02   -4.40000E-02   -2.65648    24.7404    1.00000    1.75129E-04
   11    3.07692E-02   -4.20000E-02  -0.501304    27.3441    1.00000    6.87317E-06
   11    3.07692E-02   -4.00000E-02  -0.829363    27.1903    1.00000    1.88494E-05
   11    3.07692E-02   -3.80000E-02  -0.780942    27.3625    1.00000    1.62696E-05
   11    3.07692E-02   -3.60000E-02  -0.878222    27.4139    1.00000    2.00486E-05
   11    3.07692E-02   -3.40000E-02  -0.837671    27.5496    1.00000    1.77892E-05
   11    3.07692E-02   -3.20000E-02  -0.787601    27.7147    1.00000    1.53167E-05
   11    3.07692E-02   -3.00000E-02  -0.887694    27.7672    1.00000    1.89527E-05
   11    3.07692E-02   -2.80000E-02  -0.845599    27.9067    1.00000    1.67673E-05
   11    3.07692E-02   -2.60000E-02  -0.811360    28.0197    1.00000    1.52130E-05
   11    3.07692E-02   -2.40000E-02   0.671235    29.2724    1.00000    1.01065E-05
   11    3.07692E-02   -2.20000E-02    1.91755    30.3209    1.00000    8.00902E-05
   11    3.07692E-02   -2.00000E-02    3.24763    31.4551    1.00000    2.22496E-04
   11    3.07692E-02   -1.80000E-02    4.60591    32.5420    1.00000    4.38819E-04
   11    3.07692E-02   -1.60000E-02    5.68074    33.6184    1.00000    6.42358E-04
   11    3.07692E-02   -1.40000E-02    6.84629    34.8742    1.00000    8.92813E-04
   11    3.07692E-02   -1.20000E-02    8.06149    36.0995    1.00000    1.20024E-03
   11    3.07692E-02   -1.00000E-02    9.21686    37.3024    1.00000    1.50432E-03
   11    3.07692E-02   -8.00000E-03    10.5871    38.6001    1.00000    1.92631E-03
   11    3.07692E-02   -6.00000E-03    11.6298    39.6741    1.00000    2.23437E-03
   11    3.07692E-02   -4.00000E-03    11.9224    40.4346    1.00000    2.12722E-03
   11    3.07692E-02   -2.00000E-03    11.1557    40.7020    1.00000    1.56821E-03
   11    3.07692E-02  0.   10.42653    40.9302    1.00000    1.17827E-03
   11    3.07692E-02    2.00000E-03   10.07036    41.4246    1.00000    9.52351E-04
   11    3.07692E-02    4.00000E-03    9.56863    41.7495    1.00000    7.54367E-04
   11    3.07692E-02    6.00000E-03    8.95930    41.9566    1.00000    5.87177E-04
   11    3.07692E-02    8.00000E-03    8.58084    42.3683    1.00000    4.76334E-04
   11    3.07692E-02    1.00000E-02    8.39126    42.8823    1.00000    4.07534E-04
   11    3.07692E-02    1.20000E-02    8.07637    43.2156    1.00000    3.42923E-04
   11    3.07692E-02    1.40000E-02    7.73991    43.5510    1.00000    2.85618E-04
   11    3.07692E-02    1.60000E-02    7.38062    43.8883    1.00000    2.35135E-04
   11    3.07692E-02    1.80000E-02    7.20728    44.2682    1.00000    2.06101E-04
   11    3.07692E-02    2.00000E-02    6.80611    44.6112    1.00000    1.65863E-04
   11    3.07692E-02    2.20000E-02    6.86931    45.1187    1.00000    1.57343E-04
   11    3.07692E-02    2.40000E-02    6.40946    45.3251    1.00000    1.24025E-04
   11    3.07692E-02    2.60000E-02    5.92494    45.5525    1.00000    9.56756E-05
   11    3.07692E-02    2.80000E-02    5.43787    45.7519    1.00000    7.28023E-05
   11    3.07692E-02    3.00000E-02    5.15591    46.0644    1.00000    5.98723E-05
   11    3.07692E-02    3.20000E-02    5.16297    46.4895    1.00000    5.58630E-05
   11    3.07692E-02    3.40000E-02    4.88791    46.7966    1.00000    4.57843E-05
   11    3.07692E-02    3.60000E-02    4.50392    47.0322    1.00000    3.59880E-05
   11    3.07692E-02    3.80000E-02    3.95441    47.2780    1.00000    2.44827E-05
   11    3.07692E-02    4.00000E-02    3.76495    47.6222    1.00000    1.96821E-05
   11    3.07692E-02    4.20000E-02    3.09573    47.9674    1.00000    1.17751E-05
   11    3.07692E-02    4.40000E-02    2.77151    48.4037    1.00000    8.39106E-06
   11    3.07692E-02    4.60000E-02    2.36815    48.9366    1.00000    5.48803E-06
   11    3.07692E-02    4.80000E-02    1.45098    49.7630    1.00000    1.79310E-06
   11    3.07692E-02    5.00000E-02   -12.2805    62.7049    1.00000    3.68457E-05
