   9   -3.07692E-02   -4.80000E-02   -21.2617   -36.5097    1.00000    6.77737E-10
   9   -3.07692E-02   -4.60000E-02   -27.7641   -48.1721    1.00000    6.77737E-10
   9   -3.07692E-02   -4.40000E-02   -41.6478   -72.5929    1.00000    6.78495E-10
   9   -3.07692E-02   -4.20000E-02   -86.8327   -150.790    1.00000    6.78305E-10
   9   -3.07692E-02   -4.00000E-02    673.488    1170.49    1.00000    6.78458E-10
   9   -3.07692E-02   -3.80000E-02    503.829    875.629    1.00000    6.78465E-10
   9   -3.07692E-02   -3.60000E-02    503.829    875.629    1.00000    6.78465E-10
   9   -3.07692E-02   -3.40000E-02    503.829    875.629    1.00000    6.78465E-10
   9   -3.07692E-02   -3.20000E-02    503.829    875.629    1.00000    6.78465E-10
   9   -3.07692E-02   -3.00000E-02    503.829    875.629    1.00000    6.78465E-10
   9   -3.07692E-02   -2.80000E-02    503.829    875.629    1.00000    6.78465E-10
   9   -3.07692E-02   -2.60000E-02    503.829    875.629    1.00000    6.78465E-10
   9   -3.07692E-02   -2.40000E-02    503.829    875.629    1.00000    6.78465E-10
   9   -3.07692E-02   -2.20000E-02    503.829    875.629    1.00000    6.78465E-10
   9   -3.07692E-02   -2.00000E-02    503.829    875.629    1.00000    6.78465E-10
   9   -3.07692E-02   -1.80000E-02    503.829    875.629    1.00000    6.78465E-10
   9   -3.07692E-02   -1.60000E-02    503.829    875.629    1.00000    6.78465E-10
   9   -3.07692E-02   -1.40000E-02    503.829    875.629    1.00000    6.78465E-10
   9   -3.07692E-02   -1.20000E-02    503.829    875.629    1.00000    6.78465E-10
   9   -3.07692E-02   -1.00000E-02    503.829    875.629    1.00000    6.78465E-10
   9   -3.07692E-02   -8.00000E-03    503.829    875.629    1.00000    6.78465E-10
   9   -3.07692E-02   -6.00000E-03    503.829    875.629    1.00000    6.78465E-10
   9   -3.07692E-02   -4.00000E-03    503.829    875.629    1.00000    6.78465E-10
   9   -3.07692E-02   -2.00000E-03    503.829    875.629    1.00000    6.78465E-10
   9   -3.07692E-02  0.    503.829    875.629    1.00000    6.78465E-10
   9   -3.07692E-02    2.00000E-03    503.829    875.629    1.00000    6.78465E-10
   9   -3.07692E-02    4.00000E-03    503.829    875.629    1.00000    6.78465E-10
   9   -3.07692E-02    6.00000E-03    503.829    875.629    1.00000    6.78465E-10
   9   -3.07692E-02    8.00000E-03    503.829    875.629    1.00000    6.78465E-10
   9   -3.07692E-02    1.00000E-02    503.829    875.629    1.00000    6.78465E-10
   9   -3.07692E-02    1.20000E-02    503.829    875.629    1.00000    6.78465E-10
   9   -3.07692E-02    1.40000E-02    503.829    875.629    1.00000    6.78465E-10
   9   -3.07692E-02    1.60000E-02    503.829    875.629    1.00000    6.78465E-10
   9   -3.07692E-02    1.80000E-02    503.829    875.629    1.00000    6.78465E-10
   9   -3.07692E-02    2.00000E-02    503.829    875.629    1.00000    6.78465E-10
   9   -3.07692E-02    2.20000E-02    503.829    875.629    1.00000    6.78465E-10
   9   -3.07692E-02    2.40000E-02    402.443    699.436    1.00000    6.78459E-10
   9   -3.07692E-02    2.60000E-02    335.031    582.266    1.00000    6.78471E-10
   9   -3.07692E-02    2.80000E-02    250.954    436.145    1.00000    6.78471E-10
   9   -3.07692E-02    3.00000E-02    222.974    387.526    1.00000    6.78495E-10
   9   -3.07692E-02    3.20000E-02    200.611    348.644    1.00000    6.78447E-10
   9   -3.07692E-02    3.40000E-02    167.092    290.381    1.00000    6.78495E-10
   9   -3.07692E-02    3.60000E-02    154.212    267.975    1.00000    6.78495E-10
   9   -3.07692E-02    3.80000E-02    111.299    193.436    1.00000    6.78495E-10
   9   -3.07692E-02    4.00000E-02    80.1077    139.073    1.00000    6.78684E-10
   9   -3.07692E-02    4.20000E-02    64.5782    112.257    1.00000    6.78684E-10
   9   -3.07692E-02    4.40000E-02    52.6782    91.4530    1.00000    6.78684E-10
   9   -3.07692E-02    4.60000E-02    45.4933    78.8779    1.00000    6.78684E-10
   9   -3.07692E-02    4.80000E-02    40.0235    69.5828    1.00000    6.78495E-10
   9   -3.07692E-02    5.00000E-02    35.7281    62.2747    1.00000    6.78495E-10
   9   -2.69231E-02   -4.80000E-02   -9.38703E-02    240.366    1.00000    5.72594E-13
   9   -2.69231E-02   -4.60000E-02   -8.67396E-02    240.674    1.00000    4.87891E-13
   9   -2.69231E-02   -4.40000E-02   -9.04475E-02    240.894    1.00000    5.29396E-13
   9   -2.69231E-02   -4.20000E-02   -8.87325E-02    241.171    1.00000    5.08432E-13
   9   -2.69231E-02   -4.00000E-02   -8.79229E-02    241.439    1.00000    4.98108E-13
   9   -2.69231E-02   -3.80000E-02   -8.79229E-02    241.439    1.00000    4.98108E-13
   9   -2.69231E-02   -3.60000E-02   -8.79229E-02    241.439    1.00000    4.98108E-13
   9   -2.69231E-02   -3.40000E-02   -8.79229E-02    241.439    1.00000    4.98108E-13
   9   -2.69231E-02   -3.20000E-02   -8.79229E-02    241.439    1.00000    4.98108E-13
   9   -2.69231E-02   -3.00000E-02   -8.79229E-02    241.439    1.00000    4.98108E-13
   9   -2.69231E-02   -2.80000E-02   -8.79229E-02    241.439    1.00000    4.98108E-13
   9   -2.69231E-02   -2.60000E-02   -8.79229E-02    241.439    1.00000    4.98108E-13
   9   -2.69231E-02   -2.40000E-02   -8.79229E-02    241.439    1.00000    4.98108E-13
   9   -2.69231E-02   -2.20000E-02   -8.79229E-02    241.439    1.00000    4.98108E-13
   9   -2.69231E-02   -2.00000E-02   -8.79229E-02    241.439    1.00000    4.98108E-13
   9   -2.69231E-02   -1.80000E-02   -8.79229E-02    241.439    1.00000    4.98108E-13
   9   -2.69231E-02   -1.60000E-02   -8.79229E-02    241.439    1.00000    4.98108E-13
   9   -2.69231E-02   -1.40000E-02   -8.79229E-02    241.439    1.00000    4.98108E-13
   9   -2.69231E-02   -1.20000E-02   -8.79229E-02    241.439    1.00000    4.98108E-13
   9   -2.69231E-02   -1.00000E-02   -8.79229E-02    241.439    1.00000    4.98108E-13
   9   -2.69231E-02   -8.00000E-03   -8.79229E-02    241.439    1.00000    4.98108E-13
   9   -2.69231E-02   -6.00000E-03   -8.79229E-02    241.439    1.00000    4.98108E-13
   9   -2.69231E-02   -4.00000E-03   -8.79229E-02    241.439    1.00000    4.98108E-13
   9   -2.69231E-02   -2.00000E-03   -8.79229E-02    241.439    1.00000    4.98108E-13
   9   -2.69231E-02  0.   -8.79229E-02    241.439    1.00000    4.98108E-13
   9   -2.69231E-02    2.00000E-03   -8.79229E-02    241.439    1.00000    4.98108E-13
   9   -2.69231E-02    4.00000E-03   -8.79229E-02    241.439    1.00000    4.98108E-13
   9   -2.69231E-02    6.00000E-03   -8.79229E-02    241.439    1.00000    4.98108E-13
   9   -2.69231E-02    8.00000E-03   -8.79229E-02    241.439    1.00000    4.98108E-13
   9   -2.69231E-02    1.00000E-02   -8.79229E-02    241.439    1.00000    4.98108E-13
   9   -2.69231E-02    1.20000E-02   -8.79229E-02    241.439    1.00000    4.98108E-13
   9   -2.69231E-02    1.40000E-02   -8.79229E-02    241.439    1.00000    4.98108E-13
   9   -2.69231E-02    1.60000E-02   -8.79229E-02    241.439    1.00000    4.98108E-13
   9   -2.69231E-02    1.80000E-02   -8.79229E-02    241.439    1.00000    4.98108E-13
   9   -2.69231E-02    2.00000E-02   -8.79229E-02    241.439    1.00000    4.98108E-13
   9   -2.69231E-02    2.20000E-02   -8.79229E-02    241.439    1.00000    4.98108E-13
   9   -2.69231E-02    2.40000E-02   -8.83800E-02    241.449    1.00000    5.03257E-13
   9   -2.69231E-02    2.60000E-02   -8.88374E-02    241.461    1.00000    5.08432E-13
   9   -2.69231E-02    2.80000E-02   -8.88412E-02    241.471    1.00000    5.08432E-13
   9   -2.69231E-02    3.00000E-02   -8.79424E-02    241.492    1.00000    4.98108E-13
   9   -2.69231E-02    3.20000E-02   -8.88534E-02    241.503    1.00000    5.08432E-13
   9   -2.69231E-02    3.40000E-02   -8.88606E-02    241.525    1.00000    5.08432E-13
   9   -2.69231E-02    3.60000E-02   -8.79572E-02    241.534    1.00000    4.98108E-13
   9   -2.69231E-02    3.80000E-02   -8.88836E-02    241.589    1.00000    5.08432E-13
   9   -2.69231E-02    4.00000E-02   -9.07224E-02    241.659    1.00000    5.29396E-13
   9   -2.69231E-02    4.20000E-02   -9.25648E-02    241.743    1.00000    5.50783E-13
   9   -2.69231E-02    4.40000E-02   -9.07719E-02    241.802    1.00000    5.29396E-13
   9   -2.69231E-02    4.60000E-02   -9.08007E-02    241.879    1.00000    5.29396E-13
   9   -2.69231E-02    4.80000E-02   -8.71896E-02    241.922    1.00000    4.87891E-13
   9   -2.69231E-02    5.00000E-02   -9.08516E-02    242.000    1.00000    5.29396E-13
   9   -2.30769E-02   -4.80000E-02   -59.7386   -201.939    1.00000    1.59118E-06
   9   -2.30769E-02   -4.60000E-02    1.50566    136.592    1.00000    5.28549E-09
   9   -2.30769E-02   -4.40000E-02    1.47823    134.262    1.00000    5.27280E-09
   9   -2.30769E-02   -4.20000E-02    1.45257    131.828    1.00000    5.28126E-09
   9   -2.30769E-02   -4.00000E-02    1.42856    129.662    1.00000    5.28020E-09
   9   -2.30769E-02   -3.80000E-02    1.42856    129.662    1.00000    5.28020E-09
   9   -2.30769E-02   -3.60000E-02    1.42856    129.662    1.00000    5.28020E-09
   9   -2.30769E-02   -3.40000E-02    1.42856    129.662    1.00000    5.28020E-09
   9   -2.30769E-02   -3.20000E-02    1.42856    129.662    1.00000    5.28020E-09
   9   -2.30769E-02   -3.00000E-02    1.42856    129.662    1.00000    5.28020E-09
   9   -2.30769E-02   -2.80000E-02    1.42856    129.662    1.00000    5.28020E-09
   9   -2.30769E-02   -2.60000E-02    1.42856    129.662    1.00000    5.28020E-09
   9   -2.30769E-02   -2.40000E-02    1.42856    129.662    1.00000    5.28020E-09
   9   -2.30769E-02   -2.20000E-02    1.42856    129.662    1.00000    5.28020E-09
   9   -2.30769E-02   -2.00000E-02    1.42856    129.662    1.00000    5.28020E-09
   9   -2.30769E-02   -1.80000E-02    1.42856    129.662    1.00000    5.28020E-09
   9   -2.30769E-02   -1.60000E-02    1.42856    129.662    1.00000    5.28020E-09
   9   -2.30769E-02   -1.40000E-02    1.42856    129.662    1.00000    5.28020E-09
   9   -2.30769E-02   -1.20000E-02    1.42856    129.662    1.00000    5.28020E-09
   9   -2.30769E-02   -1.00000E-02    1.42856    129.662    1.00000    5.28020E-09
   9   -2.30769E-02   -8.00000E-03    1.42856    129.662    1.00000    5.28020E-09
   9   -2.30769E-02   -6.00000E-03    1.42856    129.662    1.00000    5.28020E-09
   9   -2.30769E-02   -4.00000E-03    1.42856    129.662    1.00000    5.28020E-09
   9   -2.30769E-02   -2.00000E-03    1.42856    129.662    1.00000    5.28020E-09
   9   -2.30769E-02  0.    1.42856    129.662    1.00000    5.28020E-09
   9   -2.30769E-02    2.00000E-03    1.42856    129.662    1.00000    5.28020E-09
   9   -2.30769E-02    4.00000E-03    1.42856    129.662    1.00000    5.28020E-09
   9   -2.30769E-02    6.00000E-03    1.42856    129.662    1.00000    5.28020E-09
   9   -2.30769E-02    8.00000E-03    1.42856    129.662    1.00000    5.28020E-09
   9   -2.30769E-02    1.00000E-02    1.42856    129.662    1.00000    5.28020E-09
   9   -2.30769E-02    1.20000E-02    1.42856    129.662    1.00000    5.28020E-09
   9   -2.30769E-02    1.40000E-02    1.42856    129.662    1.00000    5.28020E-09
   9   -2.30769E-02    1.60000E-02    1.42856    129.662    1.00000    5.28020E-09
   9   -2.30769E-02    1.80000E-02    1.42856    129.662    1.00000    5.28020E-09
   9   -2.30769E-02    2.00000E-02    1.42856    129.662    1.00000    5.28020E-09
   9   -2.30769E-02    2.20000E-02    1.42856    129.662    1.00000    5.28020E-09
   9   -2.30769E-02    2.40000E-02    1.42856    129.662    1.00000    5.28020E-09
   9   -2.30769E-02    2.60000E-02    1.42638    129.477    1.00000    5.27914E-09
   9   -2.30769E-02    2.80000E-02    1.42508    129.385    1.00000    5.27703E-09
   9   -2.30769E-02    3.00000E-02    1.42362    129.200    1.00000    5.28126E-09
   9   -2.30769E-02    3.20000E-02    1.42261    129.108    1.00000    5.28126E-09
   9   -2.30769E-02    3.40000E-02    1.42087    128.925    1.00000    5.28337E-09
   9   -2.30769E-02    3.60000E-02    1.41930    128.834    1.00000    5.27914E-09
   9   -2.30769E-02    3.80000E-02    1.41556    128.469    1.00000    5.28126E-09
   9   -2.30769E-02    4.00000E-02    1.40858    127.835    1.00000    5.28126E-09
   9   -2.30769E-02    4.20000E-02    1.40275    127.206    1.00000    5.28972E-09
   9   -2.30769E-02    4.40000E-02    1.39636    126.674    1.00000    5.28549E-09
   9   -2.30769E-02    4.60000E-02    1.39056    126.145    1.00000    5.28549E-09
   9   -2.30769E-02    4.80000E-02    1.38469    125.622    1.00000    5.28549E-09
   9   -2.30769E-02    5.00000E-02    1.38011    125.097    1.00000    5.29396E-09
   9   -1.92308E-02   -4.80000E-02   -32.4067   -28.9886    1.00000    1.76031E-05
   9   -1.92308E-02   -4.60000E-02   -4.54923E-02    89.3366    1.00000    5.20959E-11
   9   -1.92308E-02   -4.40000E-02   -4.58831E-02    89.3829    1.00000    5.29396E-11
   9   -1.92308E-02   -4.20000E-02   -4.53574E-02    89.4323    1.00000    5.16766E-11
   9   -1.92308E-02   -4.00000E-02   -4.54719E-02    89.4770    1.00000    5.18861E-11
   9   -1.92308E-02   -3.80000E-02   -4.54719E-02    89.4770    1.00000    5.18861E-11
   9   -1.92308E-02   -3.60000E-02   -4.54719E-02    89.4770    1.00000    5.18861E-11
   9   -1.92308E-02   -3.40000E-02   -4.54719E-02    89.4770    1.00000    5.18861E-11
   9   -1.92308E-02   -3.20000E-02   -4.54719E-02    89.4770    1.00000    5.18861E-11
   9   -1.92308E-02   -3.00000E-02   -4.54719E-02    89.4770    1.00000    5.18861E-11
   9   -1.92308E-02   -2.80000E-02   -4.54719E-02    89.4770    1.00000    5.18861E-11
   9   -1.92308E-02   -2.60000E-02   -4.54719E-02    89.4770    1.00000    5.18861E-11
   9   -1.92308E-02   -2.40000E-02   -4.54719E-02    89.4770    1.00000    5.18861E-11
   9   -1.92308E-02   -2.20000E-02   -4.54719E-02    89.4770    1.00000    5.18861E-11
   9   -1.92308E-02   -2.00000E-02   -4.54719E-02    89.4770    1.00000    5.18861E-11
   9   -1.92308E-02   -1.80000E-02   -4.54719E-02    89.4770    1.00000    5.18861E-11
   9   -1.92308E-02   -1.60000E-02   -4.54719E-02    89.4770    1.00000    5.18861E-11
   9   -1.92308E-02   -1.40000E-02   -4.54719E-02    89.4770    1.00000    5.18861E-11
   9   -1.92308E-02   -1.20000E-02   -4.54719E-02    89.4770    1.00000    5.18861E-11
   9   -1.92308E-02   -1.00000E-02   -4.54719E-02    89.4770    1.00000    5.18861E-11
   9   -1.92308E-02   -8.00000E-03   -4.54719E-02    89.4770    1.00000    5.18861E-11
   9   -1.92308E-02   -6.00000E-03   -4.54719E-02    89.4770    1.00000    5.18861E-11
   9   -1.92308E-02   -4.00000E-03   -4.54719E-02    89.4770    1.00000    5.18861E-11
   9   -1.92308E-02   -2.00000E-03   -4.54719E-02    89.4770    1.00000    5.18861E-11
   9   -1.92308E-02  0.   -4.54719E-02    89.4770    1.00000    5.18861E-11
   9   -1.92308E-02    2.00000E-03   -4.54719E-02    89.4770    1.00000    5.18861E-11
   9   -1.92308E-02    4.00000E-03   -4.54719E-02    89.4770    1.00000    5.18861E-11
   9   -1.92308E-02    6.00000E-03   -4.54719E-02    89.4770    1.00000    5.18861E-11
   9   -1.92308E-02    8.00000E-03   -4.54719E-02    89.4770    1.00000    5.18861E-11
   9   -1.92308E-02    1.00000E-02   -4.54719E-02    89.4770    1.00000    5.18861E-11
   9   -1.92308E-02    1.20000E-02   -4.54719E-02    89.4770    1.00000    5.18861E-11
   9   -1.92308E-02    1.40000E-02   -4.54719E-02    89.4770    1.00000    5.18861E-11
   9   -1.92308E-02    1.60000E-02   -4.54719E-02    89.4770    1.00000    5.18861E-11
   9   -1.92308E-02    1.80000E-02   -4.54719E-02    89.4770    1.00000    5.18861E-11
   9   -1.92308E-02    2.00000E-02   -4.54719E-02    89.4770    1.00000    5.18861E-11
   9   -1.92308E-02    2.20000E-02   -4.54719E-02    89.4770    1.00000    5.18861E-11
   9   -1.92308E-02    2.40000E-02   -4.54719E-02    89.4770    1.00000    5.18861E-11
   9   -1.92308E-02    2.60000E-02   -4.53821E-02    89.4810    1.00000    5.16766E-11
   9   -1.92308E-02    2.80000E-02   -4.55669E-02    89.4832    1.00000    5.20959E-11
   9   -1.92308E-02    3.00000E-02   -4.55689E-02    89.4873    1.00000    5.20959E-11
   9   -1.92308E-02    3.20000E-02   -4.55700E-02    89.4893    1.00000    5.20959E-11
   9   -1.92308E-02    3.40000E-02   -4.55710E-02    89.4913    1.00000    5.20959E-11
   9   -1.92308E-02    3.60000E-02   -4.55732E-02    89.4954    1.00000    5.20959E-11
   9   -1.92308E-02    3.80000E-02   -4.55771E-02    89.5036    1.00000    5.20959E-11
   9   -1.92308E-02    4.00000E-02   -4.55844E-02    89.5179    1.00000    5.20959E-11
   9   -1.92308E-02    4.20000E-02   -4.55908E-02    89.5301    1.00000    5.20959E-11
   9   -1.92308E-02    4.40000E-02   -4.55981E-02    89.5444    1.00000    5.20959E-11
   9   -1.92308E-02    4.60000E-02   -4.56043E-02    89.5566    1.00000    5.20959E-11
   9   -1.92308E-02    4.80000E-02   -4.56106E-02    89.5689    1.00000    5.20959E-11
   9   -1.92308E-02    5.00000E-02   -4.56168E-02    89.5811    1.00000    5.20959E-11
   9   -1.53846E-02   -5.00000E-02   -19.0356   -32.6873    1.00000    6.77737E-10
   9   -1.53846E-02   -4.80000E-02   -34.1432   -25.7830    1.00000    3.77007E-05
   9   -1.53846E-02   -4.60000E-02   0.267496    68.7584    1.00000    8.84796E-09
   9   -1.53846E-02   -4.40000E-02   0.266843    68.5477    1.00000    8.85891E-09
   9   -1.53846E-02   -4.20000E-02   0.265868    68.3289    1.00000    8.85069E-09
   9   -1.53846E-02   -4.00000E-02   0.265169    68.1387    1.00000    8.85343E-09
   9   -1.53846E-02   -3.80000E-02   0.265169    68.1387    1.00000    8.85343E-09
   9   -1.53846E-02   -3.60000E-02   0.265169    68.1387    1.00000    8.85343E-09
   9   -1.53846E-02   -3.40000E-02   0.265169    68.1387    1.00000    8.85343E-09
   9   -1.53846E-02   -3.20000E-02   0.265169    68.1387    1.00000    8.85343E-09
   9   -1.53846E-02   -3.00000E-02   0.265169    68.1387    1.00000    8.85343E-09
   9   -1.53846E-02   -2.80000E-02   0.265169    68.1387    1.00000    8.85343E-09
   9   -1.53846E-02   -2.60000E-02   0.265169    68.1387    1.00000    8.85343E-09
   9   -1.53846E-02   -2.40000E-02   0.265169    68.1387    1.00000    8.85343E-09
   9   -1.53846E-02   -2.20000E-02   0.265169    68.1387    1.00000    8.85343E-09
   9   -1.53846E-02   -2.00000E-02   0.265169    68.1387    1.00000    8.85343E-09
   9   -1.53846E-02   -1.80000E-02   0.265169    68.1387    1.00000    8.85343E-09
   9   -1.53846E-02   -1.60000E-02   0.265169    68.1387    1.00000    8.85343E-09
   9   -1.53846E-02   -1.40000E-02   0.265169    68.1387    1.00000    8.85343E-09
   9   -1.53846E-02   -1.20000E-02   0.265169    68.1387    1.00000    8.85343E-09
   9   -1.53846E-02   -1.00000E-02   0.265169    68.1387    1.00000    8.85343E-09
   9   -1.53846E-02   -8.00000E-03   0.265169    68.1387    1.00000    8.85343E-09
   9   -1.53846E-02   -6.00000E-03   0.265169    68.1387    1.00000    8.85343E-09
   9   -1.53846E-02   -4.00000E-03   0.265169    68.1387    1.00000    8.85343E-09
   9   -1.53846E-02   -2.00000E-03   0.265169    68.1387    1.00000    8.85343E-09
   9   -1.53846E-02  0.   0.265169    68.1387    1.00000    8.85343E-09
   9   -1.53846E-02    2.00000E-03   0.265169    68.1387    1.00000    8.85343E-09
   9   -1.53846E-02    4.00000E-03   0.265169    68.1387    1.00000    8.85343E-09
   9   -1.53846E-02    6.00000E-03   0.265169    68.1387    1.00000    8.85343E-09
   9   -1.53846E-02    8.00000E-03   0.265169    68.1387    1.00000    8.85343E-09
   9   -1.53846E-02    1.00000E-02   0.265169    68.1387    1.00000    8.85343E-09
   9   -1.53846E-02    1.20000E-02   0.265169    68.1387    1.00000    8.85343E-09
   9   -1.53846E-02    1.40000E-02   0.265169    68.1387    1.00000    8.85343E-09
   9   -1.53846E-02    1.60000E-02   0.265169    68.1387    1.00000    8.85343E-09
   9   -1.53846E-02    1.80000E-02   0.265169    68.1387    1.00000    8.85343E-09
   9   -1.53846E-02    2.00000E-02   0.265169    68.1387    1.00000    8.85343E-09
   9   -1.53846E-02    2.20000E-02   0.265169    68.1387    1.00000    8.85343E-09
   9   -1.53846E-02    2.40000E-02   0.265169    68.1387    1.00000    8.85343E-09
   9   -1.53846E-02    2.60000E-02   0.265098    68.1206    1.00000    8.85343E-09
   9   -1.53846E-02    2.80000E-02   0.265063    68.1116    1.00000    8.85343E-09
   9   -1.53846E-02    3.00000E-02   0.265075    68.0935    1.00000    8.85891E-09
   9   -1.53846E-02    3.20000E-02   0.265040    68.0844    1.00000    8.85891E-09
   9   -1.53846E-02    3.40000E-02   0.265168    68.0753    1.00000    8.86987E-09
   9   -1.53846E-02    3.60000E-02   0.264933    68.0574    1.00000    8.85891E-09
   9   -1.53846E-02    3.80000E-02   0.264957    68.0212    1.00000    8.86987E-09
   9   -1.53846E-02    4.00000E-02   0.264547    67.9584    1.00000    8.85891E-09
   9   -1.53846E-02    4.20000E-02   0.264339    67.9045    1.00000    8.85891E-09
   9   -1.53846E-02    4.40000E-02   0.263932    67.8420    1.00000    8.84796E-09
   9   -1.53846E-02    4.60000E-02   0.263722    67.7883    1.00000    8.84796E-09
   9   -1.53846E-02    4.80000E-02   0.263842    67.7340    1.00000    8.86987E-09
   9   -1.53846E-02    5.00000E-02   0.263628    67.6805    1.00000    8.86987E-09
   9   -1.15385E-02   -5.00000E-02   -19.1293   -6.46563    1.00000    2.73273E-08
   9   -1.15385E-02   -4.80000E-02   -35.9132   -24.4063    1.00000    5.52184E-05
   9   -1.15385E-02   -4.60000E-02  -0.105225    54.9395    1.00000    5.12590E-09
   9   -1.15385E-02   -4.40000E-02  -0.105261    55.0033    1.00000    5.11757E-09
   9   -1.15385E-02   -4.20000E-02  -0.105234    55.0728    1.00000    5.10197E-09
   9   -1.15385E-02   -4.00000E-02  -0.105334    55.1308    1.00000    5.10093E-09
   9   -1.15385E-02   -3.80000E-02  -0.105334    55.1308    1.00000    5.10093E-09
   9   -1.15385E-02   -3.60000E-02  -0.105334    55.1308    1.00000    5.10093E-09
   9   -1.15385E-02   -3.40000E-02  -0.105334    55.1308    1.00000    5.10093E-09
   9   -1.15385E-02   -3.20000E-02  -0.105334    55.1308    1.00000    5.10093E-09
   9   -1.15385E-02   -3.00000E-02  -0.105334    55.1308    1.00000    5.10093E-09
   9   -1.15385E-02   -2.80000E-02  -0.105334    55.1308    1.00000    5.10093E-09
   9   -1.15385E-02   -2.60000E-02  -0.105334    55.1308    1.00000    5.10093E-09
   9   -1.15385E-02   -2.40000E-02  -0.105334    55.1308    1.00000    5.10093E-09
   9   -1.15385E-02   -2.20000E-02  -0.105334    55.1308    1.00000    5.10093E-09
   9   -1.15385E-02   -2.00000E-02  -0.105334    55.1308    1.00000    5.10093E-09
   9   -1.15385E-02   -1.80000E-02  -0.105334    55.1308    1.00000    5.10093E-09
   9   -1.15385E-02   -1.60000E-02  -0.105334    55.1308    1.00000    5.10093E-09
   9   -1.15385E-02   -1.40000E-02  -0.105334    55.1308    1.00000    5.10093E-09
   9   -1.15385E-02   -1.20000E-02  -0.105334    55.1308    1.00000    5.10093E-09
   9   -1.15385E-02   -1.00000E-02  -0.105334    55.1308    1.00000    5.10093E-09
   9   -1.15385E-02   -8.00000E-03  -0.105334    55.1308    1.00000    5.10093E-09
   9   -1.15385E-02   -6.00000E-03  -0.105334    55.1308    1.00000    5.10093E-09
   9   -1.15385E-02   -4.00000E-03  -0.105334    55.1308    1.00000    5.10093E-09
   9   -1.15385E-02   -2.00000E-03  -0.105334    55.1308    1.00000    5.10093E-09
   9   -1.15385E-02  0.  -0.105334    55.1308    1.00000    5.10093E-09
   9   -1.15385E-02    2.00000E-03  -0.105334    55.1308    1.00000    5.10093E-09
   9   -1.15385E-02    4.00000E-03  -0.105334    55.1308    1.00000    5.10093E-09
   9   -1.15385E-02    6.00000E-03  -0.105334    55.1308    1.00000    5.10093E-09
   9   -1.15385E-02    8.00000E-03  -0.105334    55.1308    1.00000    5.10093E-09
   9   -1.15385E-02    1.00000E-02  -0.105334    55.1308    1.00000    5.10093E-09
   9   -1.15385E-02    1.20000E-02  -0.105334    55.1308    1.00000    5.10093E-09
   9   -1.15385E-02    1.40000E-02  -0.105334    55.1308    1.00000    5.10093E-09
   9   -1.15385E-02    1.60000E-02  -0.105334    55.1308    1.00000    5.10093E-09
   9   -1.15385E-02    1.80000E-02  -0.105334    55.1308    1.00000    5.10093E-09
   9   -1.15385E-02    2.00000E-02  -0.105334    55.1308    1.00000    5.10093E-09
   9   -1.15385E-02    2.20000E-02  -0.105334    55.1308    1.00000    5.10093E-09
   9   -1.15385E-02    2.40000E-02  -0.105334    55.1308    1.00000    5.10093E-09
   9   -1.15385E-02    2.60000E-02  -0.105345    55.1366    1.00000    5.10093E-09
   9   -1.15385E-02    2.80000E-02  -0.105264    55.1395    1.00000    5.09262E-09
   9   -1.15385E-02    3.00000E-02  -0.105270    55.1424    1.00000    5.09262E-09
   9   -1.15385E-02    3.20000E-02  -0.105367    55.1483    1.00000    5.10093E-09
   9   -1.15385E-02    3.40000E-02  -0.105372    55.1512    1.00000    5.10093E-09
   9   -1.15385E-02    3.60000E-02  -0.105383    55.1570    1.00000    5.10093E-09
   9   -1.15385E-02    3.80000E-02  -0.105406    55.1686    1.00000    5.10093E-09
   9   -1.15385E-02    4.00000E-02  -0.105353    55.1860    1.00000    5.09262E-09
   9   -1.15385E-02    4.20000E-02  -0.105220    55.2061    1.00000    5.07602E-09
   9   -1.15385E-02    4.40000E-02  -0.105430    55.2267    1.00000    5.09262E-09
   9   -1.15385E-02    4.60000E-02  -0.105636    55.2444    1.00000    5.10925E-09
   9   -1.15385E-02    4.80000E-02  -0.105836    55.2594    1.00000    5.12590E-09
   9   -1.15385E-02    5.00000E-02  -0.105359    55.2788    1.00000    5.07602E-09
   9   -7.69231E-03   -5.00000E-02   -19.6316   -6.90702    1.00000    1.29192E-07
   9   -7.69231E-03   -4.80000E-02   -37.6620   -24.0997    1.00000    8.75186E-05
   9   -7.69231E-03   -4.60000E-02    7.23944    54.1400    1.00000    3.24666E-05
   9   -7.69231E-03   -4.40000E-02    5.95829E-02    46.2731    1.00000    4.62217E-09
   9   -7.69231E-03   -4.20000E-02    5.95149E-02    46.2401    1.00000    4.61821E-09
   9   -7.69231E-03   -4.00000E-02    5.95068E-02    46.2139    1.00000    4.62217E-09
   9   -7.69231E-03   -3.80000E-02    5.95068E-02    46.2139    1.00000    4.62217E-09
   9   -7.69231E-03   -3.60000E-02    5.95068E-02    46.2139    1.00000    4.62217E-09
   9   -7.69231E-03   -3.40000E-02    5.95068E-02    46.2139    1.00000    4.62217E-09
   9   -7.69231E-03   -3.20000E-02    5.95068E-02    46.2139    1.00000    4.62217E-09
   9   -7.69231E-03   -3.00000E-02    5.95068E-02    46.2139    1.00000    4.62217E-09
   9   -7.69231E-03   -2.80000E-02    5.95068E-02    46.2139    1.00000    4.62217E-09
   9   -7.69231E-03   -2.60000E-02    5.95068E-02    46.2139    1.00000    4.62217E-09
   9   -7.69231E-03   -2.40000E-02    5.95068E-02    46.2139    1.00000    4.62217E-09
   9   -7.69231E-03   -2.20000E-02    5.95068E-02    46.2139    1.00000    4.62217E-09
   9   -7.69231E-03   -2.00000E-02    5.95068E-02    46.2139    1.00000    4.62217E-09
   9   -7.69231E-03   -1.80000E-02    5.95068E-02    46.2139    1.00000    4.62217E-09
   9   -7.69231E-03   -1.60000E-02    5.95068E-02    46.2139    1.00000    4.62217E-09
   9   -7.69231E-03   -1.40000E-02    5.95068E-02    46.2139    1.00000    4.62217E-09
   9   -7.69231E-03   -1.20000E-02    5.95068E-02    46.2139    1.00000    4.62217E-09
   9   -7.69231E-03   -1.00000E-02    5.95068E-02    46.2139    1.00000    4.62217E-09
   9   -7.69231E-03   -8.00000E-03    5.95068E-02    46.2139    1.00000    4.62217E-09
   9   -7.69231E-03   -6.00000E-03    5.95068E-02    46.2139    1.00000    4.62217E-09
   9   -7.69231E-03   -4.00000E-03    5.95068E-02    46.2139    1.00000    4.62217E-09
   9   -7.69231E-03   -2.00000E-03    5.95068E-02    46.2139    1.00000    4.62217E-09
   9   -7.69231E-03  0.    5.95068E-02    46.2139    1.00000    4.62217E-09
   9   -7.69231E-03    2.00000E-03    5.95068E-02    46.2139    1.00000    4.62217E-09
   9   -7.69231E-03    4.00000E-03    5.95068E-02    46.2139    1.00000    4.62217E-09
   9   -7.69231E-03    6.00000E-03    5.95068E-02    46.2139    1.00000    4.62217E-09
   9   -7.69231E-03    8.00000E-03    5.95068E-02    46.2139    1.00000    4.62217E-09
   9   -7.69231E-03    1.00000E-02    5.95068E-02    46.2139    1.00000    4.62217E-09
   9   -7.69231E-03    1.20000E-02    5.95068E-02    46.2139    1.00000    4.62217E-09
   9   -7.69231E-03    1.40000E-02    5.95068E-02    46.2139    1.00000    4.62217E-09
   9   -7.69231E-03    1.60000E-02    5.95068E-02    46.2139    1.00000    4.62217E-09
   9   -7.69231E-03    1.80000E-02    5.95068E-02    46.2139    1.00000    4.62217E-09
   9   -7.69231E-03    2.00000E-02    5.95068E-02    46.2139    1.00000    4.62217E-09
   9   -7.69231E-03    2.20000E-02    5.95068E-02    46.2139    1.00000    4.62217E-09
   9   -7.69231E-03    2.40000E-02    5.95068E-02    46.2139    1.00000    4.62217E-09
   9   -7.69231E-03    2.60000E-02    5.94013E-02    46.2112    1.00000    4.60635E-09
   9   -7.69231E-03    2.80000E-02    5.93996E-02    46.2099    1.00000    4.60635E-09
   9   -7.69231E-03    3.00000E-02    5.94487E-02    46.2085    1.00000    4.61426E-09
   9   -7.69231E-03    3.20000E-02    5.94960E-02    46.2057    1.00000    4.62217E-09
   9   -7.69231E-03    3.40000E-02    5.93926E-02    46.2044    1.00000    4.60635E-09
   9   -7.69231E-03    3.60000E-02    5.93890E-02    46.2016    1.00000    4.60635E-09
   9   -7.69231E-03    3.80000E-02    5.93836E-02    46.1975    1.00000    4.60635E-09
   9   -7.69231E-03    4.00000E-02    5.93713E-02    46.1879    1.00000    4.60635E-09
   9   -7.69231E-03    4.20000E-02    5.94605E-02    46.1782    1.00000    4.62217E-09
   9   -7.69231E-03    4.40000E-02    5.94502E-02    46.1700    1.00000    4.62217E-09
   9   -7.69231E-03    4.60000E-02    5.92344E-02    46.1607    1.00000    4.59057E-09
   9   -7.69231E-03    4.80000E-02    5.92256E-02    46.1538    1.00000    4.59057E-09
   9   -7.69231E-03    5.00000E-02    5.94171E-02    46.1439    1.00000    4.62217E-09
   9   -3.84615E-03   -5.00000E-02   -19.8742   -5.11989    1.00000    2.08626E-07
   9   -3.84615E-03   -4.80000E-02   -38.6036   -22.5163    1.00000    1.10090E-04
   9   -3.84615E-03   -4.60000E-02    33.6192    69.1227    1.00000    2.81135E-04
   9   -3.84615E-03   -4.40000E-02   0.182000    39.8224    1.00000    1.06100E-07
   9   -3.84615E-03   -4.20000E-02   0.181620    39.7357    1.00000    1.06119E-07
   9   -3.84615E-03   -4.00000E-02   0.181356    39.6672    1.00000    1.06176E-07
   9   -3.84615E-03   -3.80000E-02   0.181356    39.6672    1.00000    1.06176E-07
   9   -3.84615E-03   -3.60000E-02   0.181356    39.6672    1.00000    1.06176E-07
   9   -3.84615E-03   -3.40000E-02   0.181356    39.6672    1.00000    1.06176E-07
   9   -3.84615E-03   -3.20000E-02   0.181356    39.6672    1.00000    1.06176E-07
   9   -3.84615E-03   -3.00000E-02   0.181356    39.6672    1.00000    1.06176E-07
   9   -3.84615E-03   -2.80000E-02   0.181356    39.6672    1.00000    1.06176E-07
   9   -3.84615E-03   -2.60000E-02   0.181356    39.6672    1.00000    1.06176E-07
   9   -3.84615E-03   -2.40000E-02   0.181356    39.6672    1.00000    1.06176E-07
   9   -3.84615E-03   -2.20000E-02   0.181356    39.6672    1.00000    1.06176E-07
   9   -3.84615E-03   -2.00000E-02   0.181356    39.6672    1.00000    1.06176E-07
   9   -3.84615E-03   -1.80000E-02   0.181356    39.6672    1.00000    1.06176E-07
   9   -3.84615E-03   -1.60000E-02   0.181356    39.6672    1.00000    1.06176E-07
   9   -3.84615E-03   -1.40000E-02   0.181356    39.6672    1.00000    1.06176E-07
   9   -3.84615E-03   -1.20000E-02   0.181356    39.6672    1.00000    1.06176E-07
   9   -3.84615E-03   -1.00000E-02   0.181356    39.6672    1.00000    1.06176E-07
   9   -3.84615E-03   -8.00000E-03   0.181356    39.6672    1.00000    1.06176E-07
   9   -3.84615E-03   -6.00000E-03   0.181356    39.6672    1.00000    1.06176E-07
   9   -3.84615E-03   -4.00000E-03   0.181356    39.6672    1.00000    1.06176E-07
   9   -3.84615E-03   -2.00000E-03   0.181356    39.6672    1.00000    1.06176E-07
   9   -3.84615E-03  0.   0.181356    39.6672    1.00000    1.06176E-07
   9   -3.84615E-03    2.00000E-03   0.181356    39.6672    1.00000    1.06176E-07
   9   -3.84615E-03    4.00000E-03   0.181356    39.6672    1.00000    1.06176E-07
   9   -3.84615E-03    6.00000E-03   0.181356    39.6672    1.00000    1.06176E-07
   9   -3.84615E-03    8.00000E-03   0.181356    39.6672    1.00000    1.06176E-07
   9   -3.84615E-03    1.00000E-02   0.181356    39.6672    1.00000    1.06176E-07
   9   -3.84615E-03    1.20000E-02   0.181356    39.6672    1.00000    1.06176E-07
   9   -3.84615E-03    1.40000E-02   0.181356    39.6672    1.00000    1.06176E-07
   9   -3.84615E-03    1.60000E-02   0.181356    39.6672    1.00000    1.06176E-07
   9   -3.84615E-03    1.80000E-02   0.181356    39.6672    1.00000    1.06176E-07
   9   -3.84615E-03    2.00000E-02   0.181356    39.6672    1.00000    1.06176E-07
   9   -3.84615E-03    2.20000E-02   0.181356    39.6672    1.00000    1.06176E-07
   9   -3.84615E-03    2.40000E-02   0.181356    39.6672    1.00000    1.06176E-07
   9   -3.84615E-03    2.60000E-02   0.181339    39.6636    1.00000    1.06176E-07
   9   -3.84615E-03    2.80000E-02   0.181306    39.6564    1.00000    1.06176E-07
   9   -3.84615E-03    3.00000E-02   0.181290    39.6528    1.00000    1.06176E-07
   9   -3.84615E-03    3.20000E-02   0.444807    39.4983    1.00000    6.29991E-07
   9   -3.84615E-03    3.40000E-02    1.50081    38.8793    1.00000    6.76434E-06
   9   -3.84615E-03    3.60000E-02    2.78359    38.2199    1.00000    2.15412E-05
   9   -3.84615E-03    3.80000E-02    2.56882    38.9295    1.00000    1.67616E-05
   9   -3.84615E-03    4.00000E-02    2.28434    39.7062    1.00000    1.19377E-05
   9   -3.84615E-03    4.20000E-02    1.70421    40.8370    1.00000    6.01772E-06
   9   -3.84615E-03    4.40000E-02    1.46179    41.6030    1.00000    4.08526E-06
   9   -3.84615E-03    4.60000E-02   0.874286    42.9333    1.00000    1.32828E-06
   9   -3.84615E-03    4.80000E-02   0.613197    43.9164    1.00000    5.96806E-07
   9   -3.84615E-03    5.00000E-02   0.404929    44.7006    1.00000    2.42723E-07
   9  0.   -5.00000E-02   -19.9547   -3.43622    1.00000    3.04814E-07
   9  0.   -4.80000E-02   -38.8491   -20.5110    1.00000    1.40666E-04
   9  0.   -4.60000E-02    195.574    181.482    1.00000    7.35898E-04
   9  0.   -4.40000E-02    2.84983E-02    34.8979    1.00000    5.75682E-09
   9  0.   -4.20000E-02    2.84776E-02    34.8859    1.00000    5.75240E-09
   9  0.   -4.00000E-02    2.84480E-02    34.8765    1.00000    5.74357E-09
   9  0.   -3.80000E-02    2.84480E-02    34.8765    1.00000    5.74357E-09
   9  0.   -3.60000E-02    2.84480E-02    34.8765    1.00000    5.74357E-09
   9  0.   -3.40000E-02    2.84480E-02    34.8765    1.00000    5.74357E-09
   9  0.   -3.20000E-02    2.84480E-02    34.8765    1.00000    5.74357E-09
   9  0.   -3.00000E-02    2.84480E-02    34.8765    1.00000    5.74357E-09
   9  0.   -2.80000E-02    2.84480E-02    34.8765    1.00000    5.74357E-09
   9  0.   -2.60000E-02    2.84480E-02    34.8765    1.00000    5.74357E-09
   9  0.   -2.40000E-02    2.84480E-02    34.8765    1.00000    5.74357E-09
   9  0.   -2.20000E-02    2.84480E-02    34.8765    1.00000    5.74357E-09
   9  0.   -2.00000E-02    2.84480E-02    34.8765    1.00000    5.74357E-09
   9  0.   -1.80000E-02    2.84480E-02    34.8765    1.00000    5.74357E-09
   9  0.   -1.60000E-02    2.84480E-02    34.8765    1.00000    5.74357E-09
   9  0.   -1.40000E-02    2.84480E-02    34.8765    1.00000    5.74357E-09
   9  0.   -1.20000E-02    2.84480E-02    34.8765    1.00000    5.74357E-09
   9  0.   -1.00000E-02    2.84480E-02    34.8765    1.00000    5.74357E-09
   9  0.   -8.00000E-03    2.84480E-02    34.8765    1.00000    5.74357E-09
   9  0.   -6.00000E-03    2.84480E-02    34.8765    1.00000    5.74357E-09
   9  0.   -4.00000E-03    2.84480E-02    34.8765    1.00000    5.74357E-09
   9  0.   -2.00000E-03    2.84480E-02    34.8765    1.00000    5.74357E-09
   9  0.  0.    2.84480E-02    34.8765    1.00000    5.74357E-09
   9  0.    2.00000E-03    2.84480E-02    34.8765    1.00000    5.74357E-09
   9  0.    4.00000E-03    2.84480E-02    34.8765    1.00000    5.74357E-09
   9  0.    6.00000E-03    2.84480E-02    34.8765    1.00000    5.74357E-09
   9  0.    8.00000E-03    2.84480E-02    34.8765    1.00000    5.74357E-09
   9  0.    1.00000E-02    2.84480E-02    34.8765    1.00000    5.74357E-09
   9  0.    1.20000E-02   0.840845    34.5200    1.00000    4.73564E-06
   9  0.    1.40000E-02    2.06881    34.0197    1.00000    2.62007E-05
   9  0.    1.60000E-02    2.86176    33.9340    1.00000    4.61252E-05
   9  0.    1.80000E-02    3.43775    34.0257    1.00000    6.11446E-05
   9  0.    2.00000E-02    3.54635    34.4858    1.00000    5.96968E-05
   9  0.    2.20000E-02    3.41911    35.1030    1.00000    5.09328E-05
   9  0.    2.40000E-02    3.54314    35.5449    1.00000    5.01400E-05
   9  0.    2.60000E-02    3.65472    35.9807    1.00000    4.89356E-05
   9  0.    2.80000E-02    3.48859    36.5807    1.00000    4.09740E-05
   9  0.    3.00000E-02    3.06781    37.3619    1.00000    2.94743E-05
   9  0.    3.20000E-02    3.16587    37.7928    1.00000    2.87695E-05
   9  0.    3.40000E-02    3.01142    38.3933    1.00000    2.41704E-05
   9  0.    3.60000E-02    2.81875    39.0807    1.00000    1.93439E-05
   9  0.    3.80000E-02    2.62053    39.7048    1.00000    1.55224E-05
   9  0.    4.00000E-02    2.34269    40.4458    1.00000    1.11740E-05
   9  0.    4.20000E-02    1.72105    41.7007    1.00000    5.43674E-06
   9  0.    4.40000E-02    1.48908    42.4232    1.00000    3.75797E-06
   9  0.    4.60000E-02    1.24418    43.2172    1.00000    2.41464E-06
   9  0.    4.80000E-02   0.673831    44.5642    1.00000    6.51610E-07
   9  0.    5.00000E-02   0.460677    45.3666    1.00000    2.83787E-07
   9    3.84615E-03   -5.00000E-02   -19.8930   -1.92110    1.00000    1.97919E-07
   9    3.84615E-03   -4.80000E-02   -38.4073   -18.0906    1.00000    1.60678E-04
   9    3.84615E-03   -4.60000E-02    10885.5    7558.89    1.00000    9.78219E-04
   9    3.84615E-03   -4.40000E-02    6.28472    32.6028    1.00000    2.75172E-04
   9    3.84615E-03   -4.20000E-02    8.32919E-02    31.1070    1.00000    9.72307E-08
   9    3.84615E-03   -4.00000E-02    8.32415E-02    31.0824    1.00000    9.72670E-08
   9    3.84615E-03   -3.80000E-02    8.32415E-02    31.0824    1.00000    9.72670E-08
   9    3.84615E-03   -3.60000E-02    8.32415E-02    31.0824    1.00000    9.72670E-08
   9    3.84615E-03   -3.40000E-02    8.32415E-02    31.0824    1.00000    9.72670E-08
   9    3.84615E-03   -3.20000E-02    8.32415E-02    31.0824    1.00000    9.72670E-08
   9    3.84615E-03   -3.00000E-02    8.32415E-02    31.0824    1.00000    9.72670E-08
   9    3.84615E-03   -2.80000E-02    8.32415E-02    31.0824    1.00000    9.72670E-08
   9    3.84615E-03   -2.60000E-02    8.32415E-02    31.0824    1.00000    9.72670E-08
   9    3.84615E-03   -2.40000E-02   -1.01903E-01    31.2227    1.00000    1.45715E-07
   9    3.84615E-03   -2.20000E-02  -0.288206    31.3638    1.00000    1.16511E-06
   9    3.84615E-03   -2.00000E-02  -0.664534    31.6486    1.00000    6.18913E-06
   9    3.84615E-03   -1.80000E-02   -1.06557    32.0055    1.00000    1.58553E-05
   9    3.84615E-03   -1.60000E-02   -1.47336    32.3677    1.00000    3.02005E-05
   9    3.84615E-03   -1.40000E-02   -1.69516    32.5887    1.00000    3.98477E-05
   9    3.84615E-03   -1.20000E-02   -1.95155    32.8882    1.00000    5.19465E-05
   9    3.84615E-03   -1.00000E-02   -2.03046    33.0795    1.00000    5.46782E-05
   9    3.84615E-03   -8.00000E-03   -1.92907    33.1618    1.00000    4.79471E-05
   9    3.84615E-03   -6.00000E-03   -1.85728    33.3220    1.00000    4.25918E-05
   9    3.84615E-03   -4.00000E-03   -1.75212    33.4052    1.00000    3.68111E-05
   9    3.84615E-03   -2.00000E-03  -0.968189    33.2230    1.00000    1.02267E-05
   9    3.84615E-03  0.    3.48196E-02    32.9147    1.00000    1.20005E-08
   9    3.84615E-03    2.00000E-03   0.856343    32.7557    1.00000    6.56956E-06
   9    3.84615E-03    4.00000E-03    1.73677    32.6036    1.00000    2.46512E-05
   9    3.84615E-03    6.00000E-03    2.42625    32.6434    1.00000    4.37314E-05
   9    3.84615E-03    8.00000E-03    3.37129    32.4747    1.00000    7.67298E-05
   9    3.84615E-03    1.00000E-02    3.47328    32.8932    1.00000    7.50000E-05
   9    3.84615E-03    1.20000E-02    3.56585    33.4022    1.00000    7.16172E-05
   9    3.84615E-03    1.40000E-02    3.43775    34.0257    1.00000    6.11446E-05
   9    3.84615E-03    1.60000E-02    3.55830    34.4403    1.00000    6.02015E-05
   9    3.84615E-03    1.80000E-02    3.67275    34.9113    1.00000    5.87686E-05
   9    3.84615E-03    2.00000E-02    3.56031    35.4545    1.00000    5.14493E-05
   9    3.84615E-03    2.20000E-02    3.69092    35.9046    1.00000    5.06358E-05
   9    3.84615E-03    2.40000E-02    3.57015    36.4791    1.00000    4.40522E-05
   9    3.84615E-03    2.60000E-02    3.15310    37.2274    1.00000    3.20211E-05
   9    3.84615E-03    2.80000E-02    3.25324    37.6547    1.00000    3.12563E-05
   9    3.84615E-03    3.00000E-02    3.37744    38.0945    1.00000    3.08140E-05
   9    3.84615E-03    3.20000E-02    2.91264    38.9010    1.00000    2.13019E-05
   9    3.84615E-03    3.40000E-02    3.05706    39.2599    1.00000    2.17948E-05
   9    3.84615E-03    3.60000E-02    2.88148    39.8606    1.00000    1.79743E-05
   9    3.84615E-03    3.80000E-02    2.66357    40.5712    1.00000    1.40056E-05
   9    3.84615E-03    4.00000E-02    2.38563    41.2853    1.00000    1.02648E-05
   9    3.84615E-03    4.20000E-02    1.81433    42.2908    1.00000    5.47372E-06
   9    3.84615E-03    4.40000E-02    1.18738    43.6592    1.00000    2.13014E-06
   9    3.84615E-03    4.60000E-02   0.946077    44.4662    1.00000    1.24276E-06
   9    3.84615E-03    4.80000E-02   0.713216    45.3309    1.00000    6.56883E-07
   9    3.84615E-03    5.00000E-02   0.492333    46.1629    1.00000    2.91278E-07
   9    7.69231E-03   -5.00000E-02   -19.6843  -0.632621    1.00000    5.00902E-08
   9    7.69231E-03   -4.80000E-02   -37.3909   -15.5897    1.00000    1.85498E-04
   9    7.69231E-03   -4.60000E-02   -826.673   -530.164    1.00000    1.07325E-03
   9    7.69231E-03   -4.40000E-02    11.0458    32.2022    1.00000    6.40941E-04
   9    7.69231E-03   -4.20000E-02   -1.67802    29.7129    1.00000    6.51836E-05
   9    7.69231E-03   -4.00000E-02   0.634630    28.8823    1.00000    7.78805E-06
   9    7.69231E-03   -3.80000E-02   0.295632    29.2114    1.00000    1.68247E-06
   9    7.69231E-03   -3.60000E-02  -0.190563    29.5820    1.00000    7.05298E-07
   9    7.69231E-03   -3.40000E-02  -0.541692    29.8956    1.00000    5.67990E-06
   9    7.69231E-03   -3.20000E-02  -0.907444    30.2445    1.00000    1.58646E-05
   9    7.69231E-03   -3.00000E-02   -1.27181    30.5683    1.00000    3.10535E-05
   9    7.69231E-03   -2.80000E-02   -1.64210    30.8968    1.00000    5.15829E-05
   9    7.69231E-03   -2.60000E-02   -2.01821    31.2299    1.00000    7.76339E-05
   9    7.69231E-03   -2.40000E-02   -1.92947    31.3036    1.00000    6.90515E-05
   9    7.69231E-03   -2.20000E-02   -1.86702    31.4464    1.00000    6.21152E-05
   9    7.69231E-03   -2.00000E-02   -1.95452    31.6574    1.00000    6.61875E-05
   9    7.69231E-03   -1.80000E-02   -2.04366    31.8709    1.00000    7.03481E-05
   9    7.69231E-03   -1.60000E-02   -1.79661    31.8796    1.00000    5.22288E-05
   9    7.69231E-03   -1.40000E-02   -1.88570    32.0964    1.00000    5.59178E-05
   9    7.69231E-03   -1.20000E-02   -1.66051    32.1768    1.00000    4.10919E-05
   9    7.69231E-03   -1.00000E-02  -0.582679    31.7935    1.00000    4.56245E-06
   9    7.69231E-03   -8.00000E-03   0.321322    31.5811    1.00000    1.24588E-06
   9    7.69231E-03   -6.00000E-03    1.28655    31.3125    1.00000    1.81138E-05
   9    7.69231E-03   -4.00000E-03    2.08440    31.3049    1.00000    4.27698E-05
   9    7.69231E-03   -2.00000E-03    2.93750    31.1866    1.00000    7.74309E-05
   9    7.69231E-03  0.    3.61338    31.2486    1.00000    1.05247E-04
   9    7.69231E-03    2.00000E-03    3.69789    31.7459    1.00000    1.00125E-04
   9    7.69231E-03    4.00000E-03    3.58969    32.3096    1.00000    8.69901E-05
   9    7.69231E-03    6.00000E-03    3.68483    32.8005    1.00000    8.31549E-05
   9    7.69231E-03    8.00000E-03    3.56585    33.4022    1.00000    7.16172E-05
   9    7.69231E-03    1.00000E-02    3.43775    34.0257    1.00000    6.11446E-05
   9    7.69231E-03    1.20000E-02    3.54635    34.4858    1.00000    5.96968E-05
   9    7.69231E-03    1.40000E-02    3.41911    35.1030    1.00000    5.09328E-05
   9    7.69231E-03    1.60000E-02    3.29977    35.6515    1.00000    4.41945E-05
   9    7.69231E-03    1.80000E-02    3.42257    36.1074    1.00000    4.35407E-05
   9    7.69231E-03    2.00000E-02    3.57015    36.4791    1.00000    4.40522E-05
   9    7.69231E-03    2.20000E-02    3.44154    37.0718    1.00000    3.80288E-05
   9    7.69231E-03    2.40000E-02    3.30470    37.6834    1.00000    3.25449E-05
   9    7.69231E-03    2.60000E-02    3.42471    38.0624    1.00000    3.20777E-05
   9    7.69231E-03    2.80000E-02    3.27257    38.6517    1.00000    2.72090E-05
   9    7.69231E-03    3.00000E-02    3.11164    39.2674    1.00000    2.28196E-05
   9    7.69231E-03    3.20000E-02    2.93694    39.8528    1.00000    1.88879E-05
   9    7.69231E-03    3.40000E-02    2.80199    40.3435    1.00000    1.62274E-05
   9    7.69231E-03    3.60000E-02    2.61050    40.9925    1.00000    1.30450E-05
   9    7.69231E-03    3.80000E-02    2.40571    41.6329    1.00000    1.02648E-05
   9    7.69231E-03    4.00000E-02    2.12736    42.3614    1.00000    7.32095E-06
   9    7.69231E-03    4.20000E-02    1.85481    43.1357    1.00000    5.05760E-06
   9    7.69231E-03    4.40000E-02    1.26777    44.3041    1.00000    2.19312E-06
   9    7.69231E-03    4.60000E-02   0.996132    45.2268    1.00000    1.23913E-06
   9    7.69231E-03    4.80000E-02   0.416959    46.5554    1.00000    2.02975E-07
   9    7.69231E-03    5.00000E-02   0.207772    47.3747    1.00000    4.68863E-08
   9    1.15385E-02   -5.00000E-02   -19.2773    1.08382    1.00000    2.54976E-07
   9    1.15385E-02   -4.80000E-02   -35.9599   -12.8761    1.00000    1.75280E-04
   9    1.15385E-02   -4.60000E-02   -322.536   -186.820    1.00000    1.05370E-03
   9    1.15385E-02   -4.40000E-02    13.3867    32.4297    1.00000    7.89396E-04
   9    1.15385E-02   -4.20000E-02   -1.73774    29.2875    1.00000    7.68216E-05
   9    1.15385E-02   -4.00000E-02  -0.544456    28.9375    1.00000    7.00688E-06
   9    1.15385E-02   -3.80000E-02  -0.878844    29.2355    1.00000    1.81961E-05
   9    1.15385E-02   -3.60000E-02   -1.36391    29.6271    1.00000    4.41342E-05
   9    1.15385E-02   -3.40000E-02   -1.71116    29.9349    1.00000    6.92258E-05
   9    1.15385E-02   -3.20000E-02   -1.92692    30.1865    1.00000    8.64632E-05
   9    1.15385E-02   -3.00000E-02   -2.00844    30.3806    1.00000    9.14431E-05
   9    1.15385E-02   -2.80000E-02   -1.95184    30.5154    1.00000    8.30806E-05
   9    1.15385E-02   -2.60000E-02   -1.86658    30.5856    1.00000    7.39852E-05
   9    1.15385E-02   -2.40000E-02   -1.80693    30.7220    1.00000    6.66695E-05
   9    1.15385E-02   -2.20000E-02   -1.89032    30.9233    1.00000    7.09881E-05
   9    1.15385E-02   -2.00000E-02   -1.53707    30.9340    1.00000    4.40383E-05
   9    1.15385E-02   -1.80000E-02  -0.398976    30.5459    1.00000    2.64909E-06
   9    1.15385E-02   -1.60000E-02   0.596271    30.2807    1.00000    5.26548E-06
   9    1.15385E-02   -1.40000E-02    1.47076    30.1548    1.00000    2.86821E-05
   9    1.15385E-02   -1.20000E-02    2.40753    30.0050    1.00000    6.93653E-05
   9    1.15385E-02   -1.00000E-02    3.19568    29.9572    1.00000    1.10200E-04
   9    1.15385E-02   -8.00000E-03    3.62991    30.2243    1.00000    1.27752E-04
   9    1.15385E-02   -6.00000E-03    3.70298    30.7568    1.00000    1.19419E-04
   9    1.15385E-02   -4.00000E-03    3.58360    31.3941    1.00000    1.01727E-04
   9    1.15385E-02   -2.00000E-03    3.67687    31.8571    1.00000    9.74039E-05
   9    1.15385E-02  0.    3.56705    32.4247    1.00000    8.45000E-05
   9    1.15385E-02    2.00000E-03    3.66175    32.9191    1.00000    8.07604E-05
   9    1.15385E-02    4.00000E-03    3.54102    33.5251    1.00000    6.94410E-05
   9    1.15385E-02    6.00000E-03    3.41095    34.1532    1.00000    5.91726E-05
   9    1.15385E-02    8.00000E-03    3.53124    34.5709    1.00000    5.82681E-05
   9    1.15385E-02    1.00000E-02    3.40614    35.1505    1.00000    5.04604E-05
   9    1.15385E-02    1.20000E-02    3.53117    35.5928    1.00000    4.97156E-05
   9    1.15385E-02    1.40000E-02    3.40969    36.1570    1.00000    4.31376E-05
   9    1.15385E-02    1.60000E-02    3.28078    36.7387    1.00000    3.71339E-05
   9    1.15385E-02    1.80000E-02    3.15808    37.2862    1.00000    3.20211E-05
   9    1.15385E-02    2.00000E-02    3.30470    37.6834    1.00000    3.25449E-05
   9    1.15385E-02    2.20000E-02    3.17335    38.2600    1.00000    2.78773E-05
   9    1.15385E-02    2.40000E-02    3.32660    38.6780    1.00000    2.83812E-05
   9    1.15385E-02    2.60000E-02    3.16141    39.2191    1.00000    2.38725E-05
   9    1.15385E-02    2.80000E-02    2.99261    39.8517    1.00000    1.98292E-05
   9    1.15385E-02    3.00000E-02    2.85852    40.3309    1.00000    1.70882E-05
   9    1.15385E-02    3.20000E-02    2.66830    40.9626    1.00000    1.38033E-05
   9    1.15385E-02    3.40000E-02    2.83523    41.3031    1.00000    1.44517E-05
   9    1.15385E-02    3.60000E-02    2.31148    42.1908    1.00000    9.01901E-06
   9    1.15385E-02    3.80000E-02    2.08589    42.8502    1.00000    6.79951E-06
   9    1.15385E-02    4.00000E-02    2.18164    43.2060    1.00000    6.80376E-06
   9    1.15385E-02    4.20000E-02    1.93623    43.8499    1.00000    4.96172E-06
   9    1.15385E-02    4.40000E-02    1.32726    45.0318    1.00000    2.16391E-06
   9    1.15385E-02    4.60000E-02   0.708665    46.4092    1.00000    5.67672E-07
   9    1.15385E-02    4.80000E-02   0.899909    46.5167    1.00000    8.66928E-07
   9    1.15385E-02    5.00000E-02   0.315682    47.8947    1.00000    9.95311E-08
   9    1.53846E-02   -5.00000E-02   -18.6402    4.01776    1.00000    4.65768E-06
   9    1.53846E-02   -4.80000E-02   -34.5183   -10.9649    1.00000    1.91093E-04
   9    1.53846E-02   -4.60000E-02   -215.062   -116.788    1.00000    1.11643E-03
   9    1.53846E-02   -4.40000E-02    18.3717    33.4647    1.00000    1.08307E-03
   9    1.53846E-02   -4.20000E-02   -1.64333    28.8027    1.00000    7.51937E-05
   9    1.53846E-02   -4.00000E-02   -1.64083    28.9748    1.00000    7.72282E-05
   9    1.53846E-02   -3.80000E-02   -1.97139    29.2672    1.00000    1.11097E-04
   9    1.53846E-02   -3.60000E-02   -1.91906    29.3922    1.00000    1.01427E-04
   9    1.53846E-02   -3.40000E-02   -1.86582    29.5184    1.00000    9.23493E-05
   9    1.53846E-02   -3.20000E-02   -1.94360    29.7039    1.00000    9.76085E-05
   9    1.53846E-02   -3.00000E-02   -1.72969    29.7116    1.00000    7.44706E-05
   9    1.53846E-02   -2.80000E-02   -1.40121    29.7208    1.00000    4.59625E-05
   9    1.53846E-02   -2.60000E-02  -0.378954    29.4533    1.00000    2.97336E-06
   9    1.53846E-02   -2.40000E-02   0.689966    29.1439    1.00000    8.70092E-06
   9    1.53846E-02   -2.20000E-02    1.65378    28.9872    1.00000    4.43014E-05
   9    1.53846E-02   -2.00000E-02    2.68304    28.8066    1.00000    1.04077E-04
   9    1.53846E-02   -1.80000E-02    3.58370    28.7183    1.00000    1.65477E-04
   9    1.53846E-02   -1.60000E-02    3.81790    29.1565    1.00000    1.67014E-04
   9    1.53846E-02   -1.40000E-02    3.70990    29.7930    1.00000    1.42089E-04
   9    1.53846E-02   -1.20000E-02    3.59245    30.4267    1.00000    1.21325E-04
   9    1.53846E-02   -1.00000E-02    3.66438    30.9664    1.00000    1.13324E-04
   9    1.53846E-02   -8.00000E-03    3.55101    31.5740    1.00000    9.68967E-05
   9    1.53846E-02   -6.00000E-03    3.63391    32.0818    1.00000    9.21033E-05
   9    1.53846E-02   -4.00000E-03    3.52086    32.6573    1.00000    7.96615E-05
   9    1.53846E-02   -2.00000E-03    3.61453    33.1589    1.00000    7.61029E-05
   9    1.53846E-02  0.    3.49010    33.7736    1.00000    6.52080E-05
   9    1.53846E-02    2.00000E-03    3.61110    34.1819    1.00000    6.41836E-05
   9    1.53846E-02    4.00000E-03    3.24182    34.9377    1.00000    4.81779E-05
   9    1.53846E-02    6.00000E-03    3.36026    35.3753    1.00000    4.74871E-05
   9    1.53846E-02    8.00000E-03    3.23739    35.9320    1.00000    4.10456E-05
   9    1.53846E-02    1.00000E-02    3.35947    36.3953    1.00000    4.04556E-05
   9    1.53846E-02    1.20000E-02    3.50688    36.7731    1.00000    4.09725E-05
   9    1.53846E-02    1.40000E-02    3.38721    37.3228    1.00000    3.55577E-05
   9    1.53846E-02    1.60000E-02    3.26906    37.8394    1.00000    3.12537E-05
   9    1.53846E-02    1.80000E-02    3.13567    38.4206    1.00000    2.67061E-05
   9    1.53846E-02    2.00000E-02    3.28872    38.8423    1.00000    2.72090E-05
   9    1.53846E-02    2.20000E-02    3.17151    39.3434    1.00000    2.38737E-05
   9    1.53846E-02    2.40000E-02    3.04843    39.8572    1.00000    2.07977E-05
   9    1.53846E-02    2.60000E-02    2.86672    40.4466    1.00000    1.70882E-05
   9    1.53846E-02    2.80000E-02    3.03519    40.7848    1.00000    1.77735E-05
   9    1.53846E-02    3.00000E-02    2.84320    41.4206    1.00000    1.44508E-05
   9    1.53846E-02    3.20000E-02    2.69441    41.9519    1.00000    1.22241E-05
   9    1.53846E-02    3.40000E-02    2.53891    42.5050    1.00000    1.02134E-05
   9    1.53846E-02    3.60000E-02    2.37330    43.0303    1.00000    8.40878E-06
   9    1.53846E-02    3.80000E-02    2.13874    43.7166    1.00000    6.31195E-06
   9    1.53846E-02    4.00000E-02    1.88706    44.3496    1.00000    4.55251E-06
   9    1.53846E-02    4.20000E-02    1.62532    45.1319    1.00000    3.10774E-06
   9    1.53846E-02    4.40000E-02    1.41769    45.7118    1.00000    2.22218E-06
   9    1.53846E-02    4.60000E-02    1.20253    46.4140    1.00000    1.49474E-06
   9    1.53846E-02    4.80000E-02   0.591806    47.8029    1.00000    3.38001E-07
   9    1.53846E-02    5.00000E-02   0.374864    48.6595    1.00000    1.25907E-07
   9    1.92308E-02   -4.80000E-02   -32.5715   -8.58491    1.00000    1.59915E-04
   9    1.92308E-02   -4.60000E-02   -147.553   -73.0696    1.00000    1.05786E-03
   9    1.92308E-02   -4.40000E-02    26.6502    35.5680    1.00000    1.43715E-03
   9    1.92308E-02   -4.20000E-02    1.41645    27.9306    1.00000    4.38809E-05
   9    1.92308E-02   -4.00000E-02   -1.90943    28.6387    1.00000    1.18216E-04
   9    1.92308E-02   -3.80000E-02   -1.85934    28.7584    1.00000    1.08079E-04
   9    1.92308E-02   -3.60000E-02   -1.68267    28.8239    1.00000    8.43802E-05
   9    1.92308E-02   -3.40000E-02  -0.483840    28.4661    1.00000    6.06120E-06
   9    1.92308E-02   -3.20000E-02   0.795599    28.0042    1.00000    1.43678E-05
   9    1.92308E-02   -3.00000E-02    1.83125    27.8212    1.00000    6.68369E-05
   9    1.92308E-02   -2.80000E-02    2.92308    27.6706    1.00000    1.48570E-04
   9    1.92308E-02   -2.60000E-02    3.76774    27.6129    1.00000    2.20403E-04
   9    1.92308E-02   -2.40000E-02    3.81577    28.2312    1.00000    1.98869E-04
   9    1.92308E-02   -2.20000E-02    3.87924    28.7862    1.00000    1.83008E-04
   9    1.92308E-02   -2.00000E-02    3.76941    29.4404    1.00000    1.55621E-04
   9    1.92308E-02   -1.80000E-02    3.65686    30.0890    1.00000    1.31864E-04
   9    1.92308E-02   -1.60000E-02    3.54368    30.6988    1.00000    1.12848E-04
   9    1.92308E-02   -1.40000E-02    3.61338    31.2486    1.00000    1.05247E-04
   9    1.92308E-02   -1.20000E-02    3.69789    31.7459    1.00000    1.00125E-04
   9    1.92308E-02   -1.00000E-02    3.37129    32.4747    1.00000    7.67298E-05
   9    1.92308E-02   -8.00000E-03    3.45900    32.9711    1.00000    7.32779E-05
   9    1.92308E-02   -6.00000E-03    3.56585    33.4022    1.00000    7.16172E-05
   9    1.92308E-02   -4.00000E-03    3.43775    34.0257    1.00000    6.11446E-05
   9    1.92308E-02   -2.00000E-03    3.29985    34.6723    1.00000    5.16867E-05
   9    1.92308E-02  0.    3.41911    35.1030    1.00000    5.09328E-05
   9    1.92308E-02    2.00000E-03    3.29977    35.6515    1.00000    4.41945E-05
   9    1.92308E-02    4.00000E-03    3.17323    36.2167    1.00000    3.80418E-05
   9    1.92308E-02    6.00000E-03    3.03872    36.7997    1.00000    3.24427E-05
   9    1.92308E-02    8.00000E-03    3.17857    37.1872    1.00000    3.29847E-05
   9    1.92308E-02    1.00000E-02    3.05018    37.7477    1.00000    2.82474E-05
   9    1.92308E-02    1.20000E-02    3.19623    38.1552    1.00000    2.87695E-05
   9    1.92308E-02    1.40000E-02    3.36385    38.5151    1.00000    2.95832E-05
   9    1.92308E-02    1.60000E-02    2.93838    39.2438    1.00000    2.13030E-05
   9    1.92308E-02    1.80000E-02    2.81217    39.7545    1.00000    1.84053E-05
   9    1.92308E-02    2.00000E-02    3.30546    39.9001    1.00000    2.35528E-05
   9    1.92308E-02    2.20000E-02    3.18059    40.4288    1.00000    2.05426E-05
   9    1.92308E-02    2.40000E-02    3.04911    40.9714    1.00000    1.77740E-05
   9    1.92308E-02    2.60000E-02    2.85546    41.5979    1.00000    1.44517E-05
   9    1.92308E-02    2.80000E-02    2.70525    42.1222    1.00000    1.22233E-05
   9    1.92308E-02    3.00000E-02    2.54528    42.6132    1.00000    1.02126E-05
   9    1.92308E-02    3.20000E-02    2.38177    43.1840    1.00000    8.40878E-06
   9    1.92308E-02    3.40000E-02    2.58884    43.4320    1.00000    9.35847E-06
   9    1.92308E-02    3.60000E-02    2.43760    43.9042    1.00000    7.82513E-06
   9    1.92308E-02    3.80000E-02    1.83716    44.8827    1.00000    4.16280E-06
   9    1.92308E-02    4.00000E-02    1.56703    45.6113    1.00000    2.79427E-06
   9    1.92308E-02    4.20000E-02    1.72601    45.8235    1.00000    3.15098E-06
   9    1.92308E-02    4.40000E-02    1.51249    46.4120    1.00000    2.27244E-06
   9    1.92308E-02    4.60000E-02   0.904070    47.6691    1.00000    7.62126E-07
   9    1.92308E-02    4.80000E-02   0.690412    48.4458    1.00000    4.13849E-07
   9    1.92308E-02    5.00000E-02   0.522946    49.0744    1.00000    2.25601E-07
   9    2.30769E-02   -4.80000E-02   -30.4186   -6.13450    1.00000    1.26401E-04
   9    2.30769E-02   -4.60000E-02   -110.806   -50.3146    1.00000    1.02130E-03
   9    2.30769E-02   -4.40000E-02    36.8268    38.7962    1.00000    1.69518E-03
   9    2.30769E-02   -4.20000E-02    5.75476    27.0468    1.00000    4.91298E-04
   9    2.30769E-02   -4.00000E-02   0.614348    27.1143    1.00000    1.06784E-05
   9    2.30769E-02   -3.80000E-02    1.83242    26.8336    1.00000    8.18669E-05
   9    2.30769E-02   -3.60000E-02    2.85390    26.7146    1.00000    1.73807E-04
   9    2.30769E-02   -3.40000E-02    3.92885    26.5597    1.00000    2.87534E-04
   9    2.30769E-02   -3.20000E-02    3.97367    27.2131    1.00000    2.56123E-04
   9    2.30769E-02   -3.00000E-02    3.87139    27.8837    1.00000    2.16902E-04
   9    2.30769E-02   -2.80000E-02    3.75687    28.5873    1.00000    1.81835E-04
   9    2.30769E-02   -2.60000E-02    3.81790    29.1565    1.00000    1.67014E-04
   9    2.30769E-02   -2.40000E-02    3.70165    29.8273    1.00000    1.41247E-04
   9    2.30769E-02   -2.20000E-02    3.77706    30.3458    1.00000    1.32241E-04
   9    2.30769E-02   -2.00000E-02    3.85547    30.8827    1.00000    1.23667E-04
   9    2.30769E-02   -1.80000E-02    3.73902    31.5257    1.00000    1.05713E-04
   9    2.30769E-02   -1.60000E-02    3.61196    32.1953    1.00000    8.95229E-05
   9    2.30769E-02   -1.40000E-02    3.49715    32.7749    1.00000    7.73040E-05
   9    2.30769E-02   -1.20000E-02    3.59034    33.2801    1.00000    7.38370E-05
   9    2.30769E-02   -1.00000E-02    3.46413    33.8992    1.00000    6.31563E-05
   9    2.30769E-02   -8.00000E-03    3.58494    34.3106    1.00000    6.21739E-05
   9    2.30769E-02   -6.00000E-03    3.21215    35.0718    1.00000    4.64801E-05
   9    2.30769E-02   -4.00000E-03    3.33028    35.5128    1.00000    4.58237E-05
   9    2.30769E-02   -2.00000E-03    3.20556    36.0738    1.00000    3.95265E-05
   9    2.30769E-02  0.    3.07306    36.6523    1.00000    3.37906E-05
   9    2.30769E-02    2.00000E-03    3.21315    37.0365    1.00000    3.43341E-05
   9    2.30769E-02    4.00000E-03    3.08669    37.5926    1.00000    2.94731E-05
   9    2.30769E-02    6.00000E-03    3.23294    37.9967    1.00000    2.99962E-05
   9    2.30769E-02    8.00000E-03    3.12103    38.4761    1.00000    2.64085E-05
   9    2.30769E-02    1.00000E-02    2.97903    39.0765    1.00000    2.23240E-05
   9    2.30769E-02    1.20000E-02    2.85504    39.5828    1.00000    1.93449E-05
   9    2.30769E-02    1.40000E-02    3.02129    39.9721    1.00000    2.00684E-05
   9    2.30769E-02    1.60000E-02    3.22283    40.2511    1.00000    2.15174E-05
   9    2.30769E-02    1.80000E-02    3.09352    40.7890    1.00000    1.86684E-05
   9    2.30769E-02    2.00000E-02    2.95787    41.3410    1.00000    1.60613E-05
   9    2.30769E-02    2.20000E-02    3.16790    41.6408    1.00000    1.73287E-05
   9    2.30769E-02    2.40000E-02    2.71636    42.2937    1.00000    1.22241E-05
   9    2.30769E-02    2.60000E-02    2.88868    42.6155    1.00000    1.28198E-05
   9    2.30769E-02    2.80000E-02    2.73044    43.1669    1.00000    1.07771E-05
   9    2.30769E-02    3.00000E-02    2.56187    43.6850    1.00000    8.94086E-06
   9    2.30769E-02    3.20000E-02    2.42467    44.1416    1.00000    7.66895E-06
   9    2.30769E-02    3.40000E-02    2.26602    44.6348    1.00000    6.31136E-06
   9    2.30769E-02    3.60000E-02    2.48379    44.8941    1.00000    7.13131E-06
   9    2.30769E-02    3.80000E-02    1.87942    45.8370    1.00000    3.82689E-06
   9    2.30769E-02    4.00000E-02    1.66710    46.3290    1.00000    2.84039E-06
   9    2.30769E-02    4.20000E-02   0.986638    47.6289    1.00000    9.20631E-07
   9    2.30769E-02    4.40000E-02    1.22166    47.6211    1.00000    1.33931E-06
   9    2.30769E-02    4.60000E-02   0.985286    48.4295    1.00000    8.10851E-07
   9    2.30769E-02    4.80000E-02   0.820634    48.9883    1.00000    5.35853E-07
   9    2.30769E-02    5.00000E-02   0.649915    49.6169    1.00000    3.19315E-07
   9    2.69231E-02   -4.80000E-02   -28.4564   -4.30020    1.00000    9.88871E-05
   9    2.69231E-02   -4.60000E-02   -85.3183   -34.4762    1.00000    9.38042E-04
   9    2.69231E-02   -4.40000E-02    57.2623    45.4636    1.00000    1.89652E-03
   9    2.69231E-02   -4.20000E-02    9.19415    26.5808    1.00000    9.07044E-04
   9    2.69231E-02   -4.00000E-02    4.11040    26.2155    1.00000    3.27914E-04
   9    2.69231E-02   -3.80000E-02    4.16480    26.8520    1.00000    2.93431E-04
   9    2.69231E-02   -3.60000E-02    4.06128    27.5897    1.00000    2.45617E-04
   9    2.69231E-02   -3.40000E-02    4.12183    28.2071    1.00000    2.22367E-04
   9    2.69231E-02   -3.20000E-02    4.01976    28.8954    1.00000    1.88181E-04
   9    2.69231E-02   -3.00000E-02    3.91304    29.5550    1.00000    1.60480E-04
   9    2.69231E-02   -2.80000E-02    3.79497    30.2447    1.00000    1.35582E-04
   9    2.69231E-02   -2.60000E-02    3.87391    30.7780    1.00000    1.26838E-04
   9    2.69231E-02   -2.40000E-02    3.75910    31.4167    1.00000    1.08579E-04
   9    2.69231E-02   -2.20000E-02    3.63391    32.0818    1.00000    9.21033E-05
   9    2.69231E-02   -2.00000E-02    3.73000    32.5656    1.00000    8.80792E-05
   9    2.69231E-02   -1.80000E-02    3.61453    33.1589    1.00000    7.61029E-05
   9    2.69231E-02   -1.60000E-02    3.49010    33.7736    1.00000    6.52080E-05
   9    2.69231E-02   -1.40000E-02    3.35630    34.4108    1.00000    5.53534E-05
   9    2.69231E-02   -1.20000E-02    3.47602    34.8350    1.00000    5.45233E-05
   9    2.69231E-02   -1.00000E-02    3.34696    35.4234    1.00000    4.70309E-05
   9    2.69231E-02   -8.00000E-03    3.20556    36.0738    1.00000    3.95265E-05
   9    2.69231E-02   -6.00000E-03    3.34618    36.4456    1.00000    4.00655E-05
   9    2.69231E-02   -4.00000E-03    3.22731    36.9845    1.00000    3.46993E-05
   9    2.69231E-02   -2.00000E-03    3.08669    37.5926    1.00000    2.94731E-05
   9    2.69231E-02  0.    3.24682    37.9426    1.00000    3.03094E-05
   9    2.69231E-02    2.00000E-03    3.12103    38.4761    1.00000    2.64085E-05
   9    2.69231E-02    4.00000E-03    2.97903    39.0765    1.00000    2.23240E-05
   9    2.69231E-02    6.00000E-03    2.85504    39.5828    1.00000    1.93449E-05
   9    2.69231E-02    8.00000E-03    2.72480    40.1020    1.00000    1.66142E-05
   9    2.69231E-02    1.00000E-02    2.91934    40.3842    1.00000    1.79743E-05
   9    2.69231E-02    1.20000E-02    2.78388    40.9248    1.00000    1.53938E-05
   9    2.69231E-02    1.40000E-02    2.64166    41.4797    1.00000    1.30463E-05
   9    2.69231E-02    1.60000E-02    2.86373    41.7170    1.00000    1.44526E-05
   9    2.69231E-02    1.80000E-02    2.71636    42.2937    1.00000    1.22241E-05
   9    2.69231E-02    2.00000E-02    2.94707    42.5408    1.00000    1.35471E-05
   9    2.69231E-02    2.20000E-02    2.82644    43.0081    1.00000    1.19244E-05
   9    2.69231E-02    2.40000E-02    2.68461    43.4914    1.00000    1.01432E-05
   9    2.69231E-02    2.60000E-02    2.51557    44.0668    1.00000    8.37168E-06
   9    2.69231E-02    2.80000E-02    2.39783    44.4459    1.00000    7.30049E-06
   9    2.69231E-02    3.00000E-02    2.21314    45.0140    1.00000    5.84815E-06
   9    2.69231E-02    3.20000E-02    2.08660    45.4274    1.00000    4.98196E-06
   9    2.69231E-02    3.40000E-02    1.88828    46.0534    1.00000    3.82689E-06
   9    2.69231E-02    3.60000E-02    1.75160    46.5059    1.00000    3.15057E-06
   9    2.69231E-02    3.80000E-02    1.53455    47.0886    1.00000    2.27244E-06
   9    2.69231E-02    4.00000E-02    1.30765    47.7145    1.00000    1.54786E-06
   9    2.69231E-02    4.20000E-02    1.07104    48.4062    1.00000    9.71352E-07
   9    2.69231E-02    4.40000E-02    1.31400    48.3850    1.00000    1.38660E-06
   9    2.69231E-02    4.60000E-02   0.652246    49.7948    1.00000    3.19315E-07
   9    2.69231E-02    4.80000E-02   0.474711    50.4504    1.00000    1.60562E-07
   9    2.69231E-02    5.00000E-02   0.383181    50.7879    1.00000    1.01896E-07
   9    3.07692E-02   -4.80000E-02   -26.3407   -2.30568    1.00000    4.63262E-05
   9    3.07692E-02   -4.60000E-02   -69.3976   -25.2002    1.00000    8.88442E-04
   9    3.07692E-02   -4.40000E-02    94.7114    59.2302    1.00000    1.97545E-03
   9    3.07692E-02   -4.20000E-02    14.6203    26.4419    1.00000    1.49938E-03
   9    3.07692E-02   -4.00000E-02    4.32021    28.0211    1.00000    2.47127E-04
   9    3.07692E-02   -3.80000E-02    4.19737    28.7612    1.00000    2.05143E-04
   9    3.07692E-02   -3.60000E-02    3.91304    29.5550    1.00000    1.60480E-04
   9    3.07692E-02   -3.40000E-02    3.79497    30.2447    1.00000    1.35582E-04
   9    3.07692E-02   -3.20000E-02    3.86453    30.8150    1.00000    1.26029E-04
   9    3.07692E-02   -3.00000E-02    3.94690    31.3685    1.00000    1.17784E-04
   9    3.07692E-02   -2.80000E-02    3.83733    31.9926    1.00000    1.01197E-04
   9    3.07692E-02   -2.60000E-02    3.70760    32.6826    1.00000    8.55950E-05
   9    3.07692E-02   -2.40000E-02    3.59034    33.2801    1.00000    7.38370E-05
   9    3.07692E-02   -2.20000E-02    3.46413    33.8992    1.00000    6.31563E-05
   9    3.07692E-02   -2.00000E-02    3.32832    34.5411    1.00000    5.35018E-05
   9    3.07692E-02   -1.80000E-02    3.44774    34.9685    1.00000    5.27077E-05
   9    3.07692E-02   -1.60000E-02    3.56031    35.4545    1.00000    5.14493E-05
   9    3.07692E-02   -1.40000E-02    3.44080    36.0143    1.00000    4.47286E-05
   9    3.07692E-02   -1.20000E-02    3.31366    36.5917    1.00000    3.85807E-05
   9    3.07692E-02   -1.00000E-02    3.19304    37.1347    1.00000    3.33454E-05
   9    3.07692E-02   -8.00000E-03    3.05018    37.7477    1.00000    2.82474E-05
   9    3.07692E-02   -6.00000E-03    3.21042    38.1006    1.00000    2.90788E-05
   9    3.07692E-02   -4.00000E-03    3.08259    38.6385    1.00000    2.52747E-05
   9    3.07692E-02   -2.00000E-03    3.25026    39.0080    1.00000    2.60674E-05
   9    3.07692E-02  0.    3.13112    39.5133    1.00000    2.28196E-05
   9    3.07692E-02    2.00000E-03    3.00610    40.0314    1.00000    1.98292E-05
   9    3.07692E-02    4.00000E-03    2.87496    40.5628    1.00000    1.70882E-05
   9    3.07692E-02    6.00000E-03    2.73724    41.1082    1.00000    1.45857E-05
   9    3.07692E-02    8.00000E-03    2.95787    41.3410    1.00000    1.60613E-05
   9    3.07692E-02    1.00000E-02    2.81535    41.9076    1.00000    1.36846E-05
   9    3.07692E-02    1.20000E-02    2.71636    42.2937    1.00000    1.22241E-05
   9    3.07692E-02    1.40000E-02    2.56163    42.8861    1.00000    1.02130E-05
   9    3.07692E-02    1.60000E-02    2.45405    43.2900    1.00000    8.98757E-06
   9    3.07692E-02    1.80000E-02    2.68822    43.5498    1.00000    1.01432E-05
   9    3.07692E-02    2.00000E-02    2.55672    44.0392    1.00000    8.77318E-06
   9    3.07692E-02    2.20000E-02    2.80185    44.3071    1.00000    9.89846E-06
   9    3.07692E-02    2.40000E-02    2.28420    44.9916    1.00000    6.31166E-06
   9    3.07692E-02    2.60000E-02    2.52692    45.2110    1.00000    7.26907E-06
   9    3.07692E-02    2.80000E-02    1.96162    45.9905    1.00000    4.19231E-06
   9    3.07692E-02    3.00000E-02    1.82638    46.4255    1.00000    3.47986E-06
   9    3.07692E-02    3.20000E-02    2.07283    46.6512    1.00000    4.21355E-06
   9    3.07692E-02    3.40000E-02    1.93245    47.0594    1.00000    3.50990E-06
   9    3.07692E-02    3.60000E-02    1.78968    47.5327    1.00000    2.87739E-06
   9    3.07692E-02    3.80000E-02    2.01393    47.6445    1.00000    3.44218E-06
   9    3.07692E-02    4.00000E-02    1.37470    48.5721    1.00000    1.52765E-06
   9    3.07692E-02    4.20000E-02    1.16008    49.2084    1.00000    1.01826E-06
   9    3.07692E-02    4.40000E-02   0.990613    49.6859    1.00000    7.09606E-07
   9    3.07692E-02    4.60000E-02   0.816721    50.2596    1.00000    4.59214E-07
   9    3.07692E-02    4.80000E-02   0.637039    50.9064    1.00000    2.65247E-07
   9    3.07692E-02    5.00000E-02   -1.77782E-03    52.4485    1.00000    1.95156E-12
