   3   -3.07692E-02   -4.80000E-02   -18.0365   -5.23639E-02    1.00000    2.16528E-08
   3   -3.07692E-02   -4.60000E-02   -16.2795   -4.18984    1.00000    9.23183E-04
   3   -3.07692E-02   -4.40000E-02   -2.65654   -24.7403    1.00000    1.75141E-04
   3   -3.07692E-02   -4.20000E-02  -0.501259   -27.3441    1.00000    6.87195E-06
   3   -3.07692E-02   -4.00000E-02  -0.829405   -27.1902    1.00000    1.88515E-05
   3   -3.07692E-02   -3.80000E-02  -0.780896   -27.3625    1.00000    1.62677E-05
   3   -3.07692E-02   -3.60000E-02  -0.878177   -27.4139    1.00000    2.00465E-05
   3   -3.07692E-02   -3.40000E-02  -0.837715   -27.5495    1.00000    1.77912E-05
   3   -3.07692E-02   -3.20000E-02  -0.787552   -27.7147    1.00000    1.53148E-05
   3   -3.07692E-02   -3.00000E-02  -0.887647   -27.7672    1.00000    1.89507E-05
   3   -3.07692E-02   -2.80000E-02  -0.845646   -27.9067    1.00000    1.67692E-05
   3   -3.07692E-02   -2.60000E-02  -0.811358   -28.0197    1.00000    1.52130E-05
   3   -3.07692E-02   -2.40000E-02   0.671284   -29.2724    1.00000    1.01080E-05
   3   -3.07692E-02   -2.20000E-02    1.91760   -30.3210    1.00000    8.00943E-05
   3   -3.07692E-02   -2.00000E-02    3.24768   -31.4552    1.00000    2.22503E-04
   3   -3.07692E-02   -1.80000E-02    4.60579   -32.5420    1.00000    4.38799E-04
   3   -3.07692E-02   -1.60000E-02    5.68080   -33.6185    1.00000    6.42370E-04
   3   -3.07692E-02   -1.40000E-02    6.84626   -34.8742    1.00000    8.92806E-04
   3   -3.07692E-02   -1.20000E-02    8.06153   -36.0995    1.00000    1.20026E-03
   3   -3.07692E-02   -1.00000E-02    9.21691   -37.3025    1.00000    1.50434E-03
   3   -3.07692E-02   -8.00000E-03    10.5870   -38.6000    1.00000    1.92630E-03
   3   -3.07692E-02   -6.00000E-03    11.6298   -39.6741    1.00000    2.23436E-03
   3   -3.07692E-02   -4.00000E-03    11.9224   -40.4346    1.00000    2.12723E-03
   3   -3.07692E-02   -2.00000E-03    11.1557   -40.7021    1.00000    1.56823E-03
   3   -3.07692E-02  0.   10.42657   -40.9302    1.00000    1.17828E-03
   3   -3.07692E-02    2.00000E-03   10.07034   -41.4246    1.00000    9.52351E-04
   3   -3.07692E-02    4.00000E-03    9.56868   -41.7495    1.00000    7.54374E-04
   3   -3.07692E-02    6.00000E-03    8.95933   -41.9566    1.00000    5.87183E-04
   3   -3.07692E-02    8.00000E-03    8.58077   -42.3683    1.00000    4.76329E-04
   3   -3.07692E-02    1.00000E-02    8.39125   -42.8823    1.00000    4.07534E-04
   3   -3.07692E-02    1.20000E-02    8.07629   -43.2156    1.00000    3.42919E-04
   3   -3.07692E-02    1.40000E-02    7.73989   -43.5509    1.00000    2.85618E-04
   3   -3.07692E-02    1.60000E-02    7.38061   -43.8883    1.00000    2.35135E-04
   3   -3.07692E-02    1.80000E-02    7.20721   -44.2681    1.00000    2.06098E-04
   3   -3.07692E-02    2.00000E-02    6.80610   -44.6111    1.00000    1.65863E-04
   3   -3.07692E-02    2.20000E-02    6.86924   -45.1187    1.00000    1.57340E-04
   3   -3.07692E-02    2.40000E-02    6.40945   -45.3251    1.00000    1.24025E-04
   3   -3.07692E-02    2.60000E-02    5.92487   -45.5524    1.00000    9.56733E-05
   3   -3.07692E-02    2.80000E-02    5.43778   -45.7519    1.00000    7.28003E-05
   3   -3.07692E-02    3.00000E-02    5.15587   -46.0644    1.00000    5.98714E-05
   3   -3.07692E-02    3.20000E-02    5.16296   -46.4895    1.00000    5.58630E-05
   3   -3.07692E-02    3.40000E-02    4.88781   -46.7966    1.00000    4.57827E-05
   3   -3.07692E-02    3.60000E-02    4.50387   -47.0322    1.00000    3.59873E-05
   3   -3.07692E-02    3.80000E-02    3.95438   -47.2779    1.00000    2.44824E-05
   3   -3.07692E-02    4.00000E-02    3.76493   -47.6222    1.00000    1.96820E-05
   3   -3.07692E-02    4.20000E-02    3.09570   -47.9674    1.00000    1.17749E-05
   3   -3.07692E-02    4.40000E-02    2.77148   -48.4037    1.00000    8.39090E-06
   3   -3.07692E-02    4.60000E-02    2.36810   -48.9366    1.00000    5.48776E-06
   3   -3.07692E-02    4.80000E-02    1.45104   -49.7629    1.00000    1.79326E-06
   3   -3.07692E-02    5.00000E-02   -12.2805   -62.7049    1.00000    3.68457E-05
   3   -2.69231E-02   -4.80000E-02   -18.0370   -6.11708E-02    1.00000    6.73954E-08
   3   -2.69231E-02   -4.60000E-02   -15.6902   -5.40222    1.00000    9.67275E-04
   3   -2.69231E-02   -4.40000E-02   -2.93702   -24.8976    1.00000    1.91904E-04
   3   -2.69231E-02   -4.20000E-02  -0.597661   -27.7320    1.00000    8.82221E-06
   3   -2.69231E-02   -4.00000E-02  -0.937295   -27.6013    1.00000    2.16971E-05
   3   -2.69231E-02   -3.80000E-02  -0.887647   -27.7672    1.00000    1.89507E-05
   3   -2.69231E-02   -3.60000E-02  -0.845646   -27.9067    1.00000    1.67692E-05
   3   -2.69231E-02   -3.40000E-02  -0.948085   -27.9597    1.00000    2.05268E-05
   3   -2.69231E-02   -3.20000E-02  -0.897194   -28.1299    1.00000    1.78954E-05
   3   -2.69231E-02   -3.00000E-02   -1.00136   -28.1839    1.00000    2.17036E-05
   3   -2.69231E-02   -2.80000E-02  -0.818843   -28.3890    1.00000    1.43149E-05
   3   -2.69231E-02   -2.60000E-02  -0.765216   -28.5644    1.00000    1.21664E-05
   3   -2.69231E-02   -2.40000E-02  -0.870794   -28.6204    1.00000    1.53349E-05
   3   -2.69231E-02   -2.20000E-02  -0.826155   -28.7684    1.00000    1.34475E-05
   3   -2.69231E-02   -2.00000E-02  -0.934228   -28.8249    1.00000    1.67330E-05
   3   -2.69231E-02   -1.80000E-02  -0.743213   -29.0392    1.00000    1.04423E-05
   3   -2.69231E-02   -1.60000E-02   0.157856   -29.8612    1.00000    4.57480E-07
   3   -2.69231E-02   -1.40000E-02    1.46267   -30.9623    1.00000    3.81208E-05
   3   -2.69231E-02   -1.20000E-02    2.62038   -31.9315    1.00000    1.20038E-04
   3   -2.69231E-02   -1.00000E-02    3.69017   -32.8527    1.00000    2.30828E-04
   3   -2.69231E-02   -8.00000E-03    4.80809   -33.8939    1.00000    3.78224E-04
   3   -2.69231E-02   -6.00000E-03    5.92458   -35.0329    1.00000    5.57694E-04
   3   -2.69231E-02   -4.00000E-03    6.98897   -36.1827    1.00000    7.44081E-04
   3   -2.69231E-02   -2.00000E-03    8.28372   -37.4346    1.00000    1.01494E-03
   3   -2.69231E-02  0.    9.25528   -38.4669    1.00000    1.21768E-03
   3   -2.69231E-02    2.00000E-03   10.45655   -39.6262    1.00000    1.51113E-03
   3   -2.69231E-02    4.00000E-03    11.1155   -40.4526    1.00000    1.62411E-03
   3   -2.69231E-02    6.00000E-03    10.6386   -40.8642    1.00000    1.27915E-03
   3   -2.69231E-02    8.00000E-03   10.04749   -41.1670    1.00000    9.91048E-04
   3   -2.69231E-02    1.00000E-02    9.55418   -41.4882    1.00000    7.86988E-04
   3   -2.69231E-02    1.20000E-02    9.22118   -41.8975    1.00000    6.50587E-04
   3   -2.69231E-02    1.40000E-02    8.85882   -42.3109    1.00000    5.31549E-04
   3   -2.69231E-02    1.60000E-02    8.39990   -42.6083    1.00000    4.28506E-04
   3   -2.69231E-02    1.80000E-02    8.38170   -43.1600    1.00000    3.87353E-04
   3   -2.69231E-02    2.00000E-02    8.05982   -43.4971    1.00000    3.25091E-04
   3   -2.69231E-02    2.20000E-02    7.71602   -43.8364    1.00000    2.69981E-04
   3   -2.69231E-02    2.40000E-02    7.42909   -44.2142    1.00000    2.24006E-04
   3   -2.69231E-02    2.60000E-02    6.76002   -44.3095    1.00000    1.65860E-04
   3   -2.69231E-02    2.80000E-02    6.31695   -44.5295    1.00000    1.31172E-04
   3   -2.69231E-02    3.00000E-02    5.93624   -44.8395    1.00000    1.03287E-04
   3   -2.69231E-02    3.20000E-02    5.72298   -45.2029    1.00000    8.79525E-05
   3   -2.69231E-02    3.40000E-02    5.54880   -45.5916    1.00000    7.47069E-05
   3   -2.69231E-02    3.60000E-02    5.31204   -45.9987    1.00000    6.24477E-05
   3   -2.69231E-02    3.80000E-02    4.51655   -46.0831    1.00000    3.93722E-05
   3   -2.69231E-02    4.00000E-02    4.08539   -46.4633    1.00000    2.79883E-05
   3   -2.69231E-02    4.20000E-02    3.55723   -46.7958    1.00000    1.86404E-05
   3   -2.69231E-02    4.40000E-02    3.26668   -47.1820    1.00000    1.40448E-05
   3   -2.69231E-02    4.60000E-02    2.58650   -47.7436    1.00000    7.70446E-06
   3   -2.69231E-02    4.80000E-02    2.15288   -48.2985    1.00000    4.77066E-06
   3   -2.69231E-02    5.00000E-02   -11.4540   -60.3341    1.00000    3.80001E-05
   3   -2.30769E-02   -4.80000E-02   -18.0485   -2.13524E-02    1.00000    1.66981E-08
   3   -2.30769E-02   -4.60000E-02   -14.3548   -8.25041    1.00000    1.23199E-03
   3   -2.30769E-02   -4.40000E-02   -3.36020   -24.9419    1.00000    2.22864E-04
   3   -2.30769E-02   -4.20000E-02  -0.573025   -28.2076    1.00000    7.38408E-06
   3   -2.30769E-02   -4.00000E-02  -0.922677   -28.0446    1.00000    1.91824E-05
   3   -2.30769E-02   -3.80000E-02  -0.871290   -28.2158    1.00000    1.66512E-05
   3   -2.30769E-02   -3.60000E-02  -0.818843   -28.3890    1.00000    1.43149E-05
   3   -2.30769E-02   -3.40000E-02  -0.923814   -28.4443    1.00000    1.77362E-05
   3   -2.30769E-02   -3.20000E-02  -0.870794   -28.6204    1.00000    1.53349E-05
   3   -2.30769E-02   -3.00000E-02  -0.826155   -28.7684    1.00000    1.34475E-05
   3   -2.30769E-02   -2.80000E-02  -0.934228   -28.8249    1.00000    1.67330E-05
   3   -2.30769E-02   -2.60000E-02  -0.879779   -29.0058    1.00000    1.44349E-05
   3   -2.30769E-02   -2.40000E-02  -0.999547   -29.0324    1.00000    1.81505E-05
   3   -2.30769E-02   -2.20000E-02  -0.944782   -29.2160    1.00000    1.57701E-05
   3   -2.30769E-02   -2.00000E-02  -0.906838   -29.3403    1.00000    1.43078E-05
   3   -2.30769E-02   -1.80000E-02  -0.860385   -29.4956    1.00000    1.25395E-05
   3   -2.30769E-02   -1.60000E-02  -0.974019   -29.5551    1.00000    1.56271E-05
   3   -2.30769E-02   -1.40000E-02  -0.926668   -29.7131    1.00000    1.37679E-05
   3   -2.30769E-02   -1.20000E-02  -0.887850   -29.8414    1.00000    1.24433E-05
   3   -2.30769E-02   -1.00000E-02  -0.838968   -30.0023    1.00000    1.08127E-05
   3   -2.30769E-02   -8.00000E-03  -0.239651   -30.6061    1.00000    8.56554E-07
   3   -2.30769E-02   -6.00000E-03   0.910436   -31.5505    1.00000    1.21550E-05
   3   -2.30769E-02   -4.00000E-03    1.96649   -32.4995    1.00000    5.49315E-05
   3   -2.30769E-02   -2.00000E-03    3.02649   -33.3743    1.00000    1.27781E-04
   3   -2.30769E-02  0.    3.98146   -34.2177    1.00000    2.14314E-04
   3   -2.30769E-02    2.00000E-03    5.12826   -35.3675    1.00000    3.45571E-04
   3   -2.30769E-02    4.00000E-03    6.20364   -36.5172    1.00000    4.85022E-04
   3   -2.30769E-02    6.00000E-03    7.28179   -37.5918    1.00000    6.50177E-04
   3   -2.30769E-02    8.00000E-03    8.26159   -38.6479    1.00000    8.03672E-04
   3   -2.30769E-02    1.00000E-02    9.21230   -39.6012    1.00000    9.73789E-04
   3   -2.30769E-02    1.20000E-02   10.28059   -40.7040    1.00000    1.16490E-03
   3   -2.30769E-02    1.40000E-02   10.23435   -41.2506    1.00000    1.04154E-03
   3   -2.30769E-02    1.60000E-02    9.74862   -41.5751    1.00000    8.30204E-04
   3   -2.30769E-02    1.80000E-02    9.42315   -41.9877    1.00000    6.88606E-04
   3   -2.30769E-02    2.00000E-02    9.00469   -42.2880    1.00000    5.65280E-04
   3   -2.30769E-02    2.20000E-02    8.57643   -42.6397    1.00000    4.53722E-04
   3   -2.30769E-02    2.40000E-02    8.27484   -42.9709    1.00000    3.84075E-04
   3   -2.30769E-02    2.60000E-02    7.68039   -43.2164    1.00000    2.85614E-04
   3   -2.30769E-02    2.80000E-02    7.40450   -43.5974    1.00000    2.37713E-04
   3   -2.30769E-02    3.00000E-02    6.58941   -43.6750    1.00000    1.63704E-04
   3   -2.30769E-02    3.20000E-02    6.47646   -44.1270    1.00000    1.43182E-04
   3   -2.30769E-02    3.40000E-02    6.11098   -44.4501    1.00000    1.13643E-04
   3   -2.30769E-02    3.60000E-02    5.90770   -44.8192    1.00000    9.73028E-05
   3   -2.30769E-02    3.80000E-02    5.23214   -44.9886    1.00000    6.67979E-05
   3   -2.30769E-02    4.00000E-02    4.35731   -45.2880    1.00000    3.83459E-05
   3   -2.30769E-02    4.20000E-02    3.92975   -45.6399    1.00000    2.71333E-05
   3   -2.30769E-02    4.40000E-02    3.38744   -46.0879    1.00000    1.75959E-05
   3   -2.30769E-02    4.60000E-02    3.13744   -46.5735    1.00000    1.34501E-05
   3   -2.30769E-02    4.80000E-02    2.43781   -47.2470    1.00000    7.06060E-06
   3   -2.30769E-02    5.00000E-02   -9.56135   -57.5567    1.00000    3.38265E-05
   3   -1.92308E-02   -4.80000E-02   -18.0438   -1.58865E-02    1.00000    1.40448E-08
   3   -1.92308E-02   -4.60000E-02   -11.7524   -13.2570    1.00000    1.23506E-03
   3   -1.92308E-02   -4.40000E-02   -3.79907   -24.9799    1.00000    2.52056E-04
   3   -1.92308E-02   -4.20000E-02  -0.695067   -28.5524    1.00000    9.90616E-06
   3   -1.92308E-02   -4.00000E-02   -1.03977   -28.4696    1.00000    2.18971E-05
   3   -1.92308E-02   -3.80000E-02  -0.987600   -28.6461    1.00000    1.92212E-05
   3   -1.92308E-02   -3.60000E-02  -0.934228   -28.8249    1.00000    1.67330E-05
   3   -1.92308E-02   -3.40000E-02  -0.879779   -29.0058    1.00000    1.44349E-05
   3   -1.92308E-02   -3.20000E-02  -0.999547   -29.0324    1.00000    1.81505E-05
   3   -1.92308E-02   -3.00000E-02  -0.944782   -29.2160    1.00000    1.57701E-05
   3   -1.92308E-02   -2.80000E-02  -0.888793   -29.4018    1.00000    1.35707E-05
   3   -1.92308E-02   -2.60000E-02   -1.00211   -29.4609    1.00000    1.67769E-05
   3   -1.92308E-02   -2.40000E-02  -0.955279   -29.6179    1.00000    1.48402E-05
   3   -1.92308E-02   -2.20000E-02  -0.916820   -29.7454    1.00000    1.34586E-05
   3   -1.92308E-02   -2.00000E-02  -0.858465   -29.9380    1.00000    1.14685E-05
   3   -1.92308E-02   -1.80000E-02  -0.985603   -29.9663    1.00000    1.47140E-05
   3   -1.92308E-02   -1.60000E-02  -0.926861   -30.1619    1.00000    1.26436E-05
   3   -1.92308E-02   -1.40000E-02   -1.05645   -30.1906    1.00000    1.59844E-05
   3   -1.92308E-02   -1.20000E-02  -0.836292   -30.4600    1.00000    9.85639E-06
   3   -1.92308E-02   -1.00000E-02  -0.967233   -30.4895    1.00000    1.28273E-05
   3   -1.92308E-02   -8.00000E-03  -0.906152   -30.6919    1.00000    1.09340E-05
   3   -1.92308E-02   -6.00000E-03  -0.875125   -30.7941    1.00000    1.00496E-05
   3   -1.92308E-02   -4.00000E-03  -0.998707   -30.8590    1.00000    1.27116E-05
   3   -1.92308E-02   -2.00000E-03  -0.779734   -31.1047    1.00000    7.63289E-06
   3   -1.92308E-02  0.  -0.714424   -31.3152    1.00000    6.22044E-06
   3   -1.92308E-02    2.00000E-03   0.325714   -32.2362    1.00000    1.25447E-06
   3   -1.92308E-02    4.00000E-03    1.38852   -33.1198    1.00000    2.24022E-05
   3   -1.92308E-02    6.00000E-03    2.33508   -33.9980    1.00000    6.13177E-05
   3   -1.92308E-02    8.00000E-03    3.26988   -34.7844    1.00000    1.18072E-04
   3   -1.92308E-02    1.00000E-02    4.46774   -35.8640    1.00000    2.15269E-04
   3   -1.92308E-02    1.20000E-02    5.32800   -36.8416    1.00000    2.94029E-04
   3   -1.92308E-02    1.40000E-02    6.19050   -37.7688    1.00000    3.86433E-04
   3   -1.92308E-02    1.60000E-02    7.15902   -38.8048    1.00000    4.96514E-04
   3   -1.92308E-02    1.80000E-02    8.12211   -39.7819    1.00000    6.22509E-04
   3   -1.92308E-02    2.00000E-02    9.10565   -40.7461    1.00000    7.62871E-04
   3   -1.92308E-02    2.20000E-02    9.74862   -41.5751    1.00000    8.30204E-04
   3   -1.92308E-02    2.40000E-02    9.42315   -41.9877    1.00000    6.88606E-04
   3   -1.92308E-02    2.60000E-02    8.82236   -42.2710    1.00000    5.11084E-04
   3   -1.92308E-02    2.80000E-02    8.17339   -42.4441    1.00000    3.84075E-04
   3   -1.92308E-02    3.00000E-02    7.55427   -42.6617    1.00000    2.83106E-04
   3   -1.92308E-02    3.20000E-02    7.28436   -43.0554    1.00000    2.35524E-04
   3   -1.92308E-02    3.40000E-02    6.68933   -43.2793    1.00000    1.76990E-04
   3   -1.92308E-02    3.60000E-02    6.41418   -43.7025    1.00000    1.43183E-04
   3   -1.92308E-02    3.80000E-02    5.89835   -43.9778    1.00000    1.04988E-04
   3   -1.92308E-02    4.00000E-02    4.86688   -44.1792    1.00000    5.85902E-05
   3   -1.92308E-02    4.20000E-02    4.20588   -44.5409    1.00000    3.73267E-05
   3   -1.92308E-02    4.40000E-02    3.52616   -45.1017    1.00000    2.21062E-05
   3   -1.92308E-02    4.60000E-02    3.29312   -45.5273    1.00000    1.72602E-05
   3   -1.92308E-02    4.80000E-02    2.69329   -46.2075    1.00000    9.92815E-06
   3   -1.92308E-02    5.00000E-02   -7.83628   -54.9731    1.00000    2.88332E-05
   3   -1.53846E-02   -5.00000E-02   -18.0471  -0.150091    1.00000    6.45236E-11
   3   -1.53846E-02   -4.80000E-02   -17.8684  -0.641133    1.00000    1.95575E-05
   3   -1.53846E-02   -4.60000E-02   -10.5983   -15.7420    1.00000    1.01192E-03
   3   -1.53846E-02   -4.40000E-02   -4.52787   -24.7155    1.00000    3.11768E-04
   3   -1.53846E-02   -4.20000E-02  -0.817163   -28.9385    1.00000    1.23228E-05
   3   -1.53846E-02   -4.00000E-02   -1.01690   -28.9723    1.00000    1.90237E-05
   3   -1.53846E-02   -3.80000E-02  -0.962449   -29.1552    1.00000    1.65734E-05
   3   -1.53846E-02   -3.60000E-02  -0.916944   -29.3086    1.00000    1.46480E-05
   3   -1.53846E-02   -3.40000E-02  -0.860385   -29.4956    1.00000    1.25395E-05
   3   -1.53846E-02   -3.20000E-02  -0.802557   -29.6850    1.00000    1.06070E-05
   3   -1.53846E-02   -3.00000E-02   -1.07137   -29.6775    1.00000    1.81475E-05
   3   -1.53846E-02   -2.80000E-02  -0.858465   -29.9380    1.00000    1.14685E-05
   3   -1.53846E-02   -2.60000E-02  -0.809100   -30.1000    1.00000    9.91349E-06
   3   -1.53846E-02   -2.40000E-02  -0.926861   -30.1619    1.00000    1.26436E-05
   3   -1.53846E-02   -2.20000E-02  -0.866766   -30.3600    1.00000    1.07424E-05
   3   -1.53846E-02   -2.00000E-02  -0.986710   -30.4232    1.00000    1.35262E-05
   3   -1.53846E-02   -1.80000E-02  -0.936822   -30.5904    1.00000    1.18589E-05
   3   -1.53846E-02   -1.60000E-02   -1.05982   -30.6543    1.00000    1.47426E-05
   3   -1.53846E-02   -1.40000E-02   -1.00909   -30.8244    1.00000    1.29954E-05
   3   -1.53846E-02   -1.20000E-02  -0.967613   -30.9625    1.00000    1.17573E-05
   3   -1.53846E-02   -1.00000E-02  -0.915172   -31.1359    1.00000    1.02245E-05
   3   -1.53846E-02   -8.00000E-03   -1.04238   -31.2019    1.00000    1.28782E-05
   3   -1.53846E-02   -6.00000E-03   -1.01082   -31.3076    1.00000    1.19304E-05
   3   -1.53846E-02   -4.00000E-03  -0.946533   -31.5211    1.00000    1.01517E-05
   3   -1.53846E-02   -2.00000E-03   -1.08767   -31.5526    1.00000    1.30282E-05
   3   -1.53846E-02  0.   -1.04416   -31.6976    1.00000    1.18093E-05
   3   -1.53846E-02    2.00000E-03  -0.990012   -31.8791    1.00000    1.03133E-05
   3   -1.53846E-02    4.00000E-03  -0.944940   -32.0270    1.00000    9.23990E-06
   3   -1.53846E-02    6.00000E-03   -1.09099   -32.0593    1.00000    1.19658E-05
   3   -1.53846E-02    8.00000E-03  -0.854329   -32.3249    1.00000    7.22363E-06
   3   -1.53846E-02    1.00000E-02  -0.368404   -32.8669    1.00000    1.30158E-06
   3   -1.53846E-02    1.20000E-02   0.741090   -33.7932    1.00000    5.17504E-06
   3   -1.53846E-02    1.40000E-02    1.72370   -34.6796    1.00000    2.71131E-05
   3   -1.53846E-02    1.60000E-02    2.70461   -35.5071    1.00000    6.55299E-05
   3   -1.53846E-02    1.80000E-02    3.72246   -36.3960    1.00000    1.21622E-04
   3   -1.53846E-02    2.00000E-02    4.35599   -37.1907    1.00000    1.60147E-04
   3   -1.53846E-02    2.20000E-02    5.47472   -38.2967    1.00000    2.46231E-04
   3   -1.53846E-02    2.40000E-02    6.40402   -39.2617    1.00000    3.28129E-04
   3   -1.53846E-02    2.60000E-02    7.91611   -40.4634    1.00000    4.93271E-04
   3   -1.53846E-02    2.80000E-02    9.00024   -41.4179    1.00000    6.18119E-04
   3   -1.53846E-02    3.00000E-02    8.29540   -41.5751    1.00000    4.50168E-04
   3   -1.53846E-02    3.20000E-02    7.68445   -41.8496    1.00000    3.36700E-04
   3   -1.53846E-02    3.40000E-02    7.71983   -42.4095    1.00000    3.05070E-04
   3   -1.53846E-02    3.60000E-02    7.01324   -42.5898    1.00000    2.19026E-04
   3   -1.53846E-02    3.80000E-02    6.37749   -42.8489    1.00000    1.53190E-04
   3   -1.53846E-02    4.00000E-02    5.27726   -43.0818    1.00000    8.38346E-05
   3   -1.53846E-02    4.20000E-02    4.79684   -43.5435    1.00000    5.85900E-05
   3   -1.53846E-02    4.40000E-02    3.89987   -44.0280    1.00000    3.21282E-05
   3   -1.53846E-02    4.60000E-02    3.74667   -44.4501    1.00000    2.62863E-05
   3   -1.53846E-02    4.80000E-02    3.22780   -45.0389    1.00000    1.69178E-05
   3   -1.53846E-02    5.00000E-02   -5.28216   -52.0995    1.00000    1.75426E-05
   3   -1.15385E-02   -5.00000E-02   -18.0334  -0.403756    1.00000    2.44505E-09
   3   -1.15385E-02   -4.80000E-02   -17.3741   -2.29122    1.00000    1.50946E-04
   3   -1.15385E-02   -4.60000E-02   -8.41777   -19.9516    1.00000    6.46791E-04
   3   -1.15385E-02   -4.40000E-02   -5.35732   -24.4787    1.00000    3.76592E-04
   3   -1.15385E-02   -4.20000E-02  -0.796166   -29.4486    1.00000    1.06070E-05
   3   -1.15385E-02   -4.00000E-02   -1.00211   -29.4609    1.00000    1.67769E-05
   3   -1.15385E-02   -3.80000E-02   -1.09930   -29.5825    1.00000    1.93798E-05
   3   -1.15385E-02   -3.60000E-02   -1.04314   -29.7732    1.00000    1.69605E-05
   3   -1.15385E-02   -3.40000E-02  -0.985603   -29.9663    1.00000    1.47140E-05
   3   -1.15385E-02   -3.20000E-02  -0.926861   -30.1619    1.00000    1.26436E-05
   3   -1.15385E-02   -3.00000E-02   -1.04607   -30.2242    1.00000    1.56501E-05
   3   -1.15385E-02   -2.80000E-02  -0.997326   -30.3892    1.00000    1.38379E-05
   3   -1.15385E-02   -2.60000E-02  -0.936822   -30.5904    1.00000    1.18589E-05
   3   -1.15385E-02   -2.40000E-02   -1.05982   -30.6543    1.00000    1.47426E-05
   3   -1.15385E-02   -2.20000E-02  -0.998707   -30.8590    1.00000    1.27116E-05
   3   -1.15385E-02   -2.00000E-02  -0.946866   -31.0314    1.00000    1.11087E-05
   3   -1.15385E-02   -1.80000E-02   -1.07367   -31.0969    1.00000    1.38682E-05
   3   -1.15385E-02   -1.60000E-02   -1.01082   -31.3076    1.00000    1.19304E-05
   3   -1.15385E-02   -1.40000E-02  -0.978785   -31.4141    1.00000    1.10196E-05
   3   -1.15385E-02   -1.20000E-02  -0.913726   -31.6290    1.00000    9.31863E-06
   3   -1.15385E-02   -1.00000E-02   -1.05553   -31.6607    1.00000    1.20853E-05
   3   -1.15385E-02   -8.00000E-03  -0.990012   -31.8791    1.00000    1.03133E-05
   3   -1.15385E-02   -6.00000E-03  -0.944940   -32.0270    1.00000    9.23990E-06
   3   -1.15385E-02   -4.00000E-03   -1.09099   -32.0593    1.00000    1.19658E-05
   3   -1.15385E-02   -2.00000E-03   -1.03505   -32.2456    1.00000    1.04589E-05
   3   -1.15385E-02  0.  -0.989883   -32.3965    1.00000    9.40554E-06
   3   -1.15385E-02    2.00000E-03   -1.13950   -32.4295    1.00000    1.21039E-05
   3   -1.15385E-02    4.00000E-03  -0.885144   -32.7405    1.00000    7.17802E-06
   3   -1.15385E-02    6.00000E-03   -1.03652   -32.7746    1.00000    9.55681E-06
   3   -1.15385E-02    8.00000E-03   -1.00141   -32.8912    1.00000    8.78146E-06
   3   -1.15385E-02    1.00000E-02  -0.929787   -33.1269    1.00000    7.33544E-06
   3   -1.15385E-02    1.20000E-02  -0.893341   -33.2460    1.00000    6.66539E-06
   3   -1.15385E-02    1.40000E-02   -1.04905   -33.2813    1.00000    8.91999E-06
   3   -1.15385E-02    1.60000E-02   -1.00025   -33.4424    1.00000    7.96908E-06
   3   -1.15385E-02    1.80000E-02  -0.938966   -33.6446    1.00000    6.81166E-06
   3   -1.15385E-02    2.00000E-02    2.78850E-03   -34.4511    1.00000    5.90348E-11
   3   -1.15385E-02    2.20000E-02   0.983038   -35.2862    1.00000    7.20549E-06
   3   -1.15385E-02    2.40000E-02    1.81361   -36.1041    1.00000    2.36988E-05
   3   -1.15385E-02    2.60000E-02    3.37608   -37.2593    1.00000    8.09719E-05
   3   -1.15385E-02    2.80000E-02    4.50848   -38.3419    1.00000    1.41050E-04
   3   -1.15385E-02    3.00000E-02    5.69427   -39.3506    1.00000    2.20849E-04
   3   -1.15385E-02    3.20000E-02    7.23206   -40.4933    1.00000    3.52055E-04
   3   -1.15385E-02    3.40000E-02    8.32651   -41.3971    1.00000    4.53727E-04
   3   -1.15385E-02    3.60000E-02    7.75563   -41.6428    1.00000    3.40040E-04
   3   -1.15385E-02    3.80000E-02    6.81989   -41.8389    1.00000    2.16537E-04
   3   -1.15385E-02    4.00000E-02    5.82578   -42.0753    1.00000    1.27330E-04
   3   -1.15385E-02    4.20000E-02    4.98041   -42.4889    1.00000    7.52101E-05
   3   -1.15385E-02    4.40000E-02    4.46018   -42.8982    1.00000    5.10143E-05
   3   -1.15385E-02    4.60000E-02    3.85477   -43.5189    1.00000    3.21282E-05
   3   -1.15385E-02    4.80000E-02    3.36964   -44.1151    1.00000    2.13315E-05
   3   -1.15385E-02    5.00000E-02   -4.08729   -50.1714    1.00000    1.29690E-05
   3   -7.69231E-03   -5.00000E-02   -18.0611    7.15733E-02    1.00000    3.11061E-10
   3   -7.69231E-03   -4.80000E-02   -17.1497   -3.07642    1.00000    1.86035E-04
   3   -7.69231E-03   -4.60000E-02   -8.22642   -21.2533    1.00000    5.00496E-04
   3   -7.69231E-03   -4.40000E-02   -6.35925   -24.0882    1.00000    4.51532E-04
   3   -7.69231E-03   -4.20000E-02   -1.38529   -29.5585    1.00000    2.79044E-05
   3   -7.69231E-03   -4.00000E-02  -0.956368   -30.0638    1.00000    1.36566E-05
   3   -7.69231E-03   -3.80000E-02   -1.07524   -30.1256    1.00000    1.67759E-05
   3   -7.69231E-03   -3.60000E-02   -1.01653   -30.3234    1.00000    1.45661E-05
   3   -7.69231E-03   -3.40000E-02  -0.956454   -30.5238    1.00000    1.25255E-05
   3   -7.69231E-03   -3.20000E-02   -1.05982   -30.6543    1.00000    1.47426E-05
   3   -7.69231E-03   -3.00000E-02   -1.00909   -30.8244    1.00000    1.29954E-05
   3   -7.69231E-03   -2.80000E-02   -1.13518   -30.8888    1.00000    1.59705E-05
   3   -7.69231E-03   -2.60000E-02   -1.07367   -31.0969    1.00000    1.38682E-05
   3   -7.69231E-03   -2.40000E-02   -1.01082   -31.3076    1.00000    1.19304E-05
   3   -7.69231E-03   -2.20000E-02   -1.14003   -31.3745    1.00000    1.47301E-05
   3   -7.69231E-03   -2.00000E-02   -1.08767   -31.5526    1.00000    1.30282E-05
   3   -7.69231E-03   -1.80000E-02   -1.02300   -31.7695    1.00000    1.11810E-05
   3   -7.69231E-03   -1.60000E-02  -0.978377   -31.9165    1.00000    1.00577E-05
   3   -7.69231E-03   -1.40000E-02  -0.923007   -32.1005    1.00000    8.69474E-06
   3   -7.69231E-03   -1.20000E-02   -1.05768   -32.1709    1.00000    1.10746E-05
   3   -7.69231E-03   -1.00000E-02   -1.00121   -32.3584    1.00000    9.63615E-06
   3   -7.69231E-03   -8.00000E-03   -1.13950   -32.4295    1.00000    1.21039E-05
   3   -7.69231E-03   -6.00000E-03  -0.885144   -32.7405    1.00000    7.17802E-06
   3   -7.69231E-03   -4.00000E-03   -1.03652   -32.7746    1.00000    9.55681E-06
   3   -7.69231E-03   -2.00000E-03   -1.17808   -32.8479    1.00000    1.19666E-05
   3   -7.69231E-03  0.  -0.929787   -33.1269    1.00000    7.33544E-06
   3   -7.69231E-03    2.00000E-03   -1.07267   -33.2021    1.00000    9.46132E-06
   3   -7.69231E-03    4.00000E-03   -1.03667   -33.3218    1.00000    8.69748E-06
   3   -7.69231E-03    6.00000E-03  -0.976178   -33.5226    1.00000    7.48120E-06
   3   -7.69231E-03    8.00000E-03   -1.12333   -33.5993    1.00000    9.59644E-06
   3   -7.69231E-03    1.00000E-02   -1.08671   -33.7219    1.00000    8.83743E-06
   3   -7.69231E-03    1.20000E-02   -1.24957   -33.7576    1.00000    1.13333E-05
   3   -7.69231E-03    1.40000E-02  -0.973986   -34.0950    1.00000    6.76252E-06
   3   -7.69231E-03    1.60000E-02   -1.13871   -34.1319    1.00000    8.96315E-06
   3   -7.69231E-03    1.80000E-02   -1.10088   -34.2584    1.00000    8.24150E-06
   3   -7.69231E-03    2.00000E-02   -1.04870   -34.4294    1.00000    7.34554E-06
   3   -7.69231E-03    2.20000E-02   -1.21814   -34.4665    1.00000    9.60726E-06
   3   -7.69231E-03    2.40000E-02  -0.944634   -34.7737    1.00000    5.68101E-06
   3   -7.69231E-03    2.60000E-02  -0.905219   -34.9365    1.00000    5.12168E-06
   3   -7.69231E-03    2.80000E-02   0.354289   -35.9392    1.00000    7.72323E-07
   3   -7.69231E-03    3.00000E-02    1.67091   -36.9342    1.00000    1.69413E-05
   3   -7.69231E-03    3.20000E-02    3.03710   -37.8584    1.00000    5.54747E-05
   3   -7.69231E-03    3.40000E-02    4.00309   -38.8033    1.00000    9.31385E-05
   3   -7.69231E-03    3.60000E-02    5.70951   -39.9277    1.00000    1.90824E-04
   3   -7.69231E-03    3.80000E-02    7.26976   -40.8100    1.00000    3.10415E-04
   3   -7.69231E-03    4.00000E-02    6.55932   -41.1345    1.00000    2.01293E-04
   3   -7.69231E-03    4.20000E-02    5.37262   -41.4682    1.00000    1.06021E-04
   3   -7.69231E-03    4.40000E-02    4.66398   -41.9233    1.00000    6.62682E-05
   3   -7.69231E-03    4.60000E-02    3.91931   -42.5896    1.00000    3.82287E-05
   3   -7.69231E-03    4.80000E-02    3.81796   -43.1035    1.00000    3.21279E-05
   3   -7.69231E-03    5.00000E-02   -2.65623   -48.2206    1.00000    6.94324E-06
   3   -3.84615E-03   -5.00000E-02   -18.0586    6.16873E-02    1.00000    6.06235E-10
   3   -3.84615E-03   -4.80000E-02   -16.7287   -4.40599    1.00000    2.35460E-04
   3   -3.84615E-03   -4.60000E-02   -8.26835   -22.2958    1.00000    4.10835E-04
   3   -3.84615E-03   -4.40000E-02   -6.67706   -24.7325    1.00000    4.03562E-04
   3   -3.84615E-03   -4.20000E-02   -2.63299   -29.2181    1.00000    8.28134E-05
   3   -3.84615E-03   -4.00000E-02  -0.567896   -30.8696    1.00000    4.35548E-06
   3   -3.84615E-03   -3.80000E-02  -0.875125   -30.7941    1.00000    1.00496E-05
   3   -3.84615E-03   -3.60000E-02   -1.16537   -30.7858    1.00000    1.70825E-05
   3   -3.84615E-03   -3.40000E-02   -1.10456   -30.9925    1.00000    1.48977E-05
   3   -3.84615E-03   -3.20000E-02   -1.04238   -31.2019    1.00000    1.28782E-05
   3   -3.84615E-03   -3.00000E-02  -0.978785   -31.4141    1.00000    1.10196E-05
   3   -3.84615E-03   -2.80000E-02  -0.913726   -31.6290    1.00000    9.31863E-06
   3   -3.84615E-03   -2.60000E-02   -1.04416   -31.6976    1.00000    1.18093E-05
   3   -3.84615E-03   -2.40000E-02  -0.978377   -31.9165    1.00000    1.00577E-05
   3   -3.84615E-03   -2.20000E-02  -0.923007   -32.1005    1.00000    8.69474E-06
   3   -3.84615E-03   -2.00000E-02   -1.05768   -32.1709    1.00000    1.10746E-05
   3   -3.84615E-03   -1.80000E-02  -0.989883   -32.3965    1.00000    9.40554E-06
   3   -3.84615E-03   -1.60000E-02   -1.12715   -32.4685    1.00000    1.18253E-05
   3   -3.84615E-03   -1.40000E-02   -1.07124   -32.6588    1.00000    1.03687E-05
   3   -3.84615E-03   -1.20000E-02   -1.00141   -32.8912    1.00000    8.78146E-06
   3   -3.84615E-03   -1.00000E-02   -1.15521   -32.9255    1.00000    1.13435E-05
   3   -3.84615E-03   -8.00000E-03   -1.08496   -33.1618    1.00000    9.69406E-06
   3   -3.84615E-03   -6.00000E-03   -1.03667   -33.3218    1.00000    8.69748E-06
   3   -3.84615E-03   -4.00000E-03   -1.19548   -33.3566    1.00000    1.12231E-05
   3   -3.84615E-03   -2.00000E-03   -1.12333   -33.5993    1.00000    9.59644E-06
   3   -3.84615E-03  0.   -1.08671   -33.7219    1.00000    8.83743E-06
   3   -3.84615E-03    2.00000E-03   -1.01200   -33.9697    1.00000    7.42019E-06
   3   -3.84615E-03    4.00000E-03   -1.17614   -34.0062    1.00000    9.71944E-06
   3   -3.84615E-03    6.00000E-03   -1.12524   -34.1748    1.00000    8.73873E-06
   3   -3.84615E-03    8.00000E-03   -1.06255   -34.3858    1.00000    7.55269E-06
   3   -3.84615E-03    1.00000E-02   -1.02377   -34.5142    1.00000    6.89700E-06
   3   -3.84615E-03    1.20000E-02   -1.17987   -34.5956    1.00000    8.86514E-06
   3   -3.84615E-03    1.40000E-02   -1.14104   -34.7257    1.00000    8.15484E-06
   3   -3.84615E-03    1.60000E-02   -1.07545   -34.9440    1.00000    7.01798E-06
   3   -3.84615E-03    1.80000E-02   -1.02176   -35.1214    1.00000    6.21986E-06
   3   -3.84615E-03    2.00000E-02   -1.19719   -35.1603    1.00000    8.27228E-06
   3   -3.84615E-03    2.20000E-02   -1.15708   -35.2946    1.00000    7.59819E-06
   3   -3.84615E-03    2.40000E-02   -1.11650   -35.4299    1.00000    6.95582E-06
   3   -3.84615E-03    2.60000E-02   -1.28254   -35.5385    1.00000    8.86306E-06
   3   -3.84615E-03    2.80000E-02   -1.25780   -35.6734    1.00000    8.37303E-06
   3   -3.84615E-03    3.00000E-02   -1.21756   -35.8310    1.00000    7.70446E-06
   3   -3.84615E-03    3.20000E-02   -1.17731   -36.0096    1.00000    7.06555E-06
   3   -3.84615E-03    3.40000E-02   0.166052   -36.9819    1.00000    1.39038E-07
   3   -3.84615E-03    3.60000E-02    1.56378   -37.9063    1.00000    1.22433E-05
   3   -3.84615E-03    3.80000E-02    3.29006   -38.9625    1.00000    5.41440E-05
   3   -3.84615E-03    4.00000E-02    6.08548   -40.0402    1.00000    1.97932E-04
   3   -3.84615E-03    4.20000E-02    5.89867   -40.4443    1.00000    1.57234E-04
   3   -3.84615E-03    4.40000E-02    5.14614   -40.9914    1.00000    9.65184E-05
   3   -3.84615E-03    4.60000E-02    4.22180   -41.6052    1.00000    5.22835E-05
   3   -3.84615E-03    4.80000E-02    3.88128   -42.1764    1.00000    3.82287E-05
   3   -3.84615E-03    5.00000E-02   -1.46994   -46.3417    1.00000    2.71371E-06
   3  0.   -5.00000E-02   -18.0586    6.16873E-02    1.00000    6.06235E-10
   3  0.   -4.80000E-02   -16.5465   -5.10772    1.00000    2.13272E-04
   3  0.   -4.60000E-02   -8.42631   -23.2650    1.00000    3.32467E-04
   3  0.   -4.40000E-02   -3.98648   -30.1640    1.00000    9.86140E-05
   3  0.   -4.20000E-02   -2.83966E-02   -34.8671    1.00000    5.72594E-09
   3  0.   -4.00000E-02   -2.84480E-02   -34.8765    1.00000    5.74357E-09
   3  0.   -3.80000E-02   -2.84480E-02   -34.8765    1.00000    5.74357E-09
   3  0.   -3.60000E-02   -2.84480E-02   -34.8765    1.00000    5.74357E-09
   3  0.   -3.40000E-02   -2.84480E-02   -34.8765    1.00000    5.74357E-09
   3  0.   -3.20000E-02   -2.84480E-02   -34.8765    1.00000    5.74357E-09
   3  0.   -3.00000E-02   -2.84480E-02   -34.8765    1.00000    5.74357E-09
   3  0.   -2.80000E-02   -2.84480E-02   -34.8765    1.00000    5.74357E-09
   3  0.   -2.60000E-02   -2.84480E-02   -34.8765    1.00000    5.74357E-09
   3  0.   -2.40000E-02   -2.84480E-02   -34.8765    1.00000    5.74357E-09
   3  0.   -2.20000E-02   -2.84480E-02   -34.8765    1.00000    5.74357E-09
   3  0.   -2.00000E-02   -2.84480E-02   -34.8765    1.00000    5.74357E-09
   3  0.   -1.80000E-02   -2.84480E-02   -34.8765    1.00000    5.74357E-09
   3  0.   -1.60000E-02   -2.84480E-02   -34.8765    1.00000    5.74357E-09
   3  0.   -1.40000E-02   -2.84480E-02   -34.8765    1.00000    5.74357E-09
   3  0.   -1.20000E-02   -2.84480E-02   -34.8765    1.00000    5.74357E-09
   3  0.   -1.00000E-02   -2.84480E-02   -34.8765    1.00000    5.74357E-09
   3  0.   -8.00000E-03   -2.84480E-02   -34.8765    1.00000    5.74357E-09
   3  0.   -6.00000E-03   -2.84480E-02   -34.8765    1.00000    5.74357E-09
   3  0.   -4.00000E-03  -0.433758   -34.6985    1.00000    1.29734E-06
   3  0.   -2.00000E-03  -0.830019   -34.5618    1.00000    4.60732E-06
   3  0.  0.   -1.02377   -34.5142    1.00000    6.89700E-06
   3  0.    2.00000E-03   -1.17987   -34.5956    1.00000    8.86514E-06
   3  0.    4.00000E-03   -1.11512   -34.8124    1.00000    7.67218E-06
   3  0.    6.00000E-03   -1.06202   -34.9885    1.00000    6.83294E-06
   3  0.    8.00000E-03   -1.23665   -35.0270    1.00000    8.97640E-06
   3  0.    1.00000E-02  -0.939647   -35.3902    1.00000    5.08644E-06
   3  0.    1.20000E-02   -1.11650   -35.4299    1.00000    6.95582E-06
   3  0.    1.40000E-02   -1.29580   -35.4695    1.00000    9.07363E-06
   3  0.    1.60000E-02   -1.24113   -35.6529    1.00000    8.17014E-06
   3  0.    1.80000E-02  -0.948832   -35.9813    1.00000    4.69267E-06
   3  0.    2.00000E-02   -1.13116   -36.0227    1.00000    6.45667E-06
   3  0.    2.20000E-02   -1.07347   -36.2117    1.00000    5.70601E-06
   3  0.    2.40000E-02   -1.26055   -36.2528    1.00000    7.61489E-06
   3  0.    2.60000E-02   -1.21877   -36.4179    1.00000    6.98717E-06
   3  0.    2.80000E-02   -1.17709   -36.6041    1.00000    6.38999E-06
   3  0.    3.00000E-02   -1.13397   -36.7678    1.00000    5.82172E-06
   3  0.    3.20000E-02   -1.09080   -36.9512    1.00000    5.28259E-06
   3  0.    3.40000E-02   -1.04620   -37.1134    1.00000    4.77091E-06
   3  0.    3.60000E-02   -1.28769   -37.0872    1.00000    7.08506E-06
   3  0.    3.80000E-02  -0.697099   -37.5880    1.00000    2.04520E-06
   3  0.    4.00000E-02    2.10605   -38.7849    1.00000    1.94927E-05
   3  0.    4.20000E-02    4.70438   -39.6143    1.00000    1.03289E-04
   3  0.    4.40000E-02    5.49031   -39.9942    1.00000    1.32650E-04
   3  0.    4.60000E-02    4.72021   -40.5920    1.00000    7.86682E-05
   3  0.    4.80000E-02    3.96630   -41.3318    1.00000    4.57882E-05
   3  0.    5.00000E-02  -0.370234   -44.7468    1.00000    2.13761E-07
   3    3.84615E-03   -5.00000E-02   -18.0586    6.16873E-02    1.00000    6.06235E-10
   3    3.84615E-03   -4.80000E-02   -16.3701   -5.86420    1.00000    1.83093E-04
   3    3.84615E-03   -4.60000E-02   -6.47829   -28.7117    1.00000    1.30047E-04
   3    3.84615E-03   -4.40000E-02  -0.180587   -39.5132    1.00000    1.06100E-07
   3    3.84615E-03   -4.20000E-02  -0.180979   -39.5990    1.00000    1.06100E-07
   3    3.84615E-03   -4.00000E-02  -0.181291   -39.6672    1.00000    1.06100E-07
   3    3.84615E-03   -3.80000E-02  -0.181291   -39.6672    1.00000    1.06100E-07
   3    3.84615E-03   -3.60000E-02  -0.181291   -39.6672    1.00000    1.06100E-07
   3    3.84615E-03   -3.40000E-02  -0.181291   -39.6672    1.00000    1.06100E-07
   3    3.84615E-03   -3.20000E-02  -0.181291   -39.6672    1.00000    1.06100E-07
   3    3.84615E-03   -3.00000E-02  -0.181291   -39.6672    1.00000    1.06100E-07
   3    3.84615E-03   -2.80000E-02  -0.181291   -39.6672    1.00000    1.06100E-07
   3    3.84615E-03   -2.60000E-02  -0.181291   -39.6672    1.00000    1.06100E-07
   3    3.84615E-03   -2.40000E-02  -0.181291   -39.6672    1.00000    1.06100E-07
   3    3.84615E-03   -2.20000E-02  -0.181291   -39.6672    1.00000    1.06100E-07
   3    3.84615E-03   -2.00000E-02  -0.181291   -39.6672    1.00000    1.06100E-07
   3    3.84615E-03   -1.80000E-02  -0.181291   -39.6672    1.00000    1.06100E-07
   3    3.84615E-03   -1.60000E-02  -0.181291   -39.6672    1.00000    1.06100E-07
   3    3.84615E-03   -1.40000E-02  -0.181291   -39.6672    1.00000    1.06100E-07
   3    3.84615E-03   -1.20000E-02  -0.181291   -39.6672    1.00000    1.06100E-07
   3    3.84615E-03   -1.00000E-02  -0.181291   -39.6672    1.00000    1.06100E-07
   3    3.84615E-03   -8.00000E-03  -0.181291   -39.6672    1.00000    1.06100E-07
   3    3.84615E-03   -6.00000E-03  -0.181291   -39.6672    1.00000    1.06100E-07
   3    3.84615E-03   -4.00000E-03  -0.181291   -39.6672    1.00000    1.06100E-07
   3    3.84615E-03   -2.00000E-03  -0.181291   -39.6672    1.00000    1.06100E-07
   3    3.84615E-03  0.  -0.181291   -39.6672    1.00000    1.06100E-07
   3    3.84615E-03    2.00000E-03  -0.181291   -39.6672    1.00000    1.06100E-07
   3    3.84615E-03    4.00000E-03  -0.181291   -39.6672    1.00000    1.06100E-07
   3    3.84615E-03    6.00000E-03  -0.181291   -39.6672    1.00000    1.06100E-07
   3    3.84615E-03    8.00000E-03  -0.181291   -39.6672    1.00000    1.06100E-07
   3    3.84615E-03    1.00000E-02  -0.181291   -39.6672    1.00000    1.06100E-07
   3    3.84615E-03    1.20000E-02  -0.181291   -39.6672    1.00000    1.06100E-07
   3    3.84615E-03    1.40000E-02  -0.181291   -39.6672    1.00000    1.06100E-07
   3    3.84615E-03    1.60000E-02  -0.181291   -39.6672    1.00000    1.06100E-07
   3    3.84615E-03    1.80000E-02  -0.181291   -39.6672    1.00000    1.06100E-07
   3    3.84615E-03    2.00000E-02  -0.181291   -39.6672    1.00000    1.06100E-07
   3    3.84615E-03    2.20000E-02  -0.181291   -39.6672    1.00000    1.06100E-07
   3    3.84615E-03    2.40000E-02  -0.181291   -39.6672    1.00000    1.06100E-07
   3    3.84615E-03    2.60000E-02  -0.181307   -39.6708    1.00000    1.06100E-07
   3    3.84615E-03    2.80000E-02  -0.181340   -39.6780    1.00000    1.06100E-07
   3    3.84615E-03    3.00000E-02  -0.181324   -39.6816    1.00000    1.06062E-07
   3    3.84615E-03    3.20000E-02  -0.181357   -39.6888    1.00000    1.06062E-07
   3    3.84615E-03    3.40000E-02  -0.181373   -39.6924    1.00000    1.06062E-07
   3    3.84615E-03    3.60000E-02  -0.181406   -39.6996    1.00000    1.06062E-07
   3    3.84615E-03    3.80000E-02  -0.181488   -39.7104    1.00000    1.06100E-07
   3    3.84615E-03    4.00000E-02  -0.181603   -39.7357    1.00000    1.06100E-07
   3    3.84615E-03    4.20000E-02  -0.181727   -39.7609    1.00000    1.06110E-07
   3    3.84615E-03    4.40000E-02    1.62089   -39.9995    1.00000    8.90947E-06
   3    3.84615E-03    4.60000E-02    4.03914   -40.0136    1.00000    6.07175E-05
   3    3.84615E-03    4.80000E-02    4.52125   -40.3375    1.00000    7.08214E-05
   3    3.84615E-03    5.00000E-02   0.877941   -43.0690    1.00000    1.52952E-06
   3    7.69231E-03   -5.00000E-02   -18.0611    7.15733E-02    1.00000    3.11061E-10
   3    7.69231E-03   -4.80000E-02   -16.2360   -6.68375    1.00000    1.59314E-04
   3    7.69231E-03   -4.60000E-02   -5.93906E-02   -46.1234    1.00000    4.62217E-09
   3    7.69231E-03   -4.40000E-02   -5.94312E-02   -46.1549    1.00000    4.62217E-09
   3    7.69231E-03   -4.20000E-02   -5.93712E-02   -46.1879    1.00000    4.60635E-09
   3    7.69231E-03   -4.00000E-02   -5.95575E-02   -46.2139    1.00000    4.63009E-09
   3    7.69231E-03   -3.80000E-02   -5.95575E-02   -46.2139    1.00000    4.63009E-09
   3    7.69231E-03   -3.60000E-02   -5.95575E-02   -46.2139    1.00000    4.63009E-09
   3    7.69231E-03   -3.40000E-02   -5.95575E-02   -46.2139    1.00000    4.63009E-09
   3    7.69231E-03   -3.20000E-02   -5.95575E-02   -46.2139    1.00000    4.63009E-09
   3    7.69231E-03   -3.00000E-02   -5.95575E-02   -46.2139    1.00000    4.63009E-09
   3    7.69231E-03   -2.80000E-02   -5.95575E-02   -46.2139    1.00000    4.63009E-09
   3    7.69231E-03   -2.60000E-02   -5.95575E-02   -46.2139    1.00000    4.63009E-09
   3    7.69231E-03   -2.40000E-02   -5.95575E-02   -46.2139    1.00000    4.63009E-09
   3    7.69231E-03   -2.20000E-02   -5.95575E-02   -46.2139    1.00000    4.63009E-09
   3    7.69231E-03   -2.00000E-02   -5.95575E-02   -46.2139    1.00000    4.63009E-09
   3    7.69231E-03   -1.80000E-02   -5.95575E-02   -46.2139    1.00000    4.63009E-09
   3    7.69231E-03   -1.60000E-02   -5.95575E-02   -46.2139    1.00000    4.63009E-09
   3    7.69231E-03   -1.40000E-02   -5.95575E-02   -46.2139    1.00000    4.63009E-09
   3    7.69231E-03   -1.20000E-02   -5.95575E-02   -46.2139    1.00000    4.63009E-09
   3    7.69231E-03   -1.00000E-02   -5.95575E-02   -46.2139    1.00000    4.63009E-09
   3    7.69231E-03   -8.00000E-03   -5.95575E-02   -46.2139    1.00000    4.63009E-09
   3    7.69231E-03   -6.00000E-03   -5.95575E-02   -46.2139    1.00000    4.63009E-09
   3    7.69231E-03   -4.00000E-03   -5.95575E-02   -46.2139    1.00000    4.63009E-09
   3    7.69231E-03   -2.00000E-03   -5.95575E-02   -46.2139    1.00000    4.63009E-09
   3    7.69231E-03  0.   -5.95575E-02   -46.2139    1.00000    4.63009E-09
   3    7.69231E-03    2.00000E-03   -5.95575E-02   -46.2139    1.00000    4.63009E-09
   3    7.69231E-03    4.00000E-03   -5.95575E-02   -46.2139    1.00000    4.63009E-09
   3    7.69231E-03    6.00000E-03   -5.95575E-02   -46.2139    1.00000    4.63009E-09
   3    7.69231E-03    8.00000E-03   -5.95575E-02   -46.2139    1.00000    4.63009E-09
   3    7.69231E-03    1.00000E-02   -5.95575E-02   -46.2139    1.00000    4.63009E-09
   3    7.69231E-03    1.20000E-02   -5.95575E-02   -46.2139    1.00000    4.63009E-09
   3    7.69231E-03    1.40000E-02   -5.95575E-02   -46.2139    1.00000    4.63009E-09
   3    7.69231E-03    1.60000E-02   -5.95575E-02   -46.2139    1.00000    4.63009E-09
   3    7.69231E-03    1.80000E-02   -5.95575E-02   -46.2139    1.00000    4.63009E-09
   3    7.69231E-03    2.00000E-02   -5.95575E-02   -46.2139    1.00000    4.63009E-09
   3    7.69231E-03    2.20000E-02   -5.95575E-02   -46.2139    1.00000    4.63009E-09
   3    7.69231E-03    2.40000E-02   -5.95575E-02   -46.2139    1.00000    4.63009E-09
   3    7.69231E-03    2.60000E-02   -5.95611E-02   -46.2166    1.00000    4.63009E-09
   3    7.69231E-03    2.80000E-02   -5.94611E-02   -46.2181    1.00000    4.61426E-09
   3    7.69231E-03    3.00000E-02   -5.95137E-02   -46.2194    1.00000    4.62217E-09
   3    7.69231E-03    3.20000E-02   -5.94663E-02   -46.2222    1.00000    4.61426E-09
   3    7.69231E-03    3.40000E-02   -5.95700E-02   -46.2235    1.00000    4.63009E-09
   3    7.69231E-03    3.60000E-02   -5.95226E-02   -46.2263    1.00000    4.62217E-09
   3    7.69231E-03    3.80000E-02   -5.95279E-02   -46.2304    1.00000    4.62217E-09
   3    7.69231E-03    4.00000E-02   -5.95276E-02   -46.2401    1.00000    4.62019E-09
   3    7.69231E-03    4.20000E-02   -5.95424E-02   -46.2497    1.00000    4.62056E-09
   3    7.69231E-03    4.40000E-02   -5.95506E-02   -46.2580    1.00000    4.62019E-09
   3    7.69231E-03    4.60000E-02   -5.95248E-02   -46.2676    1.00000    4.61426E-09
   3    7.69231E-03    4.80000E-02   -5.95337E-02   -46.2745    1.00000    4.61426E-09
   3    7.69231E-03    5.00000E-02   -5.95461E-02   -46.2841    1.00000    4.61426E-09
   3    1.15385E-02   -5.00000E-02   -18.0334  -0.403756    1.00000    2.44505E-09
   3    1.15385E-02   -4.80000E-02   -12.1983   -20.8828    1.00000    7.72201E-05
   3    1.15385E-02   -4.60000E-02   0.105789   -55.3234    1.00000    5.10925E-09
   3    1.15385E-02   -4.40000E-02   0.105837   -55.2594    1.00000    5.12590E-09
   3    1.15385E-02   -4.20000E-02   0.105359   -55.1889    1.00000    5.09262E-09
   3    1.15385E-02   -4.00000E-02   0.105419   -55.1309    1.00000    5.10925E-09
   3    1.15385E-02   -3.80000E-02   0.105419   -55.1309    1.00000    5.10925E-09
   3    1.15385E-02   -3.60000E-02   0.105419   -55.1309    1.00000    5.10925E-09
   3    1.15385E-02   -3.40000E-02   0.105419   -55.1309    1.00000    5.10925E-09
   3    1.15385E-02   -3.20000E-02   0.105419   -55.1309    1.00000    5.10925E-09
   3    1.15385E-02   -3.00000E-02   0.105419   -55.1309    1.00000    5.10925E-09
   3    1.15385E-02   -2.80000E-02   0.105419   -55.1309    1.00000    5.10925E-09
   3    1.15385E-02   -2.60000E-02   0.105419   -55.1309    1.00000    5.10925E-09
   3    1.15385E-02   -2.40000E-02   0.105419   -55.1309    1.00000    5.10925E-09
   3    1.15385E-02   -2.20000E-02   0.105419   -55.1309    1.00000    5.10925E-09
   3    1.15385E-02   -2.00000E-02   0.105419   -55.1309    1.00000    5.10925E-09
   3    1.15385E-02   -1.80000E-02   0.105419   -55.1309    1.00000    5.10925E-09
   3    1.15385E-02   -1.60000E-02   0.105419   -55.1309    1.00000    5.10925E-09
   3    1.15385E-02   -1.40000E-02   0.105419   -55.1309    1.00000    5.10925E-09
   3    1.15385E-02   -1.20000E-02   0.105419   -55.1309    1.00000    5.10925E-09
   3    1.15385E-02   -1.00000E-02   0.105419   -55.1309    1.00000    5.10925E-09
   3    1.15385E-02   -8.00000E-03   0.105419   -55.1309    1.00000    5.10925E-09
   3    1.15385E-02   -6.00000E-03   0.105419   -55.1309    1.00000    5.10925E-09
   3    1.15385E-02   -4.00000E-03   0.105419   -55.1309    1.00000    5.10925E-09
   3    1.15385E-02   -2.00000E-03   0.105419   -55.1309    1.00000    5.10925E-09
   3    1.15385E-02  0.   0.105419   -55.1309    1.00000    5.10925E-09
   3    1.15385E-02    2.00000E-03   0.105419   -55.1309    1.00000    5.10925E-09
   3    1.15385E-02    4.00000E-03   0.105419   -55.1309    1.00000    5.10925E-09
   3    1.15385E-02    6.00000E-03   0.105419   -55.1309    1.00000    5.10925E-09
   3    1.15385E-02    8.00000E-03   0.105419   -55.1309    1.00000    5.10925E-09
   3    1.15385E-02    1.00000E-02   0.105419   -55.1309    1.00000    5.10925E-09
   3    1.15385E-02    1.20000E-02   0.105419   -55.1309    1.00000    5.10925E-09
   3    1.15385E-02    1.40000E-02   0.105419   -55.1309    1.00000    5.10925E-09
   3    1.15385E-02    1.60000E-02   0.105419   -55.1309    1.00000    5.10925E-09
   3    1.15385E-02    1.80000E-02   0.105419   -55.1309    1.00000    5.10925E-09
   3    1.15385E-02    2.00000E-02   0.105419   -55.1309    1.00000    5.10925E-09
   3    1.15385E-02    2.20000E-02   0.105419   -55.1309    1.00000    5.10925E-09
   3    1.15385E-02    2.40000E-02   0.105419   -55.1309    1.00000    5.10925E-09
   3    1.15385E-02    2.60000E-02   0.105408   -55.1251    1.00000    5.10925E-09
   3    1.15385E-02    2.80000E-02   0.105317   -55.1221    1.00000    5.10093E-09
   3    1.15385E-02    3.00000E-02   0.105354   -55.1192    1.00000    5.10509E-09
   3    1.15385E-02    3.20000E-02   0.105343   -55.1134    1.00000    5.10509E-09
   3    1.15385E-02    3.40000E-02   0.105295   -55.1105    1.00000    5.10093E-09
   3    1.15385E-02    3.60000E-02   0.105327   -55.1047    1.00000    5.10509E-09
   3    1.15385E-02    3.80000E-02   0.105283   -55.0931    1.00000    5.10301E-09
   3    1.15385E-02    4.00000E-02   0.105228   -55.0757    1.00000    5.10093E-09
   3    1.15385E-02    4.20000E-02   0.105211   -55.0555    1.00000    5.10301E-09
   3    1.15385E-02    4.40000E-02   0.105151   -55.0352    1.00000    5.10093E-09
   3    1.15385E-02    4.60000E-02   0.105075   -55.0179    1.00000    5.09677E-09
   3    1.15385E-02    4.80000E-02   0.105090   -55.0034    1.00000    5.10093E-09
   3    1.15385E-02    5.00000E-02   0.105137   -54.9831    1.00000    5.10925E-09
   3    1.53846E-02   -5.00000E-02   -18.0471  -0.150091    1.00000    6.45236E-11
   3    1.53846E-02   -4.80000E-02   -9.70852   -34.5951    1.00000    1.94198E-05
   3    1.53846E-02   -4.60000E-02  -0.263360   -67.5282    1.00000    8.89181E-09
   3    1.53846E-02   -4.40000E-02  -0.263516   -67.7347    1.00000    8.84796E-09
   3    1.53846E-02   -4.20000E-02  -0.264512   -67.9494    1.00000    8.85891E-09
   3    1.53846E-02   -4.00000E-02  -0.265169   -68.1387    1.00000    8.85343E-09
   3    1.53846E-02   -3.80000E-02  -0.265169   -68.1387    1.00000    8.85343E-09
   3    1.53846E-02   -3.60000E-02  -0.265169   -68.1387    1.00000    8.85343E-09
   3    1.53846E-02   -3.40000E-02  -0.265169   -68.1387    1.00000    8.85343E-09
   3    1.53846E-02   -3.20000E-02  -0.265169   -68.1387    1.00000    8.85343E-09
   3    1.53846E-02   -3.00000E-02  -0.265169   -68.1387    1.00000    8.85343E-09
   3    1.53846E-02   -2.80000E-02  -0.265169   -68.1387    1.00000    8.85343E-09
   3    1.53846E-02   -2.60000E-02  -0.265169   -68.1387    1.00000    8.85343E-09
   3    1.53846E-02   -2.40000E-02  -0.265169   -68.1387    1.00000    8.85343E-09
   3    1.53846E-02   -2.20000E-02  -0.265169   -68.1387    1.00000    8.85343E-09
   3    1.53846E-02   -2.00000E-02  -0.265169   -68.1387    1.00000    8.85343E-09
   3    1.53846E-02   -1.80000E-02  -0.265169   -68.1387    1.00000    8.85343E-09
   3    1.53846E-02   -1.60000E-02  -0.265169   -68.1387    1.00000    8.85343E-09
   3    1.53846E-02   -1.40000E-02  -0.265169   -68.1387    1.00000    8.85343E-09
   3    1.53846E-02   -1.20000E-02  -0.265169   -68.1387    1.00000    8.85343E-09
   3    1.53846E-02   -1.00000E-02  -0.265169   -68.1387    1.00000    8.85343E-09
   3    1.53846E-02   -8.00000E-03  -0.265169   -68.1387    1.00000    8.85343E-09
   3    1.53846E-02   -6.00000E-03  -0.265169   -68.1387    1.00000    8.85343E-09
   3    1.53846E-02   -4.00000E-03  -0.265169   -68.1387    1.00000    8.85343E-09
   3    1.53846E-02   -2.00000E-03  -0.265169   -68.1387    1.00000    8.85343E-09
   3    1.53846E-02  0.  -0.265169   -68.1387    1.00000    8.85343E-09
   3    1.53846E-02    2.00000E-03  -0.265169   -68.1387    1.00000    8.85343E-09
   3    1.53846E-02    4.00000E-03  -0.265169   -68.1387    1.00000    8.85343E-09
   3    1.53846E-02    6.00000E-03  -0.265169   -68.1387    1.00000    8.85343E-09
   3    1.53846E-02    8.00000E-03  -0.265169   -68.1387    1.00000    8.85343E-09
   3    1.53846E-02    1.00000E-02  -0.265169   -68.1387    1.00000    8.85343E-09
   3    1.53846E-02    1.20000E-02  -0.265169   -68.1387    1.00000    8.85343E-09
   3    1.53846E-02    1.40000E-02  -0.265169   -68.1387    1.00000    8.85343E-09
   3    1.53846E-02    1.60000E-02  -0.265169   -68.1387    1.00000    8.85343E-09
   3    1.53846E-02    1.80000E-02  -0.265169   -68.1387    1.00000    8.85343E-09
   3    1.53846E-02    2.00000E-02  -0.265169   -68.1387    1.00000    8.85343E-09
   3    1.53846E-02    2.20000E-02  -0.265169   -68.1387    1.00000    8.85343E-09
   3    1.53846E-02    2.40000E-02  -0.265169   -68.1387    1.00000    8.85343E-09
   3    1.53846E-02    2.60000E-02  -0.265239   -68.1568    1.00000    8.85343E-09
   3    1.53846E-02    2.80000E-02  -0.265274   -68.1658    1.00000    8.85343E-09
   3    1.53846E-02    3.00000E-02  -0.265344   -68.1839    1.00000    8.85343E-09
   3    1.53846E-02    3.20000E-02  -0.265297   -68.1930    1.00000    8.84796E-09
   3    1.53846E-02    3.40000E-02  -0.265415   -68.2020    1.00000    8.85343E-09
   3    1.53846E-02    3.60000E-02  -0.265485   -68.2201    1.00000    8.85343E-09
   3    1.53846E-02    3.80000E-02  -0.265626   -68.2563    1.00000    8.85343E-09
   3    1.53846E-02    4.00000E-02  -0.265863   -68.3198    1.00000    8.85275E-09
   3    1.53846E-02    4.20000E-02  -0.266127   -68.3744    1.00000    8.85617E-09
   3    1.53846E-02    4.40000E-02  -0.266333   -68.4381    1.00000    8.85343E-09
   3    1.53846E-02    4.60000E-02  -0.266629   -68.4929    1.00000    8.85891E-09
   3    1.53846E-02    4.80000E-02  -0.266676   -68.5476    1.00000    8.84796E-09
   3    1.53846E-02    5.00000E-02  -0.267055   -68.6027    1.00000    8.85891E-09
   3    1.92308E-02   -4.80000E-02    4.49201E-02   -89.6575    1.00000    5.04290E-11
   3    1.92308E-02   -4.60000E-02    4.56348E-02   -89.6179    1.00000    5.20959E-11
   3    1.92308E-02   -4.40000E-02    4.48764E-02   -89.5690    1.00000    5.04290E-11
   3    1.92308E-02   -4.20000E-02    4.55863E-02   -89.5219    1.00000    5.20959E-11
   3    1.92308E-02   -4.00000E-02    4.53800E-02   -89.4770    1.00000    5.16766E-11
   3    1.92308E-02   -3.80000E-02    4.53800E-02   -89.4770    1.00000    5.16766E-11
   3    1.92308E-02   -3.60000E-02    4.53800E-02   -89.4770    1.00000    5.16766E-11
   3    1.92308E-02   -3.40000E-02    4.53800E-02   -89.4770    1.00000    5.16766E-11
   3    1.92308E-02   -3.20000E-02    4.53800E-02   -89.4770    1.00000    5.16766E-11
   3    1.92308E-02   -3.00000E-02    4.53800E-02   -89.4770    1.00000    5.16766E-11
   3    1.92308E-02   -2.80000E-02    4.53800E-02   -89.4770    1.00000    5.16766E-11
   3    1.92308E-02   -2.60000E-02    4.53800E-02   -89.4770    1.00000    5.16766E-11
   3    1.92308E-02   -2.40000E-02    4.53800E-02   -89.4770    1.00000    5.16766E-11
   3    1.92308E-02   -2.20000E-02    4.53800E-02   -89.4770    1.00000    5.16766E-11
   3    1.92308E-02   -2.00000E-02    4.53800E-02   -89.4770    1.00000    5.16766E-11
   3    1.92308E-02   -1.80000E-02    4.53800E-02   -89.4770    1.00000    5.16766E-11
   3    1.92308E-02   -1.60000E-02    4.53800E-02   -89.4770    1.00000    5.16766E-11
   3    1.92308E-02   -1.40000E-02    4.53800E-02   -89.4770    1.00000    5.16766E-11
   3    1.92308E-02   -1.20000E-02    4.53800E-02   -89.4770    1.00000    5.16766E-11
   3    1.92308E-02   -1.00000E-02    4.53800E-02   -89.4770    1.00000    5.16766E-11
   3    1.92308E-02   -8.00000E-03    4.53800E-02   -89.4770    1.00000    5.16766E-11
   3    1.92308E-02   -6.00000E-03    4.53800E-02   -89.4770    1.00000    5.16766E-11
   3    1.92308E-02   -4.00000E-03    4.53800E-02   -89.4770    1.00000    5.16766E-11
   3    1.92308E-02   -2.00000E-03    4.53800E-02   -89.4770    1.00000    5.16766E-11
   3    1.92308E-02  0.    4.53800E-02   -89.4770    1.00000    5.16766E-11
   3    1.92308E-02    2.00000E-03    4.53800E-02   -89.4770    1.00000    5.16766E-11
   3    1.92308E-02    4.00000E-03    4.53800E-02   -89.4770    1.00000    5.16766E-11
   3    1.92308E-02    6.00000E-03    4.53800E-02   -89.4770    1.00000    5.16766E-11
   3    1.92308E-02    8.00000E-03    4.53800E-02   -89.4770    1.00000    5.16766E-11
   3    1.92308E-02    1.00000E-02    4.53800E-02   -89.4770    1.00000    5.16766E-11
   3    1.92308E-02    1.20000E-02    4.53800E-02   -89.4770    1.00000    5.16766E-11
   3    1.92308E-02    1.40000E-02    4.53800E-02   -89.4770    1.00000    5.16766E-11
   3    1.92308E-02    1.60000E-02    4.53800E-02   -89.4770    1.00000    5.16766E-11
   3    1.92308E-02    1.80000E-02    4.53800E-02   -89.4770    1.00000    5.16766E-11
   3    1.92308E-02    2.00000E-02    4.53800E-02   -89.4770    1.00000    5.16766E-11
   3    1.92308E-02    2.20000E-02    4.53800E-02   -89.4770    1.00000    5.16766E-11
   3    1.92308E-02    2.40000E-02    4.53800E-02   -89.4770    1.00000    5.16766E-11
   3    1.92308E-02    2.60000E-02    4.53779E-02   -89.4729    1.00000    5.16766E-11
   3    1.92308E-02    2.80000E-02    4.53768E-02   -89.4709    1.00000    5.16766E-11
   3    1.92308E-02    3.00000E-02    4.54667E-02   -89.4668    1.00000    5.18861E-11
   3    1.92308E-02    3.20000E-02    4.55116E-02   -89.4648    1.00000    5.19909E-11
   3    1.92308E-02    3.40000E-02    4.54187E-02   -89.4628    1.00000    5.17813E-11
   3    1.92308E-02    3.60000E-02    4.54166E-02   -89.4587    1.00000    5.17813E-11
   3    1.92308E-02    3.80000E-02    4.54240E-02   -89.4506    1.00000    5.18075E-11
   3    1.92308E-02    4.00000E-02    4.54512E-02   -89.4363    1.00000    5.18861E-11
   3    1.92308E-02    4.20000E-02    4.54450E-02   -89.4241    1.00000    5.18861E-11
   3    1.92308E-02    4.40000E-02    4.57131E-02   -89.4097    1.00000    5.25169E-11
   3    1.92308E-02    4.60000E-02    4.55236E-02   -89.3976    1.00000    5.20959E-11
   3    1.92308E-02    4.80000E-02    4.51502E-02   -89.3859    1.00000    5.12590E-11
   3    1.92308E-02    5.00000E-02    4.55113E-02   -89.3732    1.00000    5.20959E-11
   3    2.30769E-02   -4.80000E-02   -1.34223   -121.655    1.00000    5.29396E-09
   3    2.30769E-02   -4.60000E-02   -1.35917   -123.406    1.00000    5.27703E-09
   3    2.30769E-02   -4.40000E-02   -1.38080   -125.365    1.00000    5.27703E-09
   3    2.30769E-02   -4.20000E-02   -1.40560   -127.566    1.00000    5.28126E-09
   3    2.30769E-02   -4.00000E-02   -1.42856   -129.662    1.00000    5.28020E-09
   3    2.30769E-02   -3.80000E-02   -1.42856   -129.662    1.00000    5.28020E-09
   3    2.30769E-02   -3.60000E-02   -1.42856   -129.662    1.00000    5.28020E-09
   3    2.30769E-02   -3.40000E-02   -1.42856   -129.662    1.00000    5.28020E-09
   3    2.30769E-02   -3.20000E-02   -1.42856   -129.662    1.00000    5.28020E-09
   3    2.30769E-02   -3.00000E-02   -1.42856   -129.662    1.00000    5.28020E-09
   3    2.30769E-02   -2.80000E-02   -1.42856   -129.662    1.00000    5.28020E-09
   3    2.30769E-02   -2.60000E-02   -1.42856   -129.662    1.00000    5.28020E-09
   3    2.30769E-02   -2.40000E-02   -1.42856   -129.662    1.00000    5.28020E-09
   3    2.30769E-02   -2.20000E-02   -1.42856   -129.662    1.00000    5.28020E-09
   3    2.30769E-02   -2.00000E-02   -1.42856   -129.662    1.00000    5.28020E-09
   3    2.30769E-02   -1.80000E-02   -1.42856   -129.662    1.00000    5.28020E-09
   3    2.30769E-02   -1.60000E-02   -1.42856   -129.662    1.00000    5.28020E-09
   3    2.30769E-02   -1.40000E-02   -1.42856   -129.662    1.00000    5.28020E-09
   3    2.30769E-02   -1.20000E-02   -1.42856   -129.662    1.00000    5.28020E-09
   3    2.30769E-02   -1.00000E-02   -1.42856   -129.662    1.00000    5.28020E-09
   3    2.30769E-02   -8.00000E-03   -1.42856   -129.662    1.00000    5.28020E-09
   3    2.30769E-02   -6.00000E-03   -1.42856   -129.662    1.00000    5.28020E-09
   3    2.30769E-02   -4.00000E-03   -1.42856   -129.662    1.00000    5.28020E-09
   3    2.30769E-02   -2.00000E-03   -1.42856   -129.662    1.00000    5.28020E-09
   3    2.30769E-02  0.   -1.42856   -129.662    1.00000    5.28020E-09
   3    2.30769E-02    2.00000E-03   -1.42856   -129.662    1.00000    5.28020E-09
   3    2.30769E-02    4.00000E-03   -1.42856   -129.662    1.00000    5.28020E-09
   3    2.30769E-02    6.00000E-03   -1.42856   -129.662    1.00000    5.28020E-09
   3    2.30769E-02    8.00000E-03   -1.42856   -129.662    1.00000    5.28020E-09
   3    2.30769E-02    1.00000E-02   -1.42856   -129.662    1.00000    5.28020E-09
   3    2.30769E-02    1.20000E-02   -1.42856   -129.662    1.00000    5.28020E-09
   3    2.30769E-02    1.40000E-02   -1.42856   -129.662    1.00000    5.28020E-09
   3    2.30769E-02    1.60000E-02   -1.42856   -129.662    1.00000    5.28020E-09
   3    2.30769E-02    1.80000E-02   -1.42856   -129.662    1.00000    5.28020E-09
   3    2.30769E-02    2.00000E-02   -1.42856   -129.662    1.00000    5.28020E-09
   3    2.30769E-02    2.20000E-02   -1.42856   -129.662    1.00000    5.28020E-09
   3    2.30769E-02    2.40000E-02   -1.42856   -129.662    1.00000    5.28020E-09
   3    2.30769E-02    2.60000E-02   -1.43061   -129.847    1.00000    5.28020E-09
   3    2.30769E-02    2.80000E-02   -1.43163   -129.940    1.00000    5.28020E-09
   3    2.30769E-02    3.00000E-02   -1.43361   -130.126    1.00000    5.27967E-09
   3    2.30769E-02    3.20000E-02   -1.43471   -130.220    1.00000    5.28020E-09
   3    2.30769E-02    3.40000E-02   -1.43674   -130.407    1.00000    5.27994E-09
   3    2.30769E-02    3.60000E-02   -1.43777   -130.501    1.00000    5.27997E-09
   3    2.30769E-02    3.80000E-02   -1.44188   -130.877    1.00000    5.27967E-09
   3    2.30769E-02    4.00000E-02   -1.44912   -131.541    1.00000    5.27914E-09
   3    2.30769E-02    4.20000E-02   -1.45651   -132.211    1.00000    5.27914E-09
   3    2.30769E-02    4.40000E-02   -1.46321   -132.792    1.00000    5.28126E-09
   3    2.30769E-02    4.60000E-02   -1.46965   -133.378    1.00000    5.28126E-09
   3    2.30769E-02    4.80000E-02   -1.47557   -133.967    1.00000    5.27703E-09
   3    2.30769E-02    5.00000E-02   -1.48269   -134.564    1.00000    5.28126E-09
   3    2.69231E-02   -4.80000E-02    9.46464E-02   -242.528    1.00000    5.72594E-13
   3    2.69231E-02   -4.60000E-02    9.09205E-02   -242.241    1.00000    5.29396E-13
   3    2.69231E-02   -4.40000E-02    9.08365E-02   -241.988    1.00000    5.29396E-13
   3    2.69231E-02   -4.20000E-02    8.89244E-02   -241.707    1.00000    5.08432E-13
   3    2.69231E-02   -4.00000E-02    8.83761E-02   -241.439    1.00000    5.03257E-13
   3    2.69231E-02   -3.80000E-02    8.83761E-02   -241.439    1.00000    5.03257E-13
   3    2.69231E-02   -3.60000E-02    8.83761E-02   -241.439    1.00000    5.03257E-13
   3    2.69231E-02   -3.40000E-02    8.83761E-02   -241.439    1.00000    5.03257E-13
   3    2.69231E-02   -3.20000E-02    8.83761E-02   -241.439    1.00000    5.03257E-13
   3    2.69231E-02   -3.00000E-02    8.83761E-02   -241.439    1.00000    5.03257E-13
   3    2.69231E-02   -2.80000E-02    8.83761E-02   -241.439    1.00000    5.03257E-13
   3    2.69231E-02   -2.60000E-02    8.83761E-02   -241.439    1.00000    5.03257E-13
   3    2.69231E-02   -2.40000E-02    8.83761E-02   -241.439    1.00000    5.03257E-13
   3    2.69231E-02   -2.20000E-02    8.83761E-02   -241.439    1.00000    5.03257E-13
   3    2.69231E-02   -2.00000E-02    8.83761E-02   -241.439    1.00000    5.03257E-13
   3    2.69231E-02   -1.80000E-02    8.83761E-02   -241.439    1.00000    5.03257E-13
   3    2.69231E-02   -1.60000E-02    8.83761E-02   -241.439    1.00000    5.03257E-13
   3    2.69231E-02   -1.40000E-02    8.83761E-02   -241.439    1.00000    5.03257E-13
   3    2.69231E-02   -1.20000E-02    8.83761E-02   -241.439    1.00000    5.03257E-13
   3    2.69231E-02   -1.00000E-02    8.83761E-02   -241.439    1.00000    5.03257E-13
   3    2.69231E-02   -8.00000E-03    8.83761E-02   -241.439    1.00000    5.03257E-13
   3    2.69231E-02   -6.00000E-03    8.83761E-02   -241.439    1.00000    5.03257E-13
   3    2.69231E-02   -4.00000E-03    8.83761E-02   -241.439    1.00000    5.03257E-13
   3    2.69231E-02   -2.00000E-03    8.83761E-02   -241.439    1.00000    5.03257E-13
   3    2.69231E-02  0.    8.83761E-02   -241.439    1.00000    5.03257E-13
   3    2.69231E-02    2.00000E-03    8.83761E-02   -241.439    1.00000    5.03257E-13
   3    2.69231E-02    4.00000E-03    8.83761E-02   -241.439    1.00000    5.03257E-13
   3    2.69231E-02    6.00000E-03    8.83761E-02   -241.439    1.00000    5.03257E-13
   3    2.69231E-02    8.00000E-03    8.83761E-02   -241.439    1.00000    5.03257E-13
   3    2.69231E-02    1.00000E-02    8.83761E-02   -241.439    1.00000    5.03257E-13
   3    2.69231E-02    1.20000E-02    8.83761E-02   -241.439    1.00000    5.03257E-13
   3    2.69231E-02    1.40000E-02    8.83761E-02   -241.439    1.00000    5.03257E-13
   3    2.69231E-02    1.60000E-02    8.83761E-02   -241.439    1.00000    5.03257E-13
   3    2.69231E-02    1.80000E-02    8.83761E-02   -241.439    1.00000    5.03257E-13
   3    2.69231E-02    2.00000E-02    8.83761E-02   -241.439    1.00000    5.03257E-13
   3    2.69231E-02    2.20000E-02    8.83761E-02   -241.439    1.00000    5.03257E-13
   3    2.69231E-02    2.40000E-02    8.83722E-02   -241.428    1.00000    5.03257E-13
   3    2.69231E-02    2.60000E-02    8.85949E-02   -241.418    1.00000    5.05841E-13
   3    2.69231E-02    2.80000E-02    8.84777E-02   -241.407    1.00000    5.04548E-13
   3    2.69231E-02    3.00000E-02    8.83920E-02   -241.385    1.00000    5.03660E-13
   3    2.69231E-02    3.20000E-02    8.84093E-02   -241.375    1.00000    5.03902E-13
   3    2.69231E-02    3.40000E-02    8.83449E-02   -241.354    1.00000    5.03257E-13
   3    2.69231E-02    3.60000E-02    8.83410E-02   -241.343    1.00000    5.03257E-13
   3    2.69231E-02    3.80000E-02    8.83211E-02   -241.290    1.00000    5.03257E-13
   3    2.69231E-02    4.00000E-02    8.69401E-02   -241.228    1.00000    4.87891E-13
   3    2.69231E-02    4.20000E-02    8.69144E-02   -241.155    1.00000    4.87891E-13
   3    2.69231E-02    4.40000E-02    8.68904E-02   -241.092    1.00000    4.87891E-13
   3    2.69231E-02    4.60000E-02    8.50545E-02   -241.026    1.00000    4.67774E-13
   3    2.69231E-02    4.80000E-02    8.68414E-02   -240.956    1.00000    4.87891E-13
   3    2.69231E-02    5.00000E-02    8.68173E-02   -240.904    1.00000    4.87891E-13
   3    3.07692E-02   -4.80000E-02   -19.6087   -34.3729    1.00000    6.77737E-10
   3    3.07692E-02   -4.60000E-02   -24.9924   -44.2324    1.00000    6.78495E-10
   3    3.07692E-02   -4.40000E-02   -35.7472   -61.6861    1.00000    6.78116E-10
   3    3.07692E-02   -4.20000E-02   -64.5764   -112.285    1.00000    6.78305E-10
   3    3.07692E-02   -4.00000E-02   -402.444   -699.435    1.00000    6.78447E-10
   3    3.07692E-02   -3.80000E-02   -503.825   -875.632    1.00000    6.78453E-10
   3    3.07692E-02   -3.60000E-02   -503.825   -875.632    1.00000    6.78453E-10
   3    3.07692E-02   -3.40000E-02   -503.825   -875.632    1.00000    6.78453E-10
   3    3.07692E-02   -3.20000E-02   -503.825   -875.632    1.00000    6.78453E-10
   3    3.07692E-02   -3.00000E-02   -503.825   -875.632    1.00000    6.78453E-10
   3    3.07692E-02   -2.80000E-02   -503.825   -875.632    1.00000    6.78453E-10
   3    3.07692E-02   -2.60000E-02   -503.825   -875.632    1.00000    6.78453E-10
   3    3.07692E-02   -2.40000E-02   -503.825   -875.632    1.00000    6.78453E-10
   3    3.07692E-02   -2.20000E-02   -503.825   -875.632    1.00000    6.78453E-10
   3    3.07692E-02   -2.00000E-02   -503.825   -875.632    1.00000    6.78453E-10
   3    3.07692E-02   -1.80000E-02   -503.825   -875.632    1.00000    6.78453E-10
   3    3.07692E-02   -1.60000E-02   -503.825   -875.632    1.00000    6.78453E-10
   3    3.07692E-02   -1.40000E-02   -503.825   -875.632    1.00000    6.78453E-10
   3    3.07692E-02   -1.20000E-02   -503.825   -875.632    1.00000    6.78453E-10
   3    3.07692E-02   -1.00000E-02   -503.825   -875.632    1.00000    6.78453E-10
   3    3.07692E-02   -8.00000E-03   -503.825   -875.632    1.00000    6.78453E-10
   3    3.07692E-02   -6.00000E-03   -503.825   -875.632    1.00000    6.78453E-10
   3    3.07692E-02   -4.00000E-03   -503.825   -875.632    1.00000    6.78453E-10
   3    3.07692E-02   -2.00000E-03   -503.825   -875.632    1.00000    6.78453E-10
   3    3.07692E-02  0.   -503.825   -875.632    1.00000    6.78453E-10
   3    3.07692E-02    2.00000E-03   -503.825   -875.632    1.00000    6.78453E-10
   3    3.07692E-02    4.00000E-03   -503.825   -875.632    1.00000    6.78453E-10
   3    3.07692E-02    6.00000E-03   -503.825   -875.632    1.00000    6.78453E-10
   3    3.07692E-02    8.00000E-03   -503.825   -875.632    1.00000    6.78453E-10
   3    3.07692E-02    1.00000E-02   -503.825   -875.632    1.00000    6.78453E-10
   3    3.07692E-02    1.20000E-02   -503.825   -875.632    1.00000    6.78453E-10
   3    3.07692E-02    1.40000E-02   -503.825   -875.632    1.00000    6.78453E-10
   3    3.07692E-02    1.60000E-02   -503.825   -875.632    1.00000    6.78453E-10
   3    3.07692E-02    1.80000E-02   -503.825   -875.632    1.00000    6.78453E-10
   3    3.07692E-02    2.00000E-02   -503.825   -875.632    1.00000    6.78453E-10
   3    3.07692E-02    2.20000E-02   -503.825   -875.632    1.00000    6.78453E-10
   3    3.07692E-02    2.40000E-02   -673.488   -1170.49    1.00000    6.78459E-10
   3    3.07692E-02    2.60000E-02   -1015.44   -1764.78    1.00000    6.78471E-10
   3    3.07692E-02    2.80000E-02    65836.8    114422.    1.00000    6.78447E-10
   3    3.07692E-02    3.00000E-02    1940.88    3373.08    1.00000    6.78471E-10
   3    3.07692E-02    3.20000E-02    984.969    1711.76    1.00000    6.78471E-10
   3    3.07692E-02    3.40000E-02    496.178    862.213    1.00000    6.78495E-10
   3    3.07692E-02    3.60000E-02    397.596    691.042    1.00000    6.78447E-10
   3    3.07692E-02    3.80000E-02    199.395    346.547    1.00000    6.78495E-10
   3    3.07692E-02    4.00000E-02    117.443    204.165    1.00000    6.78589E-10
   3    3.07692E-02    4.20000E-02    86.8296    150.742    1.00000    6.78684E-10
   3    3.07692E-02    4.40000E-02    66.5920    115.608    1.00000    6.78684E-10
   3    3.07692E-02    4.60000E-02    55.5214    96.7613    1.00000    6.78684E-10
   3    3.07692E-02    4.80000E-02    47.5776    82.5147    1.00000    6.78305E-10
   3    3.07692E-02    5.00000E-02    41.6272    71.9786    1.00000    6.78874E-10
