   8   -3.07692E-02   -4.80000E-02   -6.43679    1069.41    1.00000    1.03893E-11
   8   -3.07692E-02   -4.60000E-02   -6.93177    1150.64    1.00000    1.03893E-11
   8   -3.07692E-02   -4.40000E-02   -7.57431    1254.52    1.00000    1.04128E-11
   8   -3.07692E-02   -4.20000E-02   -8.37066    1385.63    1.00000    1.04245E-11
   8   -3.07692E-02   -4.00000E-02   -9.38012    1554.81    1.00000    1.03996E-11
   8   -3.07692E-02   -3.80000E-02   -9.42499    1562.14    1.00000    1.04011E-11
   8   -3.07692E-02   -3.60000E-02   -9.42499    1562.14    1.00000    1.04011E-11
   8   -3.07692E-02   -3.40000E-02   -9.42499    1562.14    1.00000    1.04011E-11
   8   -3.07692E-02   -3.20000E-02   -9.42499    1562.14    1.00000    1.04011E-11
   8   -3.07692E-02   -3.00000E-02   -9.42499    1562.14    1.00000    1.04011E-11
   8   -3.07692E-02   -2.80000E-02   -9.42499    1562.14    1.00000    1.04011E-11
   8   -3.07692E-02   -2.60000E-02   -9.42499    1562.14    1.00000    1.04011E-11
   8   -3.07692E-02   -2.40000E-02   -9.42499    1562.14    1.00000    1.04011E-11
   8   -3.07692E-02   -2.20000E-02   -9.42499    1562.14    1.00000    1.04011E-11
   8   -3.07692E-02   -2.00000E-02   -9.42499    1562.14    1.00000    1.04011E-11
   8   -3.07692E-02   -1.80000E-02   -9.42499    1562.14    1.00000    1.04011E-11
   8   -3.07692E-02   -1.60000E-02   -9.42499    1562.14    1.00000    1.04011E-11
   8   -3.07692E-02   -1.40000E-02   -9.42499    1562.14    1.00000    1.04011E-11
   8   -3.07692E-02   -1.20000E-02   -9.42499    1562.14    1.00000    1.04011E-11
   8   -3.07692E-02   -1.00000E-02   -9.42499    1562.14    1.00000    1.04011E-11
   8   -3.07692E-02   -8.00000E-03   -9.42499    1562.14    1.00000    1.04011E-11
   8   -3.07692E-02   -6.00000E-03   -9.42499    1562.14    1.00000    1.04011E-11
   8   -3.07692E-02   -4.00000E-03   -9.42499    1562.14    1.00000    1.04011E-11
   8   -3.07692E-02   -2.00000E-03   -9.42499    1562.14    1.00000    1.04011E-11
   8   -3.07692E-02  0.   -9.42499    1562.14    1.00000    1.04011E-11
   8   -3.07692E-02    2.00000E-03   -9.42499    1562.14    1.00000    1.04011E-11
   8   -3.07692E-02    4.00000E-03   -9.42499    1562.14    1.00000    1.04011E-11
   8   -3.07692E-02    6.00000E-03   -9.42499    1562.14    1.00000    1.04011E-11
   8   -3.07692E-02    8.00000E-03   -9.42499    1562.14    1.00000    1.04011E-11
   8   -3.07692E-02    1.00000E-02   -9.42499    1562.14    1.00000    1.04011E-11
   8   -3.07692E-02    1.20000E-02   -9.42499    1562.14    1.00000    1.04011E-11
   8   -3.07692E-02    1.40000E-02   -9.42499    1562.14    1.00000    1.04011E-11
   8   -3.07692E-02    1.60000E-02   -9.42499    1562.14    1.00000    1.04011E-11
   8   -3.07692E-02    1.80000E-02   -9.42499    1562.14    1.00000    1.04011E-11
   8   -3.07692E-02    2.00000E-02   -9.42499    1562.14    1.00000    1.04011E-11
   8   -3.07692E-02    2.20000E-02   -9.42499    1562.14    1.00000    1.04011E-11
   8   -3.07692E-02    2.40000E-02   -9.46958    1569.54    1.00000    1.04011E-11
   8   -3.07692E-02    2.60000E-02   -9.51465    1577.01    1.00000    1.04011E-11
   8   -3.07692E-02    2.80000E-02   -9.60465    1592.15    1.00000    1.03981E-11
   8   -3.07692E-02    3.00000E-02   -9.65093    1599.83    1.00000    1.03981E-11
   8   -3.07692E-02    3.20000E-02   -9.69922    1607.60    1.00000    1.04011E-11
   8   -3.07692E-02    3.40000E-02   -9.79428    1623.34    1.00000    1.04011E-11
   8   -3.07692E-02    3.60000E-02   -9.84262    1631.33    1.00000    1.04011E-11
   8   -3.07692E-02    3.80000E-02  -10.09018    1672.48    1.00000    1.04011E-11
   8   -3.07692E-02    4.00000E-02  -10.45263    1733.58    1.00000    1.03893E-11
   8   -3.07692E-02    4.20000E-02   -10.8108    1790.15    1.00000    1.04245E-11
   8   -3.07692E-02    4.40000E-02   -11.2239    1860.21    1.00000    1.04128E-11
   8   -3.07692E-02    4.60000E-02   -11.6019    1924.60    1.00000    1.03893E-11
   8   -3.07692E-02    4.80000E-02   -12.0270    1994.25    1.00000    1.03893E-11
   8   -3.07692E-02    5.00000E-02   -12.4924    2069.54    1.00000    1.04128E-11
   8   -2.69231E-02   -4.80000E-02   -26.4677   -29.2462    1.00000    2.22053E-06
   8   -2.69231E-02   -4.60000E-02    1.44332    250.596    1.00000    1.47290E-08
   8   -2.69231E-02   -4.40000E-02    1.41942    246.503    1.00000    1.47219E-08
   8   -2.69231E-02   -4.20000E-02    1.39480    242.206    1.00000    1.47246E-08
   8   -2.69231E-02   -4.00000E-02    1.37086    238.056    1.00000    1.47237E-08
   8   -2.69231E-02   -3.80000E-02    1.37086    238.056    1.00000    1.47237E-08
   8   -2.69231E-02   -3.60000E-02    1.37086    238.056    1.00000    1.47237E-08
   8   -2.69231E-02   -3.40000E-02    1.37086    238.056    1.00000    1.47237E-08
   8   -2.69231E-02   -3.20000E-02    1.37086    238.056    1.00000    1.47237E-08
   8   -2.69231E-02   -3.00000E-02    1.37086    238.056    1.00000    1.47237E-08
   8   -2.69231E-02   -2.80000E-02    1.37086    238.056    1.00000    1.47237E-08
   8   -2.69231E-02   -2.60000E-02    1.37086    238.056    1.00000    1.47237E-08
   8   -2.69231E-02   -2.40000E-02    1.37086    238.056    1.00000    1.47237E-08
   8   -2.69231E-02   -2.20000E-02    1.37086    238.056    1.00000    1.47237E-08
   8   -2.69231E-02   -2.00000E-02    1.37086    238.056    1.00000    1.47237E-08
   8   -2.69231E-02   -1.80000E-02    1.37086    238.056    1.00000    1.47237E-08
   8   -2.69231E-02   -1.60000E-02    1.37086    238.056    1.00000    1.47237E-08
   8   -2.69231E-02   -1.40000E-02    1.37086    238.056    1.00000    1.47237E-08
   8   -2.69231E-02   -1.20000E-02    1.37086    238.056    1.00000    1.47237E-08
   8   -2.69231E-02   -1.00000E-02    1.37086    238.056    1.00000    1.47237E-08
   8   -2.69231E-02   -8.00000E-03    1.37086    238.056    1.00000    1.47237E-08
   8   -2.69231E-02   -6.00000E-03    1.37086    238.056    1.00000    1.47237E-08
   8   -2.69231E-02   -4.00000E-03    1.37086    238.056    1.00000    1.47237E-08
   8   -2.69231E-02   -2.00000E-03    1.37086    238.056    1.00000    1.47237E-08
   8   -2.69231E-02  0.    1.37086    238.056    1.00000    1.47237E-08
   8   -2.69231E-02    2.00000E-03    1.37086    238.056    1.00000    1.47237E-08
   8   -2.69231E-02    4.00000E-03    1.37086    238.056    1.00000    1.47237E-08
   8   -2.69231E-02    6.00000E-03    1.37086    238.056    1.00000    1.47237E-08
   8   -2.69231E-02    8.00000E-03    1.37086    238.056    1.00000    1.47237E-08
   8   -2.69231E-02    1.00000E-02    1.37086    238.056    1.00000    1.47237E-08
   8   -2.69231E-02    1.20000E-02    1.37086    238.056    1.00000    1.47237E-08
   8   -2.69231E-02    1.40000E-02    1.37086    238.056    1.00000    1.47237E-08
   8   -2.69231E-02    1.60000E-02    1.37086    238.056    1.00000    1.47237E-08
   8   -2.69231E-02    1.80000E-02    1.37086    238.056    1.00000    1.47237E-08
   8   -2.69231E-02    2.00000E-02    1.37086    238.056    1.00000    1.47237E-08
   8   -2.69231E-02    2.20000E-02    1.37086    238.056    1.00000    1.47237E-08
   8   -2.69231E-02    2.40000E-02    1.37000    237.892    1.00000    1.47254E-08
   8   -2.69231E-02    2.60000E-02    1.36890    237.730    1.00000    1.47219E-08
   8   -2.69231E-02    2.80000E-02    1.36804    237.567    1.00000    1.47237E-08
   8   -2.69231E-02    3.00000E-02    1.36625    237.242    1.00000    1.47254E-08
   8   -2.69231E-02    3.20000E-02    1.36516    237.081    1.00000    1.47219E-08
   8   -2.69231E-02    3.40000E-02    1.36346    236.757    1.00000    1.47254E-08
   8   -2.69231E-02    3.60000E-02    1.36253    236.596    1.00000    1.47254E-08
   8   -2.69231E-02    3.80000E-02    1.35807    235.792    1.00000    1.47290E-08
   8   -2.69231E-02    4.00000E-02    1.35224    234.837    1.00000    1.47219E-08
   8   -2.69231E-02    4.20000E-02    1.34587    233.730    1.00000    1.47219E-08
   8   -2.69231E-02    4.40000E-02    1.34046    232.791    1.00000    1.47219E-08
   8   -2.69231E-02    4.60000E-02    1.33451    231.701    1.00000    1.47290E-08
   8   -2.69231E-02    4.80000E-02    1.32919    230.777    1.00000    1.47290E-08
   8   -2.69231E-02    5.00000E-02    1.32479    230.013    1.00000    1.47290E-08
   8   -2.30769E-02   -4.80000E-02   -27.4481   -14.6406    1.00000    3.35697E-06
   8   -2.30769E-02   -4.60000E-02    12.7845    172.274    1.00000    1.38098E-05
   8   -2.30769E-02   -4.40000E-02   0.263632    131.184    1.00000    2.10574E-08
   8   -2.30769E-02   -4.20000E-02   0.262779    130.754    1.00000    2.10595E-08
   8   -2.30769E-02   -4.00000E-02   0.261974    130.360    1.00000    2.10574E-08
   8   -2.30769E-02   -3.80000E-02   0.261974    130.360    1.00000    2.10574E-08
   8   -2.30769E-02   -3.60000E-02   0.261974    130.360    1.00000    2.10574E-08
   8   -2.30769E-02   -3.40000E-02   0.261974    130.360    1.00000    2.10574E-08
   8   -2.30769E-02   -3.20000E-02   0.261974    130.360    1.00000    2.10574E-08
   8   -2.30769E-02   -3.00000E-02   0.261974    130.360    1.00000    2.10574E-08
   8   -2.30769E-02   -2.80000E-02   0.261974    130.360    1.00000    2.10574E-08
   8   -2.30769E-02   -2.60000E-02   0.261974    130.360    1.00000    2.10574E-08
   8   -2.30769E-02   -2.40000E-02   0.261974    130.360    1.00000    2.10574E-08
   8   -2.30769E-02   -2.20000E-02   0.261974    130.360    1.00000    2.10574E-08
   8   -2.30769E-02   -2.00000E-02   0.261974    130.360    1.00000    2.10574E-08
   8   -2.30769E-02   -1.80000E-02   0.261974    130.360    1.00000    2.10574E-08
   8   -2.30769E-02   -1.60000E-02   0.261974    130.360    1.00000    2.10574E-08
   8   -2.30769E-02   -1.40000E-02   0.261974    130.360    1.00000    2.10574E-08
   8   -2.30769E-02   -1.20000E-02   0.261974    130.360    1.00000    2.10574E-08
   8   -2.30769E-02   -1.00000E-02   0.261974    130.360    1.00000    2.10574E-08
   8   -2.30769E-02   -8.00000E-03   0.261974    130.360    1.00000    2.10574E-08
   8   -2.30769E-02   -6.00000E-03   0.261974    130.360    1.00000    2.10574E-08
   8   -2.30769E-02   -4.00000E-03   0.261974    130.360    1.00000    2.10574E-08
   8   -2.30769E-02   -2.00000E-03   0.261974    130.360    1.00000    2.10574E-08
   8   -2.30769E-02  0.   0.261974    130.360    1.00000    2.10574E-08
   8   -2.30769E-02    2.00000E-03   0.261974    130.360    1.00000    2.10574E-08
   8   -2.30769E-02    4.00000E-03   0.261974    130.360    1.00000    2.10574E-08
   8   -2.30769E-02    6.00000E-03   0.261974    130.360    1.00000    2.10574E-08
   8   -2.30769E-02    8.00000E-03   0.261974    130.360    1.00000    2.10574E-08
   8   -2.30769E-02    1.00000E-02   0.261974    130.360    1.00000    2.10574E-08
   8   -2.30769E-02    1.20000E-02   0.261974    130.360    1.00000    2.10574E-08
   8   -2.30769E-02    1.40000E-02   0.261974    130.360    1.00000    2.10574E-08
   8   -2.30769E-02    1.60000E-02   0.261974    130.360    1.00000    2.10574E-08
   8   -2.30769E-02    1.80000E-02   0.261974    130.360    1.00000    2.10574E-08
   8   -2.30769E-02    2.00000E-02   0.261974    130.360    1.00000    2.10574E-08
   8   -2.30769E-02    2.20000E-02   0.261974    130.360    1.00000    2.10574E-08
   8   -2.30769E-02    2.40000E-02   0.261974    130.360    1.00000    2.10574E-08
   8   -2.30769E-02    2.60000E-02   0.261905    130.326    1.00000    2.10574E-08
   8   -2.30769E-02    2.80000E-02   0.261871    130.308    1.00000    2.10574E-08
   8   -2.30769E-02    3.00000E-02   0.261803    130.274    1.00000    2.10574E-08
   8   -2.30769E-02    3.20000E-02   0.261821    130.257    1.00000    2.10659E-08
   8   -2.30769E-02    3.40000E-02   0.261700    130.223    1.00000    2.10574E-08
   8   -2.30769E-02    3.60000E-02   0.261666    130.206    1.00000    2.10574E-08
   8   -2.30769E-02    3.80000E-02   0.261530    130.138    1.00000    2.10574E-08
   8   -2.30769E-02    4.00000E-02   0.261289    130.019    1.00000    2.10574E-08
   8   -2.30769E-02    4.20000E-02   0.260946    129.901    1.00000    2.10405E-08
   8   -2.30769E-02    4.40000E-02   0.260950    129.798    1.00000    2.10743E-08
   8   -2.30769E-02    4.60000E-02   0.260643    129.697    1.00000    2.10574E-08
   8   -2.30769E-02    4.80000E-02   0.260439    129.596    1.00000    2.10574E-08
   8   -2.30769E-02    5.00000E-02   0.260131    129.495    1.00000    2.10405E-08
   8   -1.92308E-02   -4.80000E-02   -29.2533   -13.6990    1.00000    5.33301E-06
   8   -1.92308E-02   -4.60000E-02    134.165    337.474    1.00000    1.08736E-04
   8   -1.92308E-02   -4.40000E-02    5.52919E-02    89.8682    1.00000    8.96331E-09
   8   -1.92308E-02   -4.20000E-02    5.52552E-02    89.8086    1.00000    8.96331E-09
   8   -1.92308E-02   -4.00000E-02    5.52726E-02    89.7540    1.00000    8.97985E-09
   8   -1.92308E-02   -3.80000E-02    5.52726E-02    89.7540    1.00000    8.97985E-09
   8   -1.92308E-02   -3.60000E-02    5.52726E-02    89.7540    1.00000    8.97985E-09
   8   -1.92308E-02   -3.40000E-02    5.52726E-02    89.7540    1.00000    8.97985E-09
   8   -1.92308E-02   -3.20000E-02    5.52726E-02    89.7540    1.00000    8.97985E-09
   8   -1.92308E-02   -3.00000E-02    5.52726E-02    89.7540    1.00000    8.97985E-09
   8   -1.92308E-02   -2.80000E-02    5.52726E-02    89.7540    1.00000    8.97985E-09
   8   -1.92308E-02   -2.60000E-02    5.52726E-02    89.7540    1.00000    8.97985E-09
   8   -1.92308E-02   -2.40000E-02    5.52726E-02    89.7540    1.00000    8.97985E-09
   8   -1.92308E-02   -2.20000E-02    5.52726E-02    89.7540    1.00000    8.97985E-09
   8   -1.92308E-02   -2.00000E-02    5.52726E-02    89.7540    1.00000    8.97985E-09
   8   -1.92308E-02   -1.80000E-02    5.52726E-02    89.7540    1.00000    8.97985E-09
   8   -1.92308E-02   -1.60000E-02    5.52726E-02    89.7540    1.00000    8.97985E-09
   8   -1.92308E-02   -1.40000E-02    5.52726E-02    89.7540    1.00000    8.97985E-09
   8   -1.92308E-02   -1.20000E-02    5.52726E-02    89.7540    1.00000    8.97985E-09
   8   -1.92308E-02   -1.00000E-02    5.52726E-02    89.7540    1.00000    8.97985E-09
   8   -1.92308E-02   -8.00000E-03    5.52726E-02    89.7540    1.00000    8.97985E-09
   8   -1.92308E-02   -6.00000E-03    5.52726E-02    89.7540    1.00000    8.97985E-09
   8   -1.92308E-02   -4.00000E-03    5.52726E-02    89.7540    1.00000    8.97985E-09
   8   -1.92308E-02   -2.00000E-03    5.52726E-02    89.7540    1.00000    8.97985E-09
   8   -1.92308E-02  0.    5.52726E-02    89.7540    1.00000    8.97985E-09
   8   -1.92308E-02    2.00000E-03    5.52726E-02    89.7540    1.00000    8.97985E-09
   8   -1.92308E-02    4.00000E-03    5.52726E-02    89.7540    1.00000    8.97985E-09
   8   -1.92308E-02    6.00000E-03    5.52726E-02    89.7540    1.00000    8.97985E-09
   8   -1.92308E-02    8.00000E-03    5.52726E-02    89.7540    1.00000    8.97985E-09
   8   -1.92308E-02    1.00000E-02    5.52726E-02    89.7540    1.00000    8.97985E-09
   8   -1.92308E-02    1.20000E-02    5.52726E-02    89.7540    1.00000    8.97985E-09
   8   -1.92308E-02    1.40000E-02    5.52726E-02    89.7540    1.00000    8.97985E-09
   8   -1.92308E-02    1.60000E-02    5.52726E-02    89.7540    1.00000    8.97985E-09
   8   -1.92308E-02    1.80000E-02    5.52726E-02    89.7540    1.00000    8.97985E-09
   8   -1.92308E-02    2.00000E-02    5.52726E-02    89.7540    1.00000    8.97985E-09
   8   -1.92308E-02    2.20000E-02    5.52726E-02    89.7540    1.00000    8.97985E-09
   8   -1.92308E-02    2.40000E-02    5.52726E-02    89.7540    1.00000    8.97985E-09
   8   -1.92308E-02    2.60000E-02    5.51677E-02    89.7492    1.00000    8.94679E-09
   8   -1.92308E-02    2.80000E-02    5.52001E-02    89.7467    1.00000    8.95780E-09
   8   -1.92308E-02    3.00000E-02    5.51970E-02    89.7417    1.00000    8.95780E-09
   8   -1.92308E-02    3.20000E-02    5.51956E-02    89.7392    1.00000    8.95780E-09
   8   -1.92308E-02    3.40000E-02    5.51940E-02    89.7368    1.00000    8.95780E-09
   8   -1.92308E-02    3.60000E-02    5.51910E-02    89.7318    1.00000    8.95780E-09
   8   -1.92308E-02    3.80000E-02    5.52187E-02    89.7218    1.00000    8.96882E-09
   8   -1.92308E-02    4.00000E-02    5.51740E-02    89.7046    1.00000    8.95780E-09
   8   -1.92308E-02    4.20000E-02    5.51651E-02    89.6897    1.00000    8.95780E-09
   8   -1.92308E-02    4.40000E-02    5.51543E-02    89.6724    1.00000    8.95780E-09
   8   -1.92308E-02    4.60000E-02    5.52131E-02    89.6573    1.00000    8.97985E-09
   8   -1.92308E-02    4.80000E-02    5.51361E-02    89.6427    1.00000    8.95780E-09
   8   -1.92308E-02    5.00000E-02    1.35162    84.8416    1.00000    5.09327E-06
   8   -1.53846E-02   -5.00000E-02   -18.7413   -10.7808    1.00000    6.78116E-10
   8   -1.53846E-02   -4.80000E-02   -30.8352   -12.2008    1.00000    7.77539E-06
   8   -1.53846E-02   -4.60000E-02   -113.190   -57.1109    1.00000    1.53283E-04
   8   -1.53846E-02   -4.40000E-02    12.9739    70.4460    1.00000    4.35506E-04
   8   -1.53846E-02   -4.20000E-02    5.12366E-02    68.2085    1.00000    4.01871E-08
   8   -1.53846E-02   -4.00000E-02    5.12387E-02    68.1718    1.00000    4.02338E-08
   8   -1.53846E-02   -3.80000E-02    5.12387E-02    68.1718    1.00000    4.02338E-08
   8   -1.53846E-02   -3.60000E-02    5.12387E-02    68.1718    1.00000    4.02338E-08
   8   -1.53846E-02   -3.40000E-02    5.12387E-02    68.1718    1.00000    4.02338E-08
   8   -1.53846E-02   -3.20000E-02    5.12387E-02    68.1718    1.00000    4.02338E-08
   8   -1.53846E-02   -3.00000E-02    5.12387E-02    68.1718    1.00000    4.02338E-08
   8   -1.53846E-02   -2.80000E-02    5.12387E-02    68.1718    1.00000    4.02338E-08
   8   -1.53846E-02   -2.60000E-02    5.12387E-02    68.1718    1.00000    4.02338E-08
   8   -1.53846E-02   -2.40000E-02    5.12387E-02    68.1718    1.00000    4.02338E-08
   8   -1.53846E-02   -2.20000E-02    5.12387E-02    68.1718    1.00000    4.02338E-08
   8   -1.53846E-02   -2.00000E-02    5.12387E-02    68.1718    1.00000    4.02338E-08
   8   -1.53846E-02   -1.80000E-02    5.12387E-02    68.1718    1.00000    4.02338E-08
   8   -1.53846E-02   -1.60000E-02    5.12387E-02    68.1718    1.00000    4.02338E-08
   8   -1.53846E-02   -1.40000E-02    5.12387E-02    68.1718    1.00000    4.02338E-08
   8   -1.53846E-02   -1.20000E-02    5.12387E-02    68.1718    1.00000    4.02338E-08
   8   -1.53846E-02   -1.00000E-02    5.12387E-02    68.1718    1.00000    4.02338E-08
   8   -1.53846E-02   -8.00000E-03    5.12387E-02    68.1718    1.00000    4.02338E-08
   8   -1.53846E-02   -6.00000E-03    5.12387E-02    68.1718    1.00000    4.02338E-08
   8   -1.53846E-02   -4.00000E-03    5.12387E-02    68.1718    1.00000    4.02338E-08
   8   -1.53846E-02   -2.00000E-03    5.12387E-02    68.1718    1.00000    4.02338E-08
   8   -1.53846E-02  0.    5.12387E-02    68.1718    1.00000    4.02338E-08
   8   -1.53846E-02    2.00000E-03    5.12387E-02    68.1718    1.00000    4.02338E-08
   8   -1.53846E-02    4.00000E-03    5.12387E-02    68.1718    1.00000    4.02338E-08
   8   -1.53846E-02    6.00000E-03    5.12387E-02    68.1718    1.00000    4.02338E-08
   8   -1.53846E-02    8.00000E-03    5.12387E-02    68.1718    1.00000    4.02338E-08
   8   -1.53846E-02    1.00000E-02    5.12387E-02    68.1718    1.00000    4.02338E-08
   8   -1.53846E-02    1.20000E-02    5.12387E-02    68.1718    1.00000    4.02338E-08
   8   -1.53846E-02    1.40000E-02    5.12387E-02    68.1718    1.00000    4.02338E-08
   8   -1.53846E-02    1.60000E-02    5.12387E-02    68.1718    1.00000    4.02338E-08
   8   -1.53846E-02    1.80000E-02    5.12387E-02    68.1718    1.00000    4.02338E-08
   8   -1.53846E-02    2.00000E-02    5.12387E-02    68.1718    1.00000    4.02338E-08
   8   -1.53846E-02    2.20000E-02    5.12387E-02    68.1718    1.00000    4.02338E-08
   8   -1.53846E-02    2.40000E-02    5.12387E-02    68.1718    1.00000    4.02338E-08
   8   -1.53846E-02    2.60000E-02    5.12361E-02    68.1683    1.00000    4.02338E-08
   8   -1.53846E-02    2.80000E-02    5.11753E-02    68.1667    1.00000    4.01404E-08
   8   -1.53846E-02    3.00000E-02    5.12024E-02    68.1631    1.00000    4.01871E-08
   8   -1.53846E-02    3.20000E-02    5.11715E-02    68.1615    1.00000    4.01404E-08
   8   -1.53846E-02    3.40000E-02    5.11999E-02    68.1596    1.00000    4.01871E-08
   8   -1.53846E-02    3.60000E-02    5.12269E-02    68.1561    1.00000    4.02338E-08
   8   -1.53846E-02    3.80000E-02    5.11920E-02    68.1492    1.00000    4.01871E-08
   8   -1.53846E-02    4.00000E-02    5.11234E-02    68.1371    1.00000    4.00938E-08
   8   -1.53846E-02    4.20000E-02    5.11454E-02    68.1266    1.00000    4.01404E-08
   8   -1.53846E-02    4.40000E-02    1.57719    64.2584    1.00000    3.32836E-05
   8   -1.53846E-02    4.60000E-02    4.92283    54.8588    1.00000    2.35413E-04
   8   -1.53846E-02    4.80000E-02    7.84465    45.4599    1.00000    4.21451E-04
   8   -1.53846E-02    5.00000E-02   10.12848    37.1020    1.00000    4.52889E-04
   8   -1.15385E-02   -5.00000E-02   -19.0933   -3.90490    1.00000    1.44584E-09
   8   -1.15385E-02   -4.80000E-02   -31.9941  -10.42220    1.00000    7.26091E-06
   8   -1.15385E-02   -4.60000E-02   -109.755   -36.4900    1.00000    1.07096E-04
   8   -1.15385E-02   -4.40000E-02    19.9283    54.3794    1.00000    7.03832E-04
   8   -1.15385E-02   -4.20000E-02    2.52204    53.0099    1.00000    2.31695E-04
   8   -1.15385E-02   -4.00000E-02    7.72080E-03    55.1286    1.00000    3.29393E-09
   8   -1.15385E-02   -3.80000E-02    7.72080E-03    55.1286    1.00000    3.29393E-09
   8   -1.15385E-02   -3.60000E-02    7.72080E-03    55.1286    1.00000    3.29393E-09
   8   -1.15385E-02   -3.40000E-02    7.72080E-03    55.1286    1.00000    3.29393E-09
   8   -1.15385E-02   -3.20000E-02    7.72080E-03    55.1286    1.00000    3.29393E-09
   8   -1.15385E-02   -3.00000E-02    7.72080E-03    55.1286    1.00000    3.29393E-09
   8   -1.15385E-02   -2.80000E-02    7.72080E-03    55.1286    1.00000    3.29393E-09
   8   -1.15385E-02   -2.60000E-02    7.72080E-03    55.1286    1.00000    3.29393E-09
   8   -1.15385E-02   -2.40000E-02    7.72080E-03    55.1286    1.00000    3.29393E-09
   8   -1.15385E-02   -2.20000E-02    7.72080E-03    55.1286    1.00000    3.29393E-09
   8   -1.15385E-02   -2.00000E-02    7.72080E-03    55.1286    1.00000    3.29393E-09
   8   -1.15385E-02   -1.80000E-02    7.72080E-03    55.1286    1.00000    3.29393E-09
   8   -1.15385E-02   -1.60000E-02    7.72080E-03    55.1286    1.00000    3.29393E-09
   8   -1.15385E-02   -1.40000E-02    7.72080E-03    55.1286    1.00000    3.29393E-09
   8   -1.15385E-02   -1.20000E-02    7.72080E-03    55.1286    1.00000    3.29393E-09
   8   -1.15385E-02   -1.00000E-02    7.72080E-03    55.1286    1.00000    3.29393E-09
   8   -1.15385E-02   -8.00000E-03    7.72080E-03    55.1286    1.00000    3.29393E-09
   8   -1.15385E-02   -6.00000E-03    7.72080E-03    55.1286    1.00000    3.29393E-09
   8   -1.15385E-02   -4.00000E-03    7.72080E-03    55.1286    1.00000    3.29393E-09
   8   -1.15385E-02   -2.00000E-03    7.72080E-03    55.1286    1.00000    3.29393E-09
   8   -1.15385E-02  0.    7.72080E-03    55.1286    1.00000    3.29393E-09
   8   -1.15385E-02    2.00000E-03    7.72080E-03    55.1286    1.00000    3.29393E-09
   8   -1.15385E-02    4.00000E-03    7.72080E-03    55.1286    1.00000    3.29393E-09
   8   -1.15385E-02    6.00000E-03    7.72080E-03    55.1286    1.00000    3.29393E-09
   8   -1.15385E-02    8.00000E-03    7.72080E-03    55.1286    1.00000    3.29393E-09
   8   -1.15385E-02    1.00000E-02    7.72080E-03    55.1286    1.00000    3.29393E-09
   8   -1.15385E-02    1.20000E-02    7.72080E-03    55.1286    1.00000    3.29393E-09
   8   -1.15385E-02    1.40000E-02    7.72080E-03    55.1286    1.00000    3.29393E-09
   8   -1.15385E-02    1.60000E-02    7.72080E-03    55.1286    1.00000    3.29393E-09
   8   -1.15385E-02    1.80000E-02    7.72080E-03    55.1286    1.00000    3.29393E-09
   8   -1.15385E-02    2.00000E-02    7.72080E-03    55.1286    1.00000    3.29393E-09
   8   -1.15385E-02    2.20000E-02    7.72080E-03    55.1286    1.00000    3.29393E-09
   8   -1.15385E-02    2.40000E-02    7.72080E-03    55.1286    1.00000    3.29393E-09
   8   -1.15385E-02    2.60000E-02    7.73640E-03    55.1282    1.00000    3.30730E-09
   8   -1.15385E-02    2.80000E-02    7.72072E-03    55.1280    1.00000    3.29393E-09
   8   -1.15385E-02    3.00000E-02    7.73634E-03    55.1277    1.00000    3.30730E-09
   8   -1.15385E-02    3.20000E-02    7.73628E-03    55.1273    1.00000    3.30730E-09
   8   -1.15385E-02    3.40000E-02    7.73623E-03    55.1271    1.00000    3.30730E-09
   8   -1.15385E-02    3.60000E-02    7.73619E-03    55.1267    1.00000    3.30730E-09
   8   -1.15385E-02    3.80000E-02   0.799484    53.7321    1.00000    3.17030E-05
   8   -1.15385E-02    4.00000E-02    2.99515    49.3976    1.00000    3.31059E-04
   8   -1.15385E-02    4.20000E-02    5.71014    43.1793    1.00000    8.16415E-04
   8   -1.15385E-02    4.40000E-02    8.03224    36.9555    1.00000    1.07139E-03
   8   -1.15385E-02    4.60000E-02    9.53957    32.2957    1.00000    9.98413E-04
   8   -1.15385E-02    4.80000E-02   10.20934    29.8258    1.00000    7.41334E-04
   8   -1.15385E-02    5.00000E-02    11.8833    24.3872    1.00000    4.73685E-04
   8   -7.69231E-03   -5.00000E-02   -19.4930   -3.46727    1.00000    4.23112E-09
   8   -7.69231E-03   -4.80000E-02   -32.9615   -9.23884    1.00000    8.73495E-06
   8   -7.69231E-03   -4.60000E-02   -119.124   -37.6338    1.00000    1.16111E-04
   8   -7.69231E-03   -4.40000E-02    50.6270    33.5614    1.00000    1.03518E-03
   8   -7.69231E-03   -4.20000E-02    8.95958    38.0322    1.00000    2.23565E-03
   8   -7.69231E-03   -4.00000E-02    2.59297    42.5983    1.00000    6.78931E-04
   8   -7.69231E-03   -3.80000E-02    2.59297    42.5983    1.00000    6.78931E-04
   8   -7.69231E-03   -3.60000E-02    2.59297    42.5983    1.00000    6.78931E-04
   8   -7.69231E-03   -3.40000E-02    2.64846    42.5216    1.00000    7.01231E-04
   8   -7.69231E-03   -3.20000E-02    2.64846    42.5216    1.00000    7.01231E-04
   8   -7.69231E-03   -3.00000E-02    2.64846    42.5216    1.00000    7.01231E-04
   8   -7.69231E-03   -2.80000E-02    2.64846    42.5216    1.00000    7.01231E-04
   8   -7.69231E-03   -2.60000E-02    2.64846    42.5216    1.00000    7.01231E-04
   8   -7.69231E-03   -2.40000E-02    2.70406    42.4448    1.00000    7.23665E-04
   8   -7.69231E-03   -2.20000E-02    2.70406    42.4448    1.00000    7.23665E-04
   8   -7.69231E-03   -2.00000E-02    2.70406    42.4448    1.00000    7.23665E-04
   8   -7.69231E-03   -1.80000E-02    2.70406    42.4448    1.00000    7.23665E-04
   8   -7.69231E-03   -1.60000E-02    2.70406    42.4448    1.00000    7.23665E-04
   8   -7.69231E-03   -1.40000E-02    2.70406    42.4448    1.00000    7.23665E-04
   8   -7.69231E-03   -1.20000E-02    2.75978    42.3678    1.00000    7.46236E-04
   8   -7.69231E-03   -1.00000E-02    2.75978    42.3678    1.00000    7.46236E-04
   8   -7.69231E-03   -8.00000E-03    2.75978    42.3678    1.00000    7.46236E-04
   8   -7.69231E-03   -6.00000E-03    2.75978    42.3678    1.00000    7.46236E-04
   8   -7.69231E-03   -4.00000E-03    2.75978    42.3678    1.00000    7.46236E-04
   8   -7.69231E-03   -2.00000E-03    2.81555    42.2908    1.00000    7.68883E-04
   8   -7.69231E-03  0.    2.81555    42.2908    1.00000    7.68883E-04
   8   -7.69231E-03    2.00000E-03    2.81555    42.2908    1.00000    7.68883E-04
   8   -7.69231E-03    4.00000E-03    2.81555    42.2908    1.00000    7.68883E-04
   8   -7.69231E-03    6.00000E-03    2.81555    42.2908    1.00000    7.68883E-04
   8   -7.69231E-03    8.00000E-03    2.81555    42.2908    1.00000    7.68883E-04
   8   -7.69231E-03    1.00000E-02    2.87147    42.2137    1.00000    7.91658E-04
   8   -7.69231E-03    1.20000E-02    2.87147    42.2137    1.00000    7.91658E-04
   8   -7.69231E-03    1.40000E-02    2.87147    42.2137    1.00000    7.91658E-04
   8   -7.69231E-03    1.60000E-02    2.87147    42.2137    1.00000    7.91658E-04
   8   -7.69231E-03    1.80000E-02    2.87147    42.2137    1.00000    7.91658E-04
   8   -7.69231E-03    2.00000E-02    2.87147    42.2137    1.00000    7.91658E-04
   8   -7.69231E-03    2.20000E-02    2.92742    42.1365    1.00000    8.14487E-04
   8   -7.69231E-03    2.40000E-02    2.92742    42.1365    1.00000    8.14487E-04
   8   -7.69231E-03    2.60000E-02    3.25466    41.5357    1.00000    9.52818E-04
   8   -7.69231E-03    2.80000E-02    3.47416    41.1440    1.00000    1.04551E-03
   8   -7.69231E-03    3.00000E-02    3.63696    40.8256    1.00000    1.11486E-03
   8   -7.69231E-03    3.20000E-02    4.01710    40.0857    1.00000    1.27458E-03
   8   -7.69231E-03    3.40000E-02    4.34699    39.4907    1.00000    1.40742E-03
   8   -7.69231E-03    3.60000E-02    4.88984    38.4430    1.00000    1.61580E-03
   8   -7.69231E-03    3.80000E-02    5.74291    36.7276    1.00000    1.90052E-03
   8   -7.69231E-03    4.00000E-02    7.55647    32.6676    1.00000    2.23278E-03
   8   -7.69231E-03    4.20000E-02    8.99555    28.9529    1.00000    2.01607E-03
   8   -7.69231E-03    4.40000E-02    10.7099    24.6848    1.00000    1.87326E-03
   8   -7.69231E-03    4.60000E-02    12.4673    19.6537    1.00000    1.40523E-03
   8   -7.69231E-03    4.80000E-02    15.7296    9.65233    1.00000    9.06493E-04
   8   -7.69231E-03    5.00000E-02    16.7670    5.94798    1.00000    4.05689E-04
   8   -3.84615E-03   -5.00000E-02   -19.7494   -2.24097    1.00000    2.95724E-09
   8   -3.84615E-03   -4.80000E-02   -33.6128   -8.22492    1.00000    7.81569E-06
   8   -3.84615E-03   -4.60000E-02   -123.817   -36.2644    1.00000    1.06162E-04
   8   -3.84615E-03   -4.40000E-02    64.5013    22.0977    1.00000    6.29789E-04
   8   -3.84615E-03   -4.20000E-02    10.7550    30.4522    1.00000    2.42503E-03
   8   -3.84615E-03   -4.00000E-02    6.01131    31.6041    1.00000    3.82768E-03
   8   -3.84615E-03   -3.80000E-02    6.01131    31.6041    1.00000    3.82768E-03
   8   -3.84615E-03   -3.60000E-02    6.01131    31.6041    1.00000    3.82768E-03
   8   -3.84615E-03   -3.40000E-02    6.01131    31.6041    1.00000    3.82768E-03
   8   -3.84615E-03   -3.20000E-02    6.01131    31.6041    1.00000    3.82768E-03
   8   -3.84615E-03   -3.00000E-02    6.01131    31.6041    1.00000    3.82768E-03
   8   -3.84615E-03   -2.80000E-02    6.01131    31.6041    1.00000    3.82768E-03
   8   -3.84615E-03   -2.60000E-02    6.01131    31.6041    1.00000    3.82768E-03
   8   -3.84615E-03   -2.40000E-02    6.01131    31.6041    1.00000    3.82768E-03
   8   -3.84615E-03   -2.20000E-02    6.01131    31.6041    1.00000    3.82768E-03
   8   -3.84615E-03   -2.00000E-02    6.01131    31.6041    1.00000    3.82768E-03
   8   -3.84615E-03   -1.80000E-02    6.01131    31.6041    1.00000    3.82768E-03
   8   -3.84615E-03   -1.60000E-02    6.01131    31.6041    1.00000    3.82768E-03
   8   -3.84615E-03   -1.40000E-02    6.01131    31.6041    1.00000    3.82768E-03
   8   -3.84615E-03   -1.20000E-02    6.01131    31.6041    1.00000    3.82768E-03
   8   -3.84615E-03   -1.00000E-02    6.01131    31.6041    1.00000    3.82768E-03
   8   -3.84615E-03   -8.00000E-03    6.01131    31.6041    1.00000    3.82768E-03
   8   -3.84615E-03   -6.00000E-03    6.01131    31.6041    1.00000    3.82768E-03
   8   -3.84615E-03   -4.00000E-03    6.01131    31.6041    1.00000    3.82768E-03
   8   -3.84615E-03   -2.00000E-03    6.01131    31.6041    1.00000    3.82768E-03
   8   -3.84615E-03  0.    6.01131    31.6041    1.00000    3.82768E-03
   8   -3.84615E-03    2.00000E-03    6.01131    31.6041    1.00000    3.82768E-03
   8   -3.84615E-03    4.00000E-03    6.01131    31.6041    1.00000    3.82768E-03
   8   -3.84615E-03    6.00000E-03    6.01131    31.6041    1.00000    3.82768E-03
   8   -3.84615E-03    8.00000E-03    6.01131    31.6041    1.00000    3.82768E-03
   8   -3.84615E-03    1.00000E-02    6.01131    31.6041    1.00000    3.82768E-03
   8   -3.84615E-03    1.20000E-02    6.01131    31.6041    1.00000    3.82768E-03
   8   -3.84615E-03    1.40000E-02    6.01131    31.6041    1.00000    3.82768E-03
   8   -3.84615E-03    1.60000E-02    6.01131    31.6041    1.00000    3.82768E-03
   8   -3.84615E-03    1.80000E-02    6.01131    31.6041    1.00000    3.82768E-03
   8   -3.84615E-03    2.00000E-02    6.01131    31.6041    1.00000    3.82768E-03
   8   -3.84615E-03    2.20000E-02    6.01131    31.6041    1.00000    3.82768E-03
   8   -3.84615E-03    2.40000E-02    6.01131    31.6041    1.00000    3.82768E-03
   8   -3.84615E-03    2.60000E-02    6.25492    31.1659    1.00000    3.90592E-03
   8   -3.84615E-03    2.80000E-02    6.64334    30.4009    1.00000    3.99471E-03
   8   -3.84615E-03    3.00000E-02    6.84695    30.1086    1.00000    3.99604E-03
   8   -3.84615E-03    3.20000E-02    6.94103    30.2997    1.00000    3.74176E-03
   8   -3.84615E-03    3.40000E-02    6.96578    30.6495    1.00000    3.56132E-03
   8   -3.84615E-03    3.60000E-02    7.11617    30.6678    1.00000    3.37440E-03
   8   -3.84615E-03    3.80000E-02    7.38510    30.4312    1.00000    3.09198E-03
   8   -3.84615E-03    4.00000E-02    8.53438    28.1394    1.00000    2.74224E-03
   8   -3.84615E-03    4.20000E-02    9.97740    25.1049    1.00000    2.34927E-03
   8   -3.84615E-03    4.40000E-02    11.1871    22.1984    1.00000    1.88690E-03
   8   -3.84615E-03    4.60000E-02    15.3141    10.6037    1.00000    1.21158E-03
   8   -3.84615E-03    4.80000E-02    15.9925    8.39706    1.00000    8.48687E-04
   8   -3.84615E-03    5.00000E-02    17.1147    4.35990    1.00000    2.83646E-04
   8  0.   -5.00000E-02   -19.8463   -1.51436    1.00000    2.41063E-09
   8  0.   -4.80000E-02   -33.7008   -6.60759    1.00000    6.32043E-06
   8  0.   -4.60000E-02   -125.686   -35.6662    1.00000    1.05718E-04
   8  0.   -4.40000E-02    64.9792    22.7135    1.00000    6.29064E-04
   8  0.   -4.20000E-02    21.1527    14.6243    1.00000    3.22209E-03
   8  0.   -4.00000E-02    9.09796    23.5086    1.00000    7.83429E-03
   8  0.   -3.80000E-02    9.09796    23.5086    1.00000    7.83429E-03
   8  0.   -3.60000E-02    9.09796    23.5086    1.00000    7.83429E-03
   8  0.   -3.40000E-02    9.09796    23.5086    1.00000    7.83429E-03
   8  0.   -3.20000E-02    9.09796    23.5086    1.00000    7.83429E-03
   8  0.   -3.00000E-02    9.09796    23.5086    1.00000    7.83429E-03
   8  0.   -2.80000E-02    9.09796    23.5086    1.00000    7.83429E-03
   8  0.   -2.60000E-02    9.09796    23.5086    1.00000    7.83429E-03
   8  0.   -2.40000E-02    9.09796    23.5086    1.00000    7.83429E-03
   8  0.   -2.20000E-02    9.09796    23.5086    1.00000    7.83429E-03
   8  0.   -2.00000E-02    9.09796    23.5086    1.00000    7.83429E-03
   8  0.   -1.80000E-02    9.09796    23.5086    1.00000    7.83429E-03
   8  0.   -1.60000E-02    9.09796    23.5086    1.00000    7.83429E-03
   8  0.   -1.40000E-02    9.09796    23.5086    1.00000    7.83429E-03
   8  0.   -1.20000E-02    9.09796    23.5086    1.00000    7.83429E-03
   8  0.   -1.00000E-02    9.09796    23.5086    1.00000    7.83429E-03
   8  0.   -8.00000E-03    9.09796    23.5086    1.00000    7.83429E-03
   8  0.   -6.00000E-03    9.09796    23.5086    1.00000    7.83429E-03
   8  0.   -4.00000E-03    9.09796    23.5086    1.00000    7.83429E-03
   8  0.   -2.00000E-03    9.09796    23.5086    1.00000    7.83429E-03
   8  0.  0.    9.09796    23.5086    1.00000    7.83429E-03
   8  0.    2.00000E-03    9.09796    23.5086    1.00000    7.83429E-03
   8  0.    4.00000E-03    9.09796    23.5086    1.00000    7.83429E-03
   8  0.    6.00000E-03    9.09796    23.5086    1.00000    7.83429E-03
   8  0.    8.00000E-03    9.09796    23.5086    1.00000    7.83429E-03
   8  0.    1.00000E-02    8.79608    24.1999    1.00000    7.43666E-03
   8  0.    1.20000E-02    8.35870    25.1991    1.00000    6.85174E-03
   8  0.    1.40000E-02    7.90361    26.2361    1.00000    6.23984E-03
   8  0.    1.60000E-02    7.49904    27.1560    1.00000    5.69940E-03
   8  0.    1.80000E-02    7.08073    28.1055    1.00000    5.14947E-03
   8  0.    2.00000E-02    6.80460    28.9690    1.00000    4.80287E-03
   8  0.    2.20000E-02    6.55726    29.8464    1.00000    4.49625E-03
   8  0.    2.40000E-02    6.35760    30.6134    1.00000    4.24950E-03
   8  0.    2.60000E-02    6.29277    31.1559    1.00000    3.95019E-03
   8  0.    2.80000E-02    6.43927    31.2075    1.00000    3.77162E-03
   8  0.    3.00000E-02    6.44812    31.5963    1.00000    3.57732E-03
   8  0.    3.20000E-02    6.52215    31.8304    1.00000    3.33449E-03
   8  0.    3.40000E-02    6.58997    32.0501    1.00000    3.21194E-03
   8  0.    3.60000E-02    6.74612    32.0877    1.00000    3.05573E-03
   8  0.    3.80000E-02    7.13383    31.6023    1.00000    2.90707E-03
   8  0.    4.00000E-02    8.20074    29.3748    1.00000    2.56495E-03
   8  0.    4.20000E-02    8.75609    28.0330    1.00000    1.81233E-03
   8  0.    4.40000E-02    9.43436    26.4371    1.00000    1.31998E-03
   8  0.    4.60000E-02    11.5307    21.3686    1.00000    1.06302E-03
   8  0.    4.80000E-02    15.9296    8.84961    1.00000    8.34785E-04
   8  0.    5.00000E-02    16.9984    4.99705    1.00000    3.29096E-04
   8    3.84615E-03   -5.00000E-02   -19.7736   0.167956    1.00000    3.38813E-11
   8    3.84615E-03   -4.80000E-02   -33.4307   -4.85329    1.00000    4.02805E-06
   8    3.84615E-03   -4.60000E-02   -122.355   -33.2414    1.00000    9.84892E-05
   8    3.84615E-03   -4.40000E-02    65.3788    24.4072    1.00000    6.52120E-04
   8    3.84615E-03   -4.20000E-02    25.2937    8.22885    1.00000    1.85420E-03
   8    3.84615E-03   -4.00000E-02   10.56518    19.5380    1.00000    9.46451E-03
   8    3.84615E-03   -3.80000E-02   10.56518    19.5380    1.00000    9.46451E-03
   8    3.84615E-03   -3.60000E-02   10.56518    19.5380    1.00000    9.46451E-03
   8    3.84615E-03   -3.40000E-02   10.56518    19.5380    1.00000    9.46451E-03
   8    3.84615E-03   -3.20000E-02   10.56518    19.5380    1.00000    9.46451E-03
   8    3.84615E-03   -3.00000E-02   10.56518    19.5380    1.00000    9.46451E-03
   8    3.84615E-03   -2.80000E-02   10.56518    19.5380    1.00000    9.46451E-03
   8    3.84615E-03   -2.60000E-02   10.56518    19.5380    1.00000    9.46451E-03
   8    3.84615E-03   -2.40000E-02   10.56518    19.5380    1.00000    9.46451E-03
   8    3.84615E-03   -2.20000E-02   10.56518    19.5380    1.00000    9.46451E-03
   8    3.84615E-03   -2.00000E-02    10.6190    19.4158    1.00000    9.51945E-03
   8    3.84615E-03   -1.80000E-02    10.6190    19.4158    1.00000    9.51945E-03
   8    3.84615E-03   -1.60000E-02    10.6190    19.4158    1.00000    9.51945E-03
   8    3.84615E-03   -1.40000E-02    10.6190    19.4158    1.00000    9.51945E-03
   8    3.84615E-03   -1.20000E-02    10.6190    19.4158    1.00000    9.51945E-03
   8    3.84615E-03   -1.00000E-02    10.6190    19.4158    1.00000    9.51945E-03
   8    3.84615E-03   -8.00000E-03    10.6190    19.4158    1.00000    9.51945E-03
   8    3.84615E-03   -6.00000E-03    10.6190    19.4158    1.00000    9.51945E-03
   8    3.84615E-03   -4.00000E-03    10.6190    19.4158    1.00000    9.51945E-03
   8    3.84615E-03   -2.00000E-03   10.25776    20.2706    1.00000    9.14542E-03
   8    3.84615E-03  0.    9.74585    21.4303    1.00000    8.55171E-03
   8    3.84615E-03    2.00000E-03    9.26916    22.5070    1.00000    7.96079E-03
   8    3.84615E-03    4.00000E-03    8.83498    23.4854    1.00000    7.40176E-03
   8    3.84615E-03    6.00000E-03    8.38424    24.4991    1.00000    6.80979E-03
   8    3.84615E-03    8.00000E-03    7.91662    25.5490    1.00000    6.19182E-03
   8    3.84615E-03    1.00000E-02    7.43145    26.6365    1.00000    5.55511E-03
   8    3.84615E-03    1.20000E-02    7.22542    27.3810    1.00000    5.31223E-03
   8    3.84615E-03    1.40000E-02    7.02735    28.1474    1.00000    5.07608E-03
   8    3.84615E-03    1.60000E-02    6.80460    28.9690    1.00000    4.80287E-03
   8    3.84615E-03    1.80000E-02    6.62914    29.6817    1.00000    4.58700E-03
   8    3.84615E-03    2.00000E-02    6.35760    30.6134    1.00000    4.24950E-03
   8    3.84615E-03    2.20000E-02    6.11783    31.4335    1.00000    3.95514E-03
   8    3.84615E-03    2.40000E-02    5.84518    32.2925    1.00000    3.62796E-03
   8    3.84615E-03    2.60000E-02    5.83677    32.7236    1.00000    3.42447E-03
   8    3.84615E-03    2.80000E-02    5.98615    32.8046    1.00000    3.28335E-03
   8    3.84615E-03    3.00000E-02    5.96358    33.2492    1.00000    3.08127E-03
   8    3.84615E-03    3.20000E-02    6.10124    33.3251    1.00000    2.93456E-03
   8    3.84615E-03    3.40000E-02    6.15886    33.5884    1.00000    2.82011E-03
   8    3.84615E-03    3.60000E-02    6.29994    33.6574    1.00000    2.67884E-03
   8    3.84615E-03    3.80000E-02    6.79958    32.9384    1.00000    2.65487E-03
   8    3.84615E-03    4.00000E-02    8.00451    30.4600    1.00000    2.47299E-03
   8    3.84615E-03    4.20000E-02    8.86954    28.3635    1.00000    1.90560E-03
   8    3.84615E-03    4.40000E-02    8.93012    28.1112    1.00000    1.20968E-03
   8    3.84615E-03    4.60000E-02    11.0043    23.0934    1.00000    1.00096E-03
   8    3.84615E-03    4.80000E-02    15.9039    9.16373    1.00000    8.06374E-04
   8    3.84615E-03    5.00000E-02    16.8483    5.72025    1.00000    3.84084E-04
   8    7.69231E-03   -5.00000E-02   -19.5038    2.75465    1.00000    1.29827E-08
   8    7.69231E-03   -4.80000E-02   -32.9689   -3.90705    1.00000    3.09154E-06
   8    7.69231E-03   -4.60000E-02   -116.815   -31.8614    1.00000    1.00671E-04
   8    7.69231E-03   -4.40000E-02    68.4057    25.8794    1.00000    6.08921E-04
   8    7.69231E-03   -4.20000E-02    26.9396    7.33475    1.00000    1.35113E-03
   8    7.69231E-03   -4.00000E-02    11.0578    17.8017    1.00000    9.67648E-03
   8    7.69231E-03   -3.80000E-02    11.0578    17.8017    1.00000    9.67648E-03
   8    7.69231E-03   -3.60000E-02    11.0578    17.8017    1.00000    9.67648E-03
   8    7.69231E-03   -3.40000E-02    11.0842    17.7779    1.00000    9.71692E-03
   8    7.69231E-03   -3.20000E-02    11.0842    17.7779    1.00000    9.71692E-03
   8    7.69231E-03   -3.00000E-02    11.0842    17.7779    1.00000    9.71692E-03
   8    7.69231E-03   -2.80000E-02    11.0842    17.7779    1.00000    9.71692E-03
   8    7.69231E-03   -2.60000E-02    11.0842    17.7779    1.00000    9.71692E-03
   8    7.69231E-03   -2.40000E-02    11.0842    17.7779    1.00000    9.71692E-03
   8    7.69231E-03   -2.20000E-02    11.0842    17.7779    1.00000    9.71692E-03
   8    7.69231E-03   -2.00000E-02    11.0842    17.7779    1.00000    9.71692E-03
   8    7.69231E-03   -1.80000E-02    11.1375    17.6587    1.00000    9.76099E-03
   8    7.69231E-03   -1.60000E-02    11.1375    17.6587    1.00000    9.76099E-03
   8    7.69231E-03   -1.40000E-02    11.1375    17.6587    1.00000    9.76099E-03
   8    7.69231E-03   -1.20000E-02    11.1375    17.6587    1.00000    9.76099E-03
   8    7.69231E-03   -1.00000E-02    10.7590    18.5055    1.00000    9.42785E-03
   8    7.69231E-03   -8.00000E-03   10.19428    19.7660    1.00000    8.85672E-03
   8    7.69231E-03   -6.00000E-03    9.72142    20.8190    1.00000    8.32606E-03
   8    7.69231E-03   -4.00000E-03    9.20030    22.0161    1.00000    7.71362E-03
   8    7.69231E-03   -2.00000E-03    8.75286    23.0098    1.00000    7.15475E-03
   8    7.69231E-03  0.    8.22220    24.1868    1.00000    6.47827E-03
   8    7.69231E-03    2.00000E-03    7.74037    25.2541    1.00000    5.86102E-03
   8    7.69231E-03    4.00000E-03    7.51080    26.0518    1.00000    5.60987E-03
   8    7.69231E-03    6.00000E-03    7.39871    26.6693    1.00000    5.50835E-03
   8    7.69231E-03    8.00000E-03    7.25522    27.3539    1.00000    5.35410E-03
   8    7.69231E-03    1.00000E-02    7.08073    28.1055    1.00000    5.14947E-03
   8    7.69231E-03    1.20000E-02    6.82875    28.9532    1.00000    4.83513E-03
   8    7.69231E-03    1.40000E-02    6.65023    29.6719    1.00000    4.61435E-03
   8    7.69231E-03    1.60000E-02    6.35760    30.6134    1.00000    4.24950E-03
   8    7.69231E-03    1.80000E-02    6.11783    31.4335    1.00000    3.95514E-03
   8    7.69231E-03    2.00000E-02    5.85917    32.2973    1.00000    3.64374E-03
   8    7.69231E-03    2.20000E-02    5.64327    33.0239    1.00000    3.38973E-03
   8    7.69231E-03    2.40000E-02    5.34005    33.9554    1.00000    3.04611E-03
   8    7.69231E-03    2.60000E-02    5.53585    34.0044    1.00000    2.95323E-03
   8    7.69231E-03    2.80000E-02    5.44180    34.5440    1.00000    2.72833E-03
   8    7.69231E-03    3.00000E-02    5.48367    34.8529    1.00000    2.61514E-03
   8    7.69231E-03    3.20000E-02    5.70521    34.7582    1.00000    2.57234E-03
   8    7.69231E-03    3.40000E-02    5.65888    35.2594    1.00000    2.38832E-03
   8    7.69231E-03    3.60000E-02    5.88648    35.1466    1.00000    2.34356E-03
   8    7.69231E-03    3.80000E-02    6.41396    34.4090    1.00000    2.36899E-03
   8    7.69231E-03    4.00000E-02    7.74931    31.7048    1.00000    2.33802E-03
   8    7.69231E-03    4.20000E-02    8.81424    29.1670    1.00000    1.92273E-03
   8    7.69231E-03    4.40000E-02    9.14046    28.1608    1.00000    1.31458E-03
   8    7.69231E-03    4.60000E-02   10.43080    24.9996    1.00000    9.02908E-04
   8    7.69231E-03    4.80000E-02    15.8274    9.60010    1.00000    7.90951E-04
   8    7.69231E-03    5.00000E-02    16.7591    6.28898    1.00000    4.15113E-04
   8    1.15385E-02   -5.00000E-02   -19.1455    3.40079    1.00000    9.72558E-09
   8    1.15385E-02   -4.80000E-02   -31.9101   -2.11787    1.00000    8.92918E-07
   8    1.15385E-02   -4.60000E-02  -103.8661   -25.1269    1.00000    7.51518E-05
   8    1.15385E-02   -4.40000E-02    72.1085    28.4260    1.00000    6.05368E-04
   8    1.15385E-02   -4.20000E-02    26.6571   10.14596    1.00000    1.84675E-03
   8    1.15385E-02   -4.00000E-02    11.4569    16.3025    1.00000    9.57601E-03
   8    1.15385E-02   -3.80000E-02    11.4569    16.3025    1.00000    9.57601E-03
   8    1.15385E-02   -3.60000E-02    11.4569    16.3025    1.00000    9.57601E-03
   8    1.15385E-02   -3.40000E-02    11.4899    16.2662    1.00000    9.62510E-03
   8    1.15385E-02   -3.20000E-02    11.4899    16.2662    1.00000    9.62510E-03
   8    1.15385E-02   -3.00000E-02    11.4899    16.2662    1.00000    9.62510E-03
   8    1.15385E-02   -2.80000E-02    11.4899    16.2662    1.00000    9.62510E-03
   8    1.15385E-02   -2.60000E-02    11.4899    16.2662    1.00000    9.62510E-03
   8    1.15385E-02   -2.40000E-02    11.4899    16.2662    1.00000    9.62510E-03
   8    1.15385E-02   -2.20000E-02    11.4899    16.2662    1.00000    9.62510E-03
   8    1.15385E-02   -2.00000E-02    11.4899    16.2662    1.00000    9.62510E-03
   8    1.15385E-02   -1.80000E-02    11.1671    16.9784    1.00000    9.40521E-03
   8    1.15385E-02   -1.60000E-02    10.6084    18.2090    1.00000    8.94472E-03
   8    1.15385E-02   -1.40000E-02   10.06142    19.4509    1.00000    8.43494E-03
   8    1.15385E-02   -1.20000E-02    9.51302    20.6560    1.00000    7.84195E-03
   8    1.15385E-02   -1.00000E-02    9.00588    21.7690    1.00000    7.25669E-03
   8    1.15385E-02   -8.00000E-03    8.41243    23.0702    1.00000    6.54380E-03
   8    1.15385E-02   -6.00000E-03    7.93345    24.1195    1.00000    5.95806E-03
   8    1.15385E-02   -4.00000E-03    7.75290    24.8102    1.00000    5.79986E-03
   8    1.15385E-02   -2.00000E-03    7.70878    25.3653    1.00000    5.82748E-03
   8    1.15385E-02  0.    7.54758    26.0928    1.00000    5.67335E-03
   8    1.15385E-02    2.00000E-03    7.42495    26.7317    1.00000    5.55472E-03
   8    1.15385E-02    4.00000E-03    7.27115    27.4374    1.00000    5.38361E-03
   8    1.15385E-02    6.00000E-03    7.06139    28.2281    1.00000    5.12814E-03
   8    1.15385E-02    8.00000E-03    6.80422    29.0872    1.00000    4.80594E-03
   8    1.15385E-02    1.00000E-02    6.61970    29.8188    1.00000    4.57663E-03
   8    1.15385E-02    1.20000E-02    6.39370    30.6061    1.00000    4.29427E-03
   8    1.15385E-02    1.40000E-02    6.13365    31.4345    1.00000    3.97390E-03
   8    1.15385E-02    1.60000E-02    5.87257    32.3032    1.00000    3.65883E-03
   8    1.15385E-02    1.80000E-02    5.58154    33.2053    1.00000    3.31883E-03
   8    1.15385E-02    2.00000E-02    5.34935    33.9699    1.00000    3.05532E-03
   8    1.15385E-02    2.20000E-02    5.02180    34.9237    1.00000    2.70164E-03
   8    1.15385E-02    2.40000E-02    4.76336    35.7513    1.00000    2.43373E-03
   8    1.15385E-02    2.60000E-02    4.95059    35.8252    1.00000    2.37133E-03
   8    1.15385E-02    2.80000E-02    4.92145    36.2287    1.00000    2.23648E-03
   8    1.15385E-02    3.00000E-02    4.94336    36.5683    1.00000    2.12961E-03
   8    1.15385E-02    3.20000E-02    5.16639    36.5081    1.00000    2.11284E-03
   8    1.15385E-02    3.40000E-02    5.19185    36.8508    1.00000    2.01091E-03
   8    1.15385E-02    3.60000E-02    5.41331    36.7486    1.00000    1.98263E-03
   8    1.15385E-02    3.80000E-02    6.27050    35.3768    1.00000    2.13002E-03
   8    1.15385E-02    4.00000E-02    7.46591    32.9203    1.00000    2.18056E-03
   8    1.15385E-02    4.20000E-02    8.68017    30.0667    1.00000    1.89124E-03
   8    1.15385E-02    4.40000E-02    9.32668    28.2328    1.00000    1.28446E-03
   8    1.15385E-02    4.60000E-02    9.83062    26.9655    1.00000    8.19531E-04
   8    1.15385E-02    4.80000E-02    15.7385   10.11492    1.00000    7.80053E-04
   8    1.15385E-02    5.00000E-02    16.6088    7.03149    1.00000    4.59802E-04
   8    1.53846E-02   -5.00000E-02   -18.6635  -0.391682    1.00000    3.91668E-12
   8    1.53846E-02   -4.80000E-02   -30.8075   -1.13743    1.00000    3.04043E-07
   8    1.53846E-02   -4.60000E-02   -93.5149   -21.6171    1.00000    7.07152E-05
   8    1.53846E-02   -4.40000E-02    78.2931    31.3600    1.00000    5.72016E-04
   8    1.53846E-02   -4.20000E-02    26.8069    12.4261    1.00000    2.05396E-03
   8    1.53846E-02   -4.00000E-02    11.8718    14.9779    1.00000    8.57010E-03
   8    1.53846E-02   -3.80000E-02    11.7201    15.1284    1.00000    9.17220E-03
   8    1.53846E-02   -3.60000E-02    11.7201    15.1284    1.00000    9.17220E-03
   8    1.53846E-02   -3.40000E-02    11.7201    15.1284    1.00000    9.17220E-03
   8    1.53846E-02   -3.20000E-02    11.7201    15.1284    1.00000    9.17220E-03
   8    1.53846E-02   -3.00000E-02    11.7730    15.0130    1.00000    9.19389E-03
   8    1.53846E-02   -2.80000E-02    11.7730    15.0130    1.00000    9.19389E-03
   8    1.53846E-02   -2.60000E-02    11.5600    15.4770    1.00000    9.09992E-03
   8    1.53846E-02   -2.40000E-02    10.9979    16.7393    1.00000    8.80517E-03
   8    1.53846E-02   -2.20000E-02   10.36593    18.1138    1.00000    8.31417E-03
   8    1.53846E-02   -2.00000E-02    9.70345    19.5532    1.00000    7.69731E-03
   8    1.53846E-02   -1.80000E-02    9.13747    20.7819    1.00000    7.11023E-03
   8    1.53846E-02   -1.60000E-02    8.54888    22.0589    1.00000    6.46059E-03
   8    1.53846E-02   -1.40000E-02    8.00589    23.2364    1.00000    5.84089E-03
   8    1.53846E-02   -1.20000E-02    7.80656    23.9707    1.00000    5.69621E-03
   8    1.53846E-02   -1.00000E-02    7.81412    24.4653    1.00000    5.83104E-03
   8    1.53846E-02   -8.00000E-03    7.75169    25.0218    1.00000    5.83876E-03
   8    1.53846E-02   -6.00000E-03    7.64899    25.6625    1.00000    5.77626E-03
   8    1.53846E-02   -4.00000E-03    7.54390    26.2635    1.00000    5.68834E-03
   8    1.53846E-02   -2.00000E-03    7.33693    27.0900    1.00000    5.45433E-03
   8    1.53846E-02  0.    7.21298    27.6876    1.00000    5.31529E-03
   8    1.53846E-02    2.00000E-03    6.99409    28.4985    1.00000    5.04571E-03
   8    1.53846E-02    4.00000E-03    6.72896    29.3757    1.00000    4.71249E-03
   8    1.53846E-02    6.00000E-03    6.51617    30.1334    1.00000    4.44677E-03
   8    1.53846E-02    8.00000E-03    6.28466    30.9338    1.00000    4.15928E-03
   8    1.53846E-02    1.00000E-02    6.01964    31.7743    1.00000    3.83595E-03
   8    1.53846E-02    1.20000E-02    5.75297    32.6565    1.00000    3.51802E-03
   8    1.53846E-02    1.40000E-02    5.53010    33.3992    1.00000    3.25917E-03
   8    1.53846E-02    1.60000E-02    5.28478    34.1583    1.00000    2.98416E-03
   8    1.53846E-02    1.80000E-02    4.96203    35.1371    1.00000    2.63800E-03
   8    1.53846E-02    2.00000E-02    4.69396    35.9518    1.00000    2.36446E-03
   8    1.53846E-02    2.20000E-02    4.41523    36.7926    1.00000    2.09441E-03
   8    1.53846E-02    2.40000E-02    4.12585    37.6598    1.00000    1.83017E-03
   8    1.53846E-02    2.60000E-02    4.38926    37.5919    1.00000    1.86581E-03
   8    1.53846E-02    2.80000E-02    4.34777    38.0461    1.00000    1.74571E-03
   8    1.53846E-02    3.00000E-02    4.61774    37.9225    1.00000    1.77121E-03
   8    1.53846E-02    3.20000E-02    4.66027    38.1793    1.00000    1.71734E-03
   8    1.53846E-02    3.40000E-02    4.67137    38.5401    1.00000    1.62600E-03
   8    1.53846E-02    3.60000E-02    4.98278    38.2430    1.00000    1.67668E-03
   8    1.53846E-02    3.80000E-02    5.86586    36.8288    1.00000    1.86283E-03
   8    1.53846E-02    4.00000E-02    7.46008    33.5543    1.00000    2.04280E-03
   8    1.53846E-02    4.20000E-02    8.54707    31.0230    1.00000    1.85560E-03
   8    1.53846E-02    4.40000E-02    9.36100    28.7312    1.00000    1.33097E-03
   8    1.53846E-02    4.60000E-02    9.16869    29.1592    1.00000    7.08227E-04
   8    1.53846E-02    4.80000E-02    15.7801   10.17688    1.00000    7.38104E-04
   8    1.53846E-02    5.00000E-02    16.4822    7.66858    1.00000    4.93147E-04
   8    1.92308E-02   -4.80000E-02   -29.2258    1.10156    1.00000    2.93229E-07
   8    1.92308E-02   -4.60000E-02   -82.0759   -17.2573    1.00000    5.38361E-05
   8    1.92308E-02   -4.40000E-02    88.2148    35.7880    1.00000    5.18131E-04
   8    1.92308E-02   -4.20000E-02    27.5744    14.2538    1.00000    2.01121E-03
   8    1.92308E-02   -4.00000E-02    15.6217    8.20841    1.00000    5.01344E-03
   8    1.92308E-02   -3.80000E-02    13.7396    10.8722    1.00000    8.43690E-03
   8    1.92308E-02   -3.60000E-02    13.7241    10.9196    1.00000    8.49904E-03
   8    1.92308E-02   -3.40000E-02    13.7241    10.9196    1.00000    8.49904E-03
   8    1.92308E-02   -3.20000E-02    11.2143    15.5952    1.00000    8.26685E-03
   8    1.92308E-02   -3.00000E-02   10.53516    17.0565    1.00000    7.87952E-03
   8    1.92308E-02   -2.80000E-02    9.82291    18.5884    1.00000    7.33872E-03
   8    1.92308E-02   -2.60000E-02    9.20241    19.9225    1.00000    6.78319E-03
   8    1.92308E-02   -2.40000E-02    8.61360    21.2316    1.00000    6.22635E-03
   8    1.92308E-02   -2.20000E-02    7.94162    22.6763    1.00000    5.52339E-03
   8    1.92308E-02   -2.00000E-02    7.79361    23.3035    1.00000    5.47302E-03
   8    1.92308E-02   -1.80000E-02    7.81387    23.7825    1.00000    5.65726E-03
   8    1.92308E-02   -1.60000E-02    7.91147    24.0831    1.00000    5.91042E-03
   8    1.92308E-02   -1.40000E-02    7.79558    24.7582    1.00000    5.86173E-03
   8    1.92308E-02   -1.20000E-02    7.70878    25.3653    1.00000    5.82748E-03
   8    1.92308E-02   -1.00000E-02    7.65246    25.8996    1.00000    5.81469E-03
   8    1.92308E-02   -8.00000E-03    7.42495    26.7317    1.00000    5.55472E-03
   8    1.92308E-02   -6.00000E-03    7.27115    27.4374    1.00000    5.38361E-03
   8    1.92308E-02   -4.00000E-03    7.13191    28.0678    1.00000    5.22002E-03
   8    1.92308E-02   -2.00000E-03    6.87539    28.9247    1.00000    4.89743E-03
   8    1.92308E-02  0.    6.67077    29.6632    1.00000    4.64100E-03
   8    1.92308E-02    2.00000E-03    6.44756    30.4438    1.00000    4.36139E-03
   8    1.92308E-02    4.00000E-03    6.19000    31.2662    1.00000    4.04268E-03
   8    1.92308E-02    6.00000E-03    5.93169    32.1282    1.00000    3.72913E-03
   8    1.92308E-02    8.00000E-03    5.64327    33.0239    1.00000    3.38973E-03
   8    1.92308E-02    1.00000E-02    5.40382    33.7690    1.00000    3.11696E-03
   8    1.92308E-02    1.20000E-02    5.16222    34.5558    1.00000    2.84991E-03
   8    1.92308E-02    1.40000E-02    4.90073    35.3540    1.00000    2.57345E-03
   8    1.92308E-02    1.60000E-02    4.62875    36.1778    1.00000    2.29914E-03
   8    1.92308E-02    1.80000E-02    4.34620    37.0277    1.00000    2.02912E-03
   8    1.92308E-02    2.00000E-02    4.05283    37.9044    1.00000    1.76547E-03
   8    1.92308E-02    2.20000E-02    3.74854    38.8083    1.00000    1.51053E-03
   8    1.92308E-02    2.40000E-02    3.51257    39.5141    1.00000    1.32591E-03
   8    1.92308E-02    2.60000E-02    3.77463    39.4913    1.00000    1.37838E-03
   8    1.92308E-02    2.80000E-02    3.71982    39.9643    1.00000    1.27605E-03
   8    1.92308E-02    3.00000E-02    4.07472    39.6704    1.00000    1.37599E-03
   8    1.92308E-02    3.20000E-02    4.02098    40.1535    1.00000    1.27571E-03
   8    1.92308E-02    3.40000E-02    4.10841    40.3425    1.00000    1.25389E-03
   8    1.92308E-02    3.60000E-02    4.42392    40.0747    1.00000    1.31711E-03
   8    1.92308E-02    3.80000E-02    5.33409    38.6276    1.00000    1.53661E-03
   8    1.92308E-02    4.00000E-02    7.11443    34.9660    1.00000    1.86024E-03
   8    1.92308E-02    4.20000E-02    8.31659    32.2043    1.00000    1.77057E-03
   8    1.92308E-02    4.40000E-02    9.46706    29.0393    1.00000    1.37011E-03
   8    1.92308E-02    4.60000E-02    9.43929    28.9183    1.00000    7.84821E-04
   8    1.92308E-02    4.80000E-02    12.0108    22.0189    1.00000    7.25031E-04
   8    1.92308E-02    5.00000E-02    16.3696    8.22809    1.00000    5.12558E-04
   8    2.30769E-02   -4.80000E-02   -27.5751    2.69676    1.00000    1.77506E-06
   8    2.30769E-02   -4.60000E-02   -71.8726   -13.7535    1.00000    4.21576E-05
   8    2.30769E-02   -4.40000E-02   103.4914    42.6515    1.00000    4.81296E-04
   8    2.30769E-02   -4.20000E-02    28.5235    16.2025    1.00000    1.90476E-03
   8    2.30769E-02   -4.00000E-02    16.9151    7.82557    1.00000    4.67271E-03
   8    2.30769E-02   -3.80000E-02    13.9275   10.38326    1.00000    7.25979E-03
   8    2.30769E-02   -3.60000E-02    9.91661    17.7021    1.00000    6.83722E-03
   8    2.30769E-02   -3.40000E-02    9.18755    19.2574    1.00000    6.30109E-03
   8    2.30769E-02   -3.20000E-02    8.42346    20.8874    1.00000    5.64386E-03
   8    2.30769E-02   -3.00000E-02    7.75820    22.3064    1.00000    5.02096E-03
   8    2.30769E-02   -2.80000E-02    7.53082    23.1098    1.00000    4.92592E-03
   8    2.30769E-02   -2.60000E-02    7.83050    23.0919    1.00000    5.46847E-03
   8    2.30769E-02   -2.40000E-02    7.91946    23.4670    1.00000    5.75456E-03
   8    2.30769E-02   -2.20000E-02    7.95745    23.8979    1.00000    5.94470E-03
   8    2.30769E-02   -2.00000E-02    7.91974    24.4015    1.00000    5.99932E-03
   8    2.30769E-02   -1.80000E-02    7.77139    25.1441    1.00000    5.89357E-03
   8    2.30769E-02   -1.60000E-02    7.72274    25.6617    1.00000    5.89511E-03
   8    2.30769E-02   -1.40000E-02    7.53378    26.4474    1.00000    5.69290E-03
   8    2.30769E-02   -1.20000E-02    7.35494    27.1690    1.00000    5.48750E-03
   8    2.30769E-02   -1.00000E-02    7.15142    27.9452    1.00000    5.24157E-03
   8    2.30769E-02   -8.00000E-03    6.97088    28.6292    1.00000    5.01842E-03
   8    2.30769E-02   -6.00000E-03    6.72148    29.5084    1.00000    4.70507E-03
   8    2.30769E-02   -4.00000E-03    6.48261    30.2871    1.00000    4.40507E-03
   8    2.30769E-02   -2.00000E-03    6.24589    31.0990    1.00000    4.11125E-03
   8    2.30769E-02  0.    5.97642    31.9496    1.00000    3.78338E-03
   8    2.30769E-02    2.00000E-03    5.76528    32.6647    1.00000    3.53151E-03
   8    2.30769E-02    4.00000E-03    5.46716    33.5836    1.00000    3.18797E-03
   8    2.30769E-02    6.00000E-03    5.21977    34.3478    1.00000    2.91323E-03
   8    2.30769E-02    8.00000E-03    4.96868    35.1572    1.00000    2.64384E-03
   8    2.30769E-02    1.00000E-02    4.69891    35.9754    1.00000    2.36829E-03
   8    2.30769E-02    1.20000E-02    4.41862    36.8196    1.00000    2.09658E-03
   8    2.30769E-02    1.40000E-02    4.12585    37.6598    1.00000    1.83017E-03
   8    2.30769E-02    1.60000E-02    3.90218    38.3698    1.00000    1.63644E-03
   8    2.30769E-02    1.80000E-02    3.59277    39.2523    1.00000    1.38783E-03
   8    2.30769E-02    2.00000E-02    3.35045    40.0077    1.00000    1.20570E-03
   8    2.30769E-02    2.20000E-02    3.10228    40.7437    1.00000    1.03292E-03
   8    2.30769E-02    2.40000E-02    2.84696    41.4976    1.00000    8.69007E-04
   8    2.30769E-02    2.60000E-02    3.10920    41.4841    1.00000    9.32858E-04
   8    2.30769E-02    2.80000E-02    3.12490    41.8043    1.00000    8.97250E-04
   8    2.30769E-02    3.00000E-02    3.40101    41.7153    1.00000    9.55321E-04
   8    2.30769E-02    3.20000E-02    3.42122    42.0330    1.00000    9.19494E-04
   8    2.30769E-02    3.40000E-02    3.79274    41.7242    1.00000    1.01327E-03
   8    2.30769E-02    3.60000E-02    3.81910    41.9921    1.00000    9.76770E-04
   8    2.30769E-02    3.80000E-02    4.85270    40.2959    1.00000    1.26617E-03
   8    2.30769E-02    4.00000E-02    6.70614    36.5082    1.00000    1.65115E-03
   8    2.30769E-02    4.20000E-02    8.32112    32.6734    1.00000    1.67870E-03
   8    2.30769E-02    4.40000E-02    9.32819    29.9947    1.00000    1.35464E-03
   8    2.30769E-02    4.60000E-02    9.64338    28.8732    1.00000    8.51973E-04
   8    2.30769E-02    4.80000E-02    11.5410    23.7044    1.00000    6.87525E-04
   8    2.30769E-02    5.00000E-02    16.3162    8.67222    1.00000    5.15483E-04
   8    2.69231E-02   -4.80000E-02   -25.7319    4.79436    1.00000    6.38881E-06
   8    2.69231E-02   -4.60000E-02   -61.8341   -9.58548    1.00000    2.54312E-05
   8    2.69231E-02   -4.40000E-02    130.901    53.3659    1.00000    4.23469E-04
   8    2.69231E-02   -4.20000E-02    30.0085    18.1873    1.00000    1.78545E-03
   8    2.69231E-02   -4.00000E-02    17.2981    9.60551    1.00000    4.52173E-03
   8    2.69231E-02   -3.80000E-02    9.57775    19.1156    1.00000    7.12716E-03
   8    2.69231E-02   -3.60000E-02    8.09051    21.7329    1.00000    5.40334E-03
   8    2.69231E-02   -3.40000E-02    7.66933    22.8135    1.00000    5.06633E-03
   8    2.69231E-02   -3.20000E-02    7.89973    22.9428    1.00000    5.54404E-03
   8    2.69231E-02   -3.00000E-02    7.98886    23.3164    1.00000    5.83488E-03
   8    2.69231E-02   -2.80000E-02    8.02676    23.7464    1.00000    6.02857E-03
   8    2.69231E-02   -2.60000E-02    7.96232    24.3496    1.00000    6.06167E-03
   8    2.69231E-02   -2.40000E-02    7.87971    24.9455    1.00000    6.03932E-03
   8    2.69231E-02   -2.20000E-02    7.72274    25.6617    1.00000    5.89511E-03
   8    2.69231E-02   -2.00000E-02    7.60353    26.2910    1.00000    5.78427E-03
   8    2.69231E-02   -1.80000E-02    7.35494    27.1690    1.00000    5.48750E-03
   8    2.69231E-02   -1.60000E-02    7.22170    27.7857    1.00000    5.33347E-03
   8    2.69231E-02   -1.40000E-02    6.99397    28.6152    1.00000    5.04968E-03
   8    2.69231E-02   -1.20000E-02    6.79227    29.3460    1.00000    4.79564E-03
   8    2.69231E-02   -1.00000E-02    6.48261    30.2871    1.00000    4.40507E-03
   8    2.69231E-02   -8.00000E-03    6.24589    31.0990    1.00000    4.11125E-03
   8    2.69231E-02   -6.00000E-03    6.04860    31.7815    1.00000    3.86957E-03
   8    2.69231E-02   -4.00000E-03    5.76528    32.6647    1.00000    3.53151E-03
   8    2.69231E-02   -2.00000E-03    5.54023    33.4119    1.00000    3.26963E-03
   8    2.69231E-02  0.    5.21977    34.3478    1.00000    2.91323E-03
   8    2.69231E-02    2.00000E-03    4.96203    35.1371    1.00000    2.63800E-03
   8    2.69231E-02    4.00000E-03    4.69396    35.9518    1.00000    2.36446E-03
   8    2.69231E-02    6.00000E-03    4.49054    36.6129    1.00000    2.16459E-03
   8    2.69231E-02    8.00000E-03    4.20180    37.4778    1.00000    1.89671E-03
   8    2.69231E-02    1.00000E-02    3.90180    38.3363    1.00000    1.63697E-03
   8    2.69231E-02    1.20000E-02    3.66996    39.0661    1.00000    1.44724E-03
   8    2.69231E-02    1.40000E-02    3.43073    39.7797    1.00000    1.26418E-03
   8    2.69231E-02    1.60000E-02    3.10628    40.7006    1.00000    1.03615E-03
   8    2.69231E-02    1.80000E-02    2.85231    41.4515    1.00000    8.72772E-04
   8    2.69231E-02    2.00000E-02    2.59106    42.2206    1.00000    7.19300E-04
   8    2.69231E-02    2.20000E-02    2.32998    42.9572    1.00000    5.81094E-04
   8    2.69231E-02    2.40000E-02    2.38974    43.2397    1.00000    5.76366E-04
   8    2.69231E-02    2.60000E-02    2.39384    43.6061    1.00000    5.50492E-04
   8    2.69231E-02    2.80000E-02    2.40536    43.9257    1.00000    5.29126E-04
   8    2.69231E-02    3.00000E-02    2.76115    43.7170    1.00000    6.25860E-04
   8    2.69231E-02    3.20000E-02    2.86440    43.8056    1.00000    6.40683E-04
   8    2.69231E-02    3.40000E-02    3.24335    43.4795    1.00000    7.36650E-04
   8    2.69231E-02    3.60000E-02    3.26425    43.7831    1.00000    7.08971E-04
   8    2.69231E-02    3.80000E-02    4.63553    41.4514    1.00000    1.09283E-03
   8    2.69231E-02    4.00000E-02    6.27943    38.1620    1.00000    1.44280E-03
   8    2.69231E-02    4.20000E-02    8.04441    34.0133    1.00000    1.55284E-03
   8    2.69231E-02    4.40000E-02    9.24961    30.7563    1.00000    1.35108E-03
   8    2.69231E-02    4.60000E-02    9.77934    28.9709    1.00000    8.11327E-04
   8    2.69231E-02    4.80000E-02    11.7085    23.6083    1.00000    6.51252E-04
   8    2.69231E-02    5.00000E-02    16.2182    9.19458    1.00000    5.21622E-04
   8    3.07692E-02   -4.80000E-02   -23.8198    7.02051    1.00000    1.31043E-05
   8    3.07692E-02   -4.60000E-02   -53.4873   -6.44968    1.00000    1.45546E-05
   8    3.07692E-02   -4.40000E-02    189.557    76.0821    1.00000    3.54589E-04
   8    3.07692E-02   -4.20000E-02    31.9859    20.4015    1.00000    1.61474E-03
   8    3.07692E-02   -4.00000E-02    17.6598    11.6178    1.00000    4.27153E-03
   8    3.07692E-02   -3.80000E-02    8.48203    22.2039    1.00000    6.38509E-03
   8    3.07692E-02   -3.60000E-02    8.07308    23.2624    1.00000    5.97302E-03
   8    3.07692E-02   -3.40000E-02    8.05018    23.7797    1.00000    6.07941E-03
   8    3.07692E-02   -3.20000E-02    7.97672    24.4010    1.00000    6.09779E-03
   8    3.07692E-02   -3.00000E-02    7.88610    25.0133    1.00000    6.06188E-03
   8    3.07692E-02   -2.80000E-02    7.75596    25.7089    1.00000    5.95493E-03
   8    3.07692E-02   -2.60000E-02    7.52635    26.5442    1.00000    5.69129E-03
   8    3.07692E-02   -2.40000E-02    7.36906    27.2557    1.00000    5.51478E-03
   8    3.07692E-02   -2.20000E-02    7.13191    28.0678    1.00000    5.22002E-03
   8    3.07692E-02   -2.00000E-02    6.96841    28.7507    1.00000    5.01882E-03
   8    3.07692E-02   -1.80000E-02    6.69084    29.6553    1.00000    4.66701E-03
   8    3.07692E-02   -1.60000E-02    6.46508    30.4412    1.00000    4.38325E-03
   8    3.07692E-02   -1.40000E-02    6.20560    31.2675    1.00000    4.06133E-03
   8    3.07692E-02   -1.20000E-02    5.93169    32.1282    1.00000    3.72913E-03
   8    3.07692E-02   -1.00000E-02    5.71595    32.8536    1.00000    3.47295E-03
   8    3.07692E-02   -8.00000E-03    5.47705    33.5967    1.00000    3.19805E-03
   8    3.07692E-02   -6.00000E-03    5.16222    34.5558    1.00000    2.84991E-03
   8    3.07692E-02   -4.00000E-03    4.90073    35.3540    1.00000    2.57345E-03
   8    3.07692E-02   -2.00000E-03    4.62875    36.1778    1.00000    2.29914E-03
   8    3.07692E-02  0.    4.41862    36.8196    1.00000    2.09658E-03
   8    3.07692E-02    2.00000E-03    4.12758    37.6904    1.00000    1.83077E-03
   8    3.07692E-02    4.00000E-03    3.90218    38.3698    1.00000    1.63644E-03
   8    3.07692E-02    6.00000E-03    3.59154    39.2894    1.00000    1.38615E-03
   8    3.07692E-02    8.00000E-03    3.35045    40.0077    1.00000    1.20570E-03
   8    3.07692E-02    1.00000E-02    3.10228    40.7437    1.00000    1.03292E-03
   8    3.07692E-02    1.20000E-02    2.85231    41.4515    1.00000    8.72772E-04
   8    3.07692E-02    1.40000E-02    2.59106    42.2206    1.00000    7.19300E-04
   8    3.07692E-02    1.60000E-02    2.32239    43.0084    1.00000    5.76982E-04
   8    3.07692E-02    1.80000E-02    2.05520    43.7608    1.00000    4.51315E-04
   8    3.07692E-02    2.00000E-02    1.77278    44.5838    1.00000    3.35112E-04
   8    3.07692E-02    2.20000E-02    1.57644    45.1633    1.00000    2.64538E-04
   8    3.07692E-02    2.40000E-02    1.63529    45.4406    1.00000    2.68369E-04
   8    3.07692E-02    2.60000E-02    1.63704    45.8039    1.00000    2.55929E-04
   8    3.07692E-02    2.80000E-02    2.08041    45.3823    1.00000    3.71252E-04
   8    3.07692E-02    3.00000E-02    2.08746    45.7375    1.00000    3.55356E-04
   8    3.07692E-02    3.20000E-02    2.18442    45.8644    1.00000    3.69943E-04
   8    3.07692E-02    3.40000E-02    2.56431    45.5817    1.00000    4.56891E-04
   8    3.07692E-02    3.60000E-02    2.67033    45.6824    1.00000    4.70650E-04
   8    3.07692E-02    3.80000E-02    4.08529    43.3376    1.00000    8.42161E-04
   8    3.07692E-02    4.00000E-02    6.09299    39.2360    1.00000    1.28276E-03
   8    3.07692E-02    4.20000E-02    7.78074    35.2573    1.00000    1.45425E-03
   8    3.07692E-02    4.40000E-02    9.34031    31.0257    1.00000    1.28211E-03
   8    3.07692E-02    4.60000E-02    9.91827    29.1279    1.00000    8.64140E-04
   8    3.07692E-02    4.80000E-02    11.2057    25.4427    1.00000    6.09197E-04
   8    3.07692E-02    5.00000E-02    16.2438    9.18008    1.00000    4.93768E-04
