   2   -3.07692E-02   -4.80000E-02   -18.0651   0.264137    1.00000    4.80600E-09
   2   -3.07692E-02   -4.60000E-02   -18.0541    7.79169E-03    1.00000    2.18589E-10
   2   -3.07692E-02   -4.40000E-02   -18.0433    2.31458E-03    1.00000    1.58077E-10
   2   -3.07692E-02   -4.20000E-02   -17.7799  -0.804194    1.00000    6.97109E-05
   2   -3.07692E-02   -4.00000E-02   -14.4860   -8.85772    1.00000    6.55737E-03
   2   -3.07692E-02   -3.80000E-02   -14.3212   -9.22112    1.00000    6.77928E-03
   2   -3.07692E-02   -3.60000E-02   -14.2981   -9.30019    1.00000    6.74757E-03
   2   -3.07692E-02   -3.40000E-02   -14.2762   -9.37725    1.00000    6.71135E-03
   2   -3.07692E-02   -3.20000E-02   -14.2455   -9.48938    1.00000    6.64939E-03
   2   -3.07692E-02   -3.00000E-02   -14.2266   -9.56152    1.00000    6.60277E-03
   2   -3.07692E-02   -2.80000E-02   -14.2090   -9.63166    1.00000    6.55224E-03
   2   -3.07692E-02   -2.60000E-02   -14.1927   -9.69953    1.00000    6.49755E-03
   2   -3.07692E-02   -2.40000E-02   -9.97884   -17.1289    1.00000    6.43897E-03
   2   -3.07692E-02   -2.20000E-02   -9.80372   -17.5009    1.00000    6.34360E-03
   2   -3.07692E-02   -2.00000E-02   -9.68597   -17.7512    1.00000    6.27532E-03
   2   -3.07692E-02   -1.80000E-02   -9.56727   -18.0034    1.00000    6.20322E-03
   2   -3.07692E-02   -1.60000E-02   -9.44771   -18.2574    1.00000    6.12747E-03
   2   -3.07692E-02   -1.40000E-02   -9.32717   -18.5135    1.00000    6.04797E-03
   2   -3.07692E-02   -1.20000E-02   -9.26658   -18.6423    1.00000    6.00697E-03
   2   -3.07692E-02   -1.00000E-02   -9.14468   -18.9013    1.00000    5.92224E-03
   2   -3.07692E-02   -8.00000E-03   -9.02183   -19.1623    1.00000    5.83406E-03
   2   -3.07692E-02   -6.00000E-03   -8.89813   -19.4252    1.00000    5.74273E-03
   2   -3.07692E-02   -4.00000E-03   -8.77335   -19.6903    1.00000    5.64798E-03
   2   -3.07692E-02   -2.00000E-03   -8.64768   -19.9573    1.00000    5.55028E-03
   2   -3.07692E-02  0.   -8.58446   -20.0917    1.00000    5.50023E-03
   2   -3.07692E-02    2.00000E-03   -8.45727   -20.3619    1.00000    5.39793E-03
   2   -3.07692E-02    4.00000E-03   -8.32908   -20.6343    1.00000    5.29280E-03
   2   -3.07692E-02    6.00000E-03   -8.26466   -20.7712    1.00000    5.23921E-03
   2   -3.07692E-02    8.00000E-03   -8.13494   -21.0468    1.00000    5.12997E-03
   2   -3.07692E-02    1.00000E-02   -8.00422   -21.3246    1.00000    5.01819E-03
   2   -3.07692E-02    1.20000E-02   -7.93849   -21.4642    1.00000    4.96142E-03
   2   -3.07692E-02    1.40000E-02   -7.67712   -22.0659    1.00000    4.75449E-03
   2   -3.07692E-02    1.60000E-02   -6.57107   -24.5110    1.00000    3.77039E-03
   2   -3.07692E-02    1.80000E-02   -5.60737   -26.6564    1.00000    2.90258E-03
   2   -3.07692E-02    2.00000E-02   -4.81961   -28.4297    1.00000    2.22792E-03
   2   -3.07692E-02    2.20000E-02   -4.54217   -29.6788    1.00000    1.75992E-03
   2   -3.07692E-02    2.40000E-02   -4.64741   -30.5972    1.00000    1.63409E-03
   2   -3.07692E-02    2.60000E-02   -4.85056   -31.3193    1.00000    1.56512E-03
   2   -3.07692E-02    2.80000E-02   -4.41022   -33.0867    1.00000    1.23040E-03
   2   -3.07692E-02    3.00000E-02   -4.82570   -33.4065    1.00000    1.29475E-03
   2   -3.07692E-02    3.20000E-02   -5.17673   -33.8709    1.00000    1.30585E-03
   2   -3.07692E-02    3.40000E-02   -4.91778   -35.2160    1.00000    1.11913E-03
   2   -3.07692E-02    3.60000E-02   -5.30993   -35.6312    1.00000    1.15042E-03
   2   -3.07692E-02    3.80000E-02  -10.52330   -32.7611    1.00000    2.08045E-03
   2   -3.07692E-02    4.00000E-02   -15.8020   -32.1018    1.00000    2.18978E-03
   2   -3.07692E-02    4.20000E-02   -23.9440   -31.1338    1.00000    1.85886E-03
   2   -3.07692E-02    4.40000E-02   -36.0196   -32.2138    1.00000    1.36455E-03
   2   -3.07692E-02    4.60000E-02   -49.0882   -43.7033    1.00000    9.17224E-04
   2   -3.07692E-02    4.80000E-02   -72.5290   -67.5848    1.00000    6.11678E-04
   2   -3.07692E-02    5.00000E-02   -144.273   -136.090    1.00000    3.91662E-04
   2   -2.69231E-02   -4.80000E-02   -18.0534   -1.14796E-02    1.00000    2.00882E-11
   2   -2.69231E-02   -4.60000E-02   -18.0661    7.05348E-02    1.00000    2.52144E-08
   2   -2.69231E-02   -4.40000E-02   -18.0316   -3.95376E-02    1.00000    5.25960E-08
   2   -2.69231E-02   -4.20000E-02   -17.2009   -2.50459    1.00000    5.79075E-04
   2   -2.69231E-02   -4.00000E-02   -14.2554   -9.45252    1.00000    6.67113E-03
   2   -2.69231E-02   -3.80000E-02   -14.2266   -9.56152    1.00000    6.60277E-03
   2   -2.69231E-02   -3.60000E-02   -14.2090   -9.63166    1.00000    6.55224E-03
   2   -2.69231E-02   -3.40000E-02   -14.1851   -9.73265    1.00000    6.46875E-03
   2   -2.69231E-02   -3.20000E-02   -9.92061   -17.2526    1.00000    6.40807E-03
   2   -2.69231E-02   -3.00000E-02   -9.80372   -17.5009    1.00000    6.34360E-03
   2   -2.69231E-02   -2.80000E-02   -9.68597   -17.7512    1.00000    6.27532E-03
   2   -2.69231E-02   -2.60000E-02   -9.50760   -18.1302    1.00000    6.16580E-03
   2   -2.69231E-02   -2.40000E-02   -9.38754   -18.3853    1.00000    6.08816E-03
   2   -2.69231E-02   -2.20000E-02   -9.26658   -18.6423    1.00000    6.00697E-03
   2   -2.69231E-02   -2.00000E-02   -9.14468   -18.9013    1.00000    5.92224E-03
   2   -2.69231E-02   -1.80000E-02   -9.02183   -19.1623    1.00000    5.83406E-03
   2   -2.69231E-02   -1.60000E-02   -8.89813   -19.4252    1.00000    5.74273E-03
   2   -2.69231E-02   -1.40000E-02   -8.77335   -19.6903    1.00000    5.64798E-03
   2   -2.69231E-02   -1.20000E-02   -8.64768   -19.9573    1.00000    5.55028E-03
   2   -2.69231E-02   -1.00000E-02   -8.52097   -20.2266    1.00000    5.44944E-03
   2   -2.69231E-02   -8.00000E-03   -8.39332   -20.4978    1.00000    5.34579E-03
   2   -2.69231E-02   -6.00000E-03   -8.26466   -20.7712    1.00000    5.23921E-03
   2   -2.69231E-02   -4.00000E-03   -8.13494   -21.0468    1.00000    5.12997E-03
   2   -2.69231E-02   -2.00000E-03   -8.06972   -21.1854    1.00000    5.07443E-03
   2   -2.69231E-02  0.   -7.93849   -21.4642    1.00000    4.96142E-03
   2   -2.69231E-02    2.00000E-03   -7.80614   -21.7454    1.00000    4.84592E-03
   2   -2.69231E-02    4.00000E-03   -7.88476   -21.7167    1.00000    4.98618E-03
   2   -2.69231E-02    6.00000E-03   -7.95666   -21.6554    1.00000    5.09767E-03
   2   -2.69231E-02    8.00000E-03   -7.95995   -21.7397    1.00000    5.14673E-03
   2   -2.69231E-02    1.00000E-02   -7.96096   -21.8285    1.00000    5.19240E-03
   2   -2.69231E-02    1.20000E-02   -8.02676   -21.7788    1.00000    5.29863E-03
   2   -2.69231E-02    1.40000E-02   -8.02351   -21.8760    1.00000    5.33884E-03
   2   -2.69231E-02    1.60000E-02   -8.08531   -21.8339    1.00000    5.44140E-03
   2   -2.69231E-02    1.80000E-02   -8.07803   -21.9391    1.00000    5.47615E-03
   2   -2.69231E-02    2.00000E-02   -8.13061   -21.9603    1.00000    5.58976E-03
   2   -2.69231E-02    2.20000E-02   -8.14402   -22.0940    1.00000    5.19354E-03
   2   -2.69231E-02    2.40000E-02   -6.97087   -25.0385    1.00000    3.47389E-03
   2   -2.69231E-02    2.60000E-02   -6.96969   -26.2491    1.00000    3.11247E-03
   2   -2.69231E-02    2.80000E-02   -7.03487   -27.3315    1.00000    2.81092E-03
   2   -2.69231E-02    3.00000E-02   -6.44908   -29.4339    1.00000    2.27172E-03
   2   -2.69231E-02    3.20000E-02   -6.76336   -30.0128    1.00000    2.23082E-03
   2   -2.69231E-02    3.40000E-02   -6.28462   -31.8612    1.00000    1.82721E-03
   2   -2.69231E-02    3.60000E-02   -6.62064   -32.3873    1.00000    1.79201E-03
   2   -2.69231E-02    3.80000E-02   -10.8401   -30.5449    1.00000    2.44203E-03
   2   -2.69231E-02    4.00000E-02   -16.5852   -29.1751    1.00000    2.41823E-03
   2   -2.69231E-02    4.20000E-02   -23.9151   -29.1450    1.00000    2.00712E-03
   2   -2.69231E-02    4.40000E-02   -36.7536   -28.8518    1.00000    1.35362E-03
   2   -2.69231E-02    4.60000E-02   -48.0608   -40.9336    1.00000    9.85739E-04
   2   -2.69231E-02    4.80000E-02   -70.9509   -62.9880    1.00000    6.55181E-04
   2   -2.69231E-02    5.00000E-02   -138.987   -124.917    1.00000    3.92165E-04
   2   -2.30769E-02   -4.80000E-02   -18.0537    9.42287E-02    1.00000    2.77496E-09
   2   -2.30769E-02   -4.60000E-02   -18.0426   -8.13689E-03    1.00000    4.10316E-10
   2   -2.30769E-02   -4.40000E-02   -18.0552    2.35696E-02    1.00000    2.13116E-08
   2   -2.30769E-02   -4.20000E-02   -16.6610   -4.08004    1.00000    1.31801E-03
   2   -2.30769E-02   -4.00000E-02  -10.55255   -16.3024    1.00000    7.15636E-03
   2   -2.30769E-02   -3.80000E-02  -10.44190   -16.5815    1.00000    7.14849E-03
   2   -2.30769E-02   -3.60000E-02  -10.32666   -16.8273    1.00000    7.08634E-03
   2   -2.30769E-02   -3.40000E-02  -10.15234   -17.1993    1.00000    6.98572E-03
   2   -2.30769E-02   -3.20000E-02  -10.03495   -17.4497    1.00000    6.91351E-03
   2   -2.30769E-02   -3.00000E-02   -9.91667   -17.7020    1.00000    6.83730E-03
   2   -2.30769E-02   -2.80000E-02   -9.73752   -18.0842    1.00000    6.71570E-03
   2   -2.30769E-02   -2.60000E-02   -9.67913   -18.2525    1.00000    6.71197E-03
   2   -2.30769E-02   -2.40000E-02   -9.55788   -18.5113    1.00000    6.62284E-03
   2   -2.30769E-02   -2.20000E-02   -9.43580   -18.7718    1.00000    6.53024E-03
   2   -2.30769E-02   -2.00000E-02   -9.31270   -19.0346    1.00000    6.43404E-03
   2   -2.30769E-02   -1.80000E-02   -9.18862   -19.2994    1.00000    6.33433E-03
   2   -2.30769E-02   -1.60000E-02   -9.12663   -19.4758    1.00000    6.31485E-03
   2   -2.30769E-02   -1.40000E-02   -8.93767   -19.8792    1.00000    6.15461E-03
   2   -2.30769E-02   -1.20000E-02   -8.81044   -20.1509    1.00000    6.04370E-03
   2   -2.30769E-02   -1.00000E-02   -8.74647   -20.2875    1.00000    5.98721E-03
   2   -2.30769E-02   -8.00000E-03   -8.61771   -20.5624    1.00000    5.87189E-03
   2   -2.30769E-02   -6.00000E-03   -8.48796   -20.8394    1.00000    5.75367E-03
   2   -2.30769E-02   -4.00000E-03   -8.42144   -21.0261    1.00000    5.71700E-03
   2   -2.30769E-02   -2.00000E-03   -8.28987   -21.3071    1.00000    5.59345E-03
   2   -2.30769E-02  0.   -8.15723   -21.5904    1.00000    5.46733E-03
   2   -2.30769E-02    2.00000E-03   -8.02351   -21.8760    1.00000    5.33884E-03
   2   -2.30769E-02    4.00000E-03   -8.08531   -21.8339    1.00000    5.44140E-03
   2   -2.30769E-02    6.00000E-03   -8.07803   -21.9391    1.00000    5.47615E-03
   2   -2.30769E-02    8.00000E-03   -8.13061   -21.9603    1.00000    5.58976E-03
   2   -2.30769E-02    1.00000E-02   -8.11823   -22.0757    1.00000    5.61674E-03
   2   -2.30769E-02    1.20000E-02   -8.17137   -22.0502    1.00000    5.71024E-03
   2   -2.30769E-02    1.40000E-02   -8.15505   -22.1734    1.00000    5.73116E-03
   2   -2.30769E-02    1.60000E-02   -8.20448   -22.1551    1.00000    5.82030E-03
   2   -2.30769E-02    1.80000E-02   -8.18438   -22.2859    1.00000    5.83516E-03
   2   -2.30769E-02    2.00000E-02   -8.16226   -22.4210    1.00000    5.84623E-03
   2   -2.30769E-02    2.20000E-02   -8.20620   -22.4134    1.00000    5.92823E-03
   2   -2.30769E-02    2.40000E-02   -8.32380   -22.6472    1.00000    4.83047E-03
   2   -2.30769E-02    2.60000E-02   -8.46994   -22.9161    1.00000    4.47569E-03
   2   -2.30769E-02    2.80000E-02   -8.94196   -22.6825    1.00000    4.21795E-03
   2   -2.30769E-02    3.00000E-02   -8.36866   -24.8657    1.00000    3.63557E-03
   2   -2.30769E-02    3.20000E-02   -8.50947   -25.8770    1.00000    3.36975E-03
   2   -2.30769E-02    3.40000E-02   -7.97098   -27.9564    1.00000    2.85180E-03
   2   -2.30769E-02    3.60000E-02   -8.18328   -28.7597    1.00000    2.63786E-03
   2   -2.30769E-02    3.80000E-02   -11.7438   -27.4609    1.00000    2.86512E-03
   2   -2.30769E-02    4.00000E-02   -16.6585   -27.2466    1.00000    2.67698E-03
   2   -2.30769E-02    4.20000E-02   -23.5934   -27.4622    1.00000    2.17101E-03
   2   -2.30769E-02    4.40000E-02   -36.5016   -26.6413    1.00000    1.41368E-03
   2   -2.30769E-02    4.60000E-02   -47.8850   -37.8277    1.00000    9.80897E-04
   2   -2.30769E-02    4.80000E-02   -70.0016   -58.4819    1.00000    6.60519E-04
   2   -2.30769E-02    5.00000E-02   -135.074   -115.250    1.00000    4.16450E-04
   2   -1.92308E-02   -4.80000E-02   -18.0420   -3.64398E-02    1.00000    6.14865E-10
   2   -1.92308E-02   -4.60000E-02   -18.0311   -6.79782E-02    1.00000    3.46945E-08
   2   -1.92308E-02   -4.40000E-02   -18.0435   -1.64364E-02    1.00000    1.17216E-08
   2   -1.92308E-02   -4.20000E-02   -16.1501   -5.52065    1.00000    2.02941E-03
   2   -1.92308E-02   -4.00000E-02   -10.9403   -16.1440    1.00000    8.08529E-03
   2   -1.92308E-02   -3.80000E-02   -10.7703   -16.5095    1.00000    7.98869E-03
   2   -1.92308E-02   -3.60000E-02   -10.7080   -16.6848    1.00000    7.99127E-03
   2   -1.92308E-02   -3.40000E-02  -10.53512   -17.0566    1.00000    7.87944E-03
   2   -1.92308E-02   -3.20000E-02  -10.41878   -17.3069    1.00000    7.79962E-03
   2   -1.92308E-02   -3.00000E-02  -10.30147   -17.5592    1.00000    7.71546E-03
   2   -1.92308E-02   -2.80000E-02  -10.12382   -17.9413    1.00000    7.58164E-03
   2   -1.92308E-02   -2.60000E-02  -10.00420   -18.1986    1.00000    7.48746E-03
   2   -1.92308E-02   -2.40000E-02   -9.93743   -18.3842    1.00000    7.46580E-03
   2   -1.92308E-02   -2.20000E-02   -9.75523   -18.7762    1.00000    7.31217E-03
   2   -1.92308E-02   -2.00000E-02   -9.63246   -19.0403    1.00000    7.20498E-03
   2   -1.92308E-02   -1.80000E-02   -9.50874   -19.3065    1.00000    7.09426E-03
   2   -1.92308E-02   -1.60000E-02   -9.38394   -19.5749    1.00000    6.97988E-03
   2   -1.92308E-02   -1.40000E-02   -9.25819   -19.8454    1.00000    6.86219E-03
   2   -1.92308E-02   -1.20000E-02   -9.13135   -20.1181    1.00000    6.74114E-03
   2   -1.92308E-02   -1.00000E-02   -9.05952   -20.3156    1.00000    6.69626E-03
   2   -1.92308E-02   -8.00000E-03   -8.93096   -20.5922    1.00000    6.56921E-03
   2   -1.92308E-02   -6.00000E-03   -8.80132   -20.8711    1.00000    6.43912E-03
   2   -1.92308E-02   -4.00000E-03   -8.67062   -21.1523    1.00000    6.30619E-03
   2   -1.92308E-02   -2.00000E-03   -8.53881   -21.4359    1.00000    6.17052E-03
   2   -1.92308E-02  0.   -8.40596   -21.7217    1.00000    6.03234E-03
   2   -1.92308E-02    2.00000E-03   -8.39638   -21.7859    1.00000    6.04182E-03
   2   -1.92308E-02    4.00000E-03   -8.26224   -22.0746    1.00000    5.90008E-03
   2   -1.92308E-02    6.00000E-03   -8.18438   -22.2859    1.00000    5.83516E-03
   2   -1.92308E-02    8.00000E-03   -8.16226   -22.4210    1.00000    5.84623E-03
   2   -1.92308E-02    1.00000E-02   -8.26131   -22.3378    1.00000    6.00564E-03
   2   -1.92308E-02    1.20000E-02   -8.23475   -22.4818    1.00000    6.00968E-03
   2   -1.92308E-02    1.40000E-02   -8.20624   -22.6299    1.00000    6.00990E-03
   2   -1.92308E-02    1.60000E-02   -8.24391   -22.6344    1.00000    6.08362E-03
   2   -1.92308E-02    1.80000E-02   -8.21176   -22.7900    1.00000    6.07730E-03
   2   -1.92308E-02    2.00000E-02   -8.17767   -22.9496    1.00000    6.06714E-03
   2   -1.92308E-02    2.20000E-02   -8.21026   -22.9643    1.00000    6.13319E-03
   2   -1.92308E-02    2.40000E-02   -8.36390   -23.0270    1.00000    5.48946E-03
   2   -1.92308E-02    2.60000E-02   -8.56791   -23.2052    1.00000    5.17590E-03
   2   -1.92308E-02    2.80000E-02   -8.76429   -23.3542    1.00000    4.56483E-03
   2   -1.92308E-02    3.00000E-02   -8.93539   -23.6082    1.00000    4.29420E-03
   2   -1.92308E-02    3.20000E-02   -9.29831   -23.6496    1.00000    3.88151E-03
   2   -1.92308E-02    3.40000E-02  -10.43842   -22.6536    1.00000    4.13487E-03
   2   -1.92308E-02    3.60000E-02   -9.75515   -25.1046    1.00000    3.56944E-03
   2   -1.92308E-02    3.80000E-02   -11.9066   -25.5028    1.00000    3.12079E-03
   2   -1.92308E-02    4.00000E-02   -16.9911   -25.0437    1.00000    2.92408E-03
   2   -1.92308E-02    4.20000E-02   -26.5118   -22.1533    1.00000    2.18730E-03
   2   -1.92308E-02    4.40000E-02   -36.0835   -24.5514    1.00000    1.48688E-03
   2   -1.92308E-02    4.60000E-02   -47.1879   -35.1581    1.00000    1.04051E-03
   2   -1.92308E-02    4.80000E-02   -69.6096   -54.4772    1.00000    6.87951E-04
   2   -1.92308E-02    5.00000E-02   -131.078   -106.330    1.00000    4.40697E-04
   2   -1.53846E-02   -5.00000E-02   -18.0442  -0.378682    1.00000    3.91668E-12
   2   -1.53846E-02   -4.80000E-02   -18.0418   -8.41434E-02    1.00000    3.87907E-09
   2   -1.53846E-02   -4.60000E-02   -18.0308   -9.18730E-02    1.00000    6.89761E-08
   2   -1.53846E-02   -4.40000E-02   -18.0671    5.88329E-02    1.00000    1.60935E-07
   2   -1.53846E-02   -4.20000E-02   -15.6961   -6.87746    1.00000    2.60969E-03
   2   -1.53846E-02   -4.00000E-02   -11.2336   -16.1875    1.00000    8.92249E-03
   2   -1.53846E-02   -3.80000E-02   -11.0672   -16.5495    1.00000    8.81785E-03
   2   -1.53846E-02   -3.60000E-02   -10.9551   -16.7933    1.00000    8.74219E-03
   2   -1.53846E-02   -3.40000E-02   -10.7851   -17.1628    1.00000    8.62036E-03
   2   -1.53846E-02   -3.20000E-02   -10.6705   -17.4119    1.00000    8.53342E-03
   2   -1.53846E-02   -3.00000E-02  -10.49681   -17.7894    1.00000    8.39487E-03
   2   -1.53846E-02   -2.80000E-02  -10.37986   -18.0435    1.00000    8.29728E-03
   2   -1.53846E-02   -2.60000E-02  -10.26181   -18.2999    1.00000    8.19537E-03
   2   -1.53846E-02   -2.40000E-02  -10.12865   -18.6295    1.00000    8.10360E-03
   2   -1.53846E-02   -2.20000E-02  -10.00846   -18.8906    1.00000    7.99236E-03
   2   -1.53846E-02   -2.00000E-02   -9.88722   -19.1540    1.00000    7.87704E-03
   2   -1.53846E-02   -1.80000E-02   -9.76494   -19.4196    1.00000    7.75814E-03
   2   -1.53846E-02   -1.60000E-02   -9.64164   -19.6874    1.00000    7.63546E-03
   2   -1.53846E-02   -1.40000E-02   -9.51724   -19.9575    1.00000    7.50927E-03
   2   -1.53846E-02   -1.20000E-02   -9.39173   -20.2300    1.00000    7.37950E-03
   2   -1.53846E-02   -1.00000E-02   -9.20141   -20.6431    1.00000    7.17872E-03
   2   -1.53846E-02   -8.00000E-03   -9.12186   -20.8574    1.00000    7.11333E-03
   2   -1.53846E-02   -6.00000E-03   -9.05752   -20.9972    1.00000    7.04340E-03
   2   -1.53846E-02   -4.00000E-03   -8.92802   -21.2783    1.00000    6.90144E-03
   2   -1.53846E-02   -2.00000E-03   -8.79730   -21.5621    1.00000    6.75645E-03
   2   -1.53846E-02  0.   -8.66552   -21.8482    1.00000    6.60886E-03
   2   -1.53846E-02    2.00000E-03   -8.53256   -22.1367    1.00000    6.45861E-03
   2   -1.53846E-02    4.00000E-03   -8.39845   -22.4278    1.00000    6.30605E-03
   2   -1.53846E-02    6.00000E-03   -8.26308   -22.7215    1.00000    6.15100E-03
   2   -1.53846E-02    8.00000E-03   -8.24594   -22.8015    1.00000    6.14603E-03
   2   -1.53846E-02    1.00000E-02   -8.21026   -22.9643    1.00000    6.13319E-03
   2   -1.53846E-02    1.20000E-02   -8.22164   -23.0672    1.00000    6.18750E-03
   2   -1.53846E-02    1.40000E-02   -8.18152   -23.2394    1.00000    6.16613E-03
   2   -1.53846E-02    1.60000E-02   -8.20799   -23.2662    1.00000    6.22297E-03
   2   -1.53846E-02    1.80000E-02   -8.16443   -23.4456    1.00000    6.19501E-03
   2   -1.53846E-02    2.00000E-02   -8.11910   -23.6289    1.00000    6.16328E-03
   2   -1.53846E-02    2.20000E-02   -8.14066   -23.6657    1.00000    6.21199E-03
   2   -1.53846E-02    2.40000E-02   -8.24866   -23.7172    1.00000    5.87978E-03
   2   -1.53846E-02    2.60000E-02   -8.49198   -23.8307    1.00000    5.61978E-03
   2   -1.53846E-02    2.80000E-02   -8.78490   -23.8209    1.00000    5.10289E-03
   2   -1.53846E-02    3.00000E-02   -9.00231   -24.0072    1.00000    4.86497E-03
   2   -1.53846E-02    3.20000E-02   -9.08546   -24.3948    1.00000    4.18373E-03
   2   -1.53846E-02    3.40000E-02   -9.24686   -24.6409    1.00000    3.66618E-03
   2   -1.53846E-02    3.60000E-02   -9.68095   -24.6004    1.00000    3.65584E-03
   2   -1.53846E-02    3.80000E-02   -12.2464   -23.2096    1.00000    3.42908E-03
   2   -1.53846E-02    4.00000E-02   -17.2499   -22.9609    1.00000    3.12207E-03
   2   -1.53846E-02    4.20000E-02   -26.3574   -20.3717    1.00000    2.32147E-03
   2   -1.53846E-02    4.40000E-02   -35.9427   -22.4492    1.00000    1.52232E-03
   2   -1.53846E-02    4.60000E-02   -47.0093   -32.4930    1.00000    1.07552E-03
   2   -1.53846E-02    4.80000E-02   -67.8883   -50.8182    1.00000    7.29657E-04
   2   -1.53846E-02    5.00000E-02   -127.063   -98.1249    1.00000    4.64841E-04
   2   -1.15385E-02   -5.00000E-02   -18.0409  -0.838621    1.00000    9.36448E-11
   2   -1.15385E-02   -4.80000E-02   -18.0301  -0.183931    1.00000    2.61472E-08
   2   -1.15385E-02   -4.60000E-02   -18.0545  0.    1.00000    2.00000
   2   -1.15385E-02   -4.40000E-02   -17.7537   -1.06892    1.00000    4.77603E-05
   2   -1.15385E-02   -4.20000E-02   -15.3001   -8.10648    1.00000    3.02092E-03
   2   -1.15385E-02   -4.00000E-02   -11.3499   -16.5385    1.00000    9.50660E-03
   2   -1.15385E-02   -3.80000E-02   -11.2418   -16.7767    1.00000    9.43224E-03
   2   -1.15385E-02   -3.60000E-02   -11.0778   -17.1379    1.00000    9.31183E-03
   2   -1.15385E-02   -3.40000E-02   -10.9469   -17.4639    1.00000    9.23484E-03
   2   -1.15385E-02   -3.20000E-02   -10.8351   -17.7101    1.00000    9.14262E-03
   2   -1.15385E-02   -3.00000E-02   -10.6655   -18.0834    1.00000    8.99596E-03
   2   -1.15385E-02   -2.80000E-02  -10.55117   -18.3351    1.00000    8.89256E-03
   2   -1.15385E-02   -2.60000E-02  -10.43573   -18.5890    1.00000    8.78495E-03
   2   -1.15385E-02   -2.40000E-02  -10.26053   -18.9743    1.00000    8.61543E-03
   2   -1.15385E-02   -2.20000E-02  -10.14234   -19.2340    1.00000    8.49728E-03
   2   -1.15385E-02   -2.00000E-02  -10.02317   -19.4959    1.00000    8.37530E-03
   2   -1.15385E-02   -1.80000E-02   -9.90279   -19.7604    1.00000    8.24929E-03
   2   -1.15385E-02   -1.60000E-02   -9.72015   -20.1614    1.00000    8.05329E-03
   2   -1.15385E-02   -1.40000E-02   -9.63689   -20.3839    1.00000    7.98016E-03
   2   -1.15385E-02   -1.20000E-02   -9.51299   -20.6560    1.00000    7.84195E-03
   2   -1.15385E-02   -1.00000E-02   -9.38796   -20.9305    1.00000    7.70041E-03
   2   -1.15385E-02   -8.00000E-03   -9.26180   -21.2075    1.00000    7.55559E-03
   2   -1.15385E-02   -6.00000E-03   -9.13447   -21.4869    1.00000    7.40773E-03
   2   -1.15385E-02   -4.00000E-03   -9.00589   -21.7690    1.00000    7.25669E-03
   2   -1.15385E-02   -2.00000E-03   -8.87618   -22.0535    1.00000    7.10289E-03
   2   -1.15385E-02  0.   -8.74520   -22.3408    1.00000    6.94627E-03
   2   -1.15385E-02    2.00000E-03   -8.61308   -22.6304    1.00000    6.78718E-03
   2   -1.15385E-02    4.00000E-03   -8.47966   -22.9229    1.00000    6.62557E-03
   2   -1.15385E-02    6.00000E-03   -8.45598   -23.0162    1.00000    6.60901E-03
   2   -1.15385E-02    8.00000E-03   -8.32112   -23.3119    1.00000    6.44421E-03
   2   -1.15385E-02    1.00000E-02   -8.18502   -23.6103    1.00000    6.27738E-03
   2   -1.15385E-02    1.20000E-02   -8.09189   -23.8563    1.00000    6.17359E-03
   2   -1.15385E-02    1.40000E-02   -8.11016   -23.8996    1.00000    6.21684E-03
   2   -1.15385E-02    1.60000E-02   -8.10022   -24.0462    1.00000    6.23418E-03
   2   -1.15385E-02    1.80000E-02   -8.04578   -24.2489    1.00000    6.18464E-03
   2   -1.15385E-02    2.00000E-02   -8.05834   -24.3038    1.00000    6.21838E-03
   2   -1.15385E-02    2.20000E-02   -8.00051   -24.5139    1.00000    6.16218E-03
   2   -1.15385E-02    2.40000E-02   -7.99672   -24.6690    1.00000    6.04098E-03
   2   -1.15385E-02    2.60000E-02   -8.26709   -24.7334    1.00000    5.84317E-03
   2   -1.15385E-02    2.80000E-02   -8.63360   -24.5998    1.00000    5.44048E-03
   2   -1.15385E-02    3.00000E-02   -8.89933   -24.6943    1.00000    4.92279E-03
   2   -1.15385E-02    3.20000E-02   -9.07934   -24.9429    1.00000    4.65420E-03
   2   -1.15385E-02    3.40000E-02   -9.35463   -25.0129    1.00000    4.20626E-03
   2   -1.15385E-02    3.60000E-02   -9.58302   -25.2555    1.00000    3.98266E-03
   2   -1.15385E-02    3.80000E-02   -9.82086   -26.3012    1.00000    2.84070E-03
   2   -1.15385E-02    4.00000E-02   -21.4904   -15.5196    1.00000    3.12125E-03
   2   -1.15385E-02    4.20000E-02   -26.8385   -17.8922    1.00000    2.31141E-03
   2   -1.15385E-02    4.40000E-02   -36.1065   -20.0616    1.00000    1.51396E-03
   2   -1.15385E-02    4.60000E-02   -47.0345   -29.6337    1.00000    1.09221E-03
   2   -1.15385E-02    4.80000E-02   -68.4616   -46.3773    1.00000    7.02536E-04
   2   -1.15385E-02    5.00000E-02   -123.078   -90.5965    1.00000    4.88820E-04
   2   -7.69231E-03   -5.00000E-02   -18.0646   0.685979    1.00000    2.63263E-10
   2   -7.69231E-03   -4.80000E-02   -18.0301  -0.183931    1.00000    2.61472E-08
   2   -7.69231E-03   -4.60000E-02   -18.0545  0.    1.00000    2.00000
   2   -7.69231E-03   -4.40000E-02   -17.3059   -2.76413    1.00000    2.59413E-04
   2   -7.69231E-03   -4.20000E-02   -14.7017  -10.00841    1.00000    3.68244E-03
   2   -7.69231E-03   -4.00000E-02   -11.0578   -17.8017    1.00000    9.67643E-03
   2   -7.69231E-03   -3.80000E-02   -11.0578   -17.8017    1.00000    9.67643E-03
   2   -7.69231E-03   -3.60000E-02   -11.0578   -17.8017    1.00000    9.67643E-03
   2   -7.69231E-03   -3.40000E-02   -10.9770   -18.0180    1.00000    9.62529E-03
   2   -7.69231E-03   -3.20000E-02   -10.8686   -18.2606    1.00000    9.52891E-03
   2   -7.69231E-03   -3.00000E-02   -10.7038   -18.6288    1.00000    9.37566E-03
   2   -7.69231E-03   -2.80000E-02   -10.5926   -18.8773    1.00000    9.26789E-03
   2   -7.69231E-03   -2.60000E-02  -10.42366   -19.2545    1.00000    9.09810E-03
   2   -7.69231E-03   -2.40000E-02  -10.30953   -19.5091    1.00000    8.97945E-03
   2   -7.69231E-03   -2.20000E-02  -10.19430   -19.7660    1.00000    8.85676E-03
   2   -7.69231E-03   -2.00000E-02  -10.01916   -20.1562    1.00000    8.66495E-03
   2   -7.69231E-03   -1.80000E-02   -9.90095   -20.4194    1.00000    8.53221E-03
   2   -7.69231E-03   -1.60000E-02   -9.78155   -20.6852    1.00000    8.39568E-03
   2   -7.69231E-03   -1.40000E-02   -9.66099   -20.9534    1.00000    8.25551E-03
   2   -7.69231E-03   -1.20000E-02   -9.53920   -21.2242    1.00000    8.11182E-03
   2   -7.69231E-03   -1.00000E-02   -9.41617   -21.4976    1.00000    7.96466E-03
   2   -7.69231E-03   -8.00000E-03   -9.29191   -21.7737    1.00000    7.81414E-03
   2   -7.69231E-03   -6.00000E-03   -9.10323   -22.1927    1.00000    7.58257E-03
   2   -7.69231E-03   -4.00000E-03   -9.01043   -22.4379    1.00000    7.47836E-03
   2   -7.69231E-03   -2.00000E-03   -8.94651   -22.5799    1.00000    7.39848E-03
   2   -7.69231E-03  0.   -8.81774   -22.8658    1.00000    7.23671E-03
   2   -7.69231E-03    2.00000E-03   -8.68771   -23.1544    1.00000    7.07231E-03
   2   -7.69231E-03    4.00000E-03   -8.55636   -23.4458    1.00000    6.90543E-03
   2   -7.69231E-03    6.00000E-03   -8.42368   -23.7401    1.00000    6.73614E-03
   2   -7.69231E-03    8.00000E-03   -8.28971   -24.0371    1.00000    6.56480E-03
   2   -7.69231E-03    1.00000E-02   -8.15439   -24.3370    1.00000    6.39142E-03
   2   -7.69231E-03    1.20000E-02   -8.08623   -24.4881    1.00000    6.30401E-03
   2   -7.69231E-03    1.40000E-02   -7.94889   -24.7923    1.00000    6.12794E-03
   2   -7.69231E-03    1.60000E-02   -7.88616   -25.0132    1.00000    6.06199E-03
   2   -7.69231E-03    1.80000E-02   -7.85813   -25.1978    1.00000    6.04623E-03
   2   -7.69231E-03    2.00000E-02   -7.86050   -25.2738    1.00000    6.06210E-03
   2   -7.69231E-03    2.20000E-02   -7.79220   -25.5069    1.00000    5.98545E-03
   2   -7.69231E-03    2.40000E-02   -7.72219   -25.7440    1.00000    5.90552E-03
   2   -7.69231E-03    2.60000E-02   -7.91251   -25.8831    1.00000    5.83242E-03
   2   -7.69231E-03    2.80000E-02   -8.33443   -25.6533    1.00000    5.55611E-03
   2   -7.69231E-03    3.00000E-02   -8.66955   -25.6326    1.00000    5.14840E-03
   2   -7.69231E-03    3.20000E-02   -8.88772   -25.8172    1.00000    4.93037E-03
   2   -7.69231E-03    3.40000E-02   -9.27300   -25.7358    1.00000    4.53336E-03
   2   -7.69231E-03    3.60000E-02   -9.54296   -25.9199    1.00000    4.34461E-03
   2   -7.69231E-03    3.80000E-02  -10.04148   -26.3639    1.00000    3.39095E-03
   2   -7.69231E-03    4.00000E-02   -14.8586   -23.8066    1.00000    2.94592E-03
   2   -7.69231E-03    4.20000E-02   -26.7789   -16.2260    1.00000    2.34311E-03
   2   -7.69231E-03    4.40000E-02   -36.7547   -17.1735    1.00000    1.34697E-03
   2   -7.69231E-03    4.60000E-02   -46.9590   -26.9826    1.00000    1.09977E-03
   2   -7.69231E-03    4.80000E-02   -67.7230   -43.0918    1.00000    7.21783E-04
   2   -7.69231E-03    5.00000E-02   -124.841   -83.8861    1.00000    4.92869E-04
   2   -3.84615E-03   -5.00000E-02   -18.0168   -1.12850    1.00000    1.45915E-09
   2   -3.84615E-03   -4.80000E-02   -18.0538    2.31096E-02    1.00000    4.99600E-10
   2   -3.84615E-03   -4.60000E-02   -18.0310   -4.28232E-02    1.00000    1.98423E-08
   2   -3.84615E-03   -4.40000E-02   -16.9245   -4.23579    1.00000    4.83587E-04
   2   -3.84615E-03   -4.20000E-02   -14.1034   -12.1028    1.00000    4.17969E-03
   2   -3.84615E-03   -4.00000E-02  -10.56520   -19.5380    1.00000    9.46456E-03
   2   -3.84615E-03   -3.80000E-02  -10.56520   -19.5380    1.00000    9.46456E-03
   2   -3.84615E-03   -3.60000E-02  -10.56520   -19.5380    1.00000    9.46456E-03
   2   -3.84615E-03   -3.40000E-02  -10.56520   -19.5380    1.00000    9.46456E-03
   2   -3.84615E-03   -3.20000E-02  -10.56520   -19.5380    1.00000    9.46456E-03
   2   -3.84615E-03   -3.00000E-02  -10.56520   -19.5380    1.00000    9.46456E-03
   2   -3.84615E-03   -2.80000E-02  -10.51119   -19.6607    1.00000    9.40860E-03
   2   -3.84615E-03   -2.60000E-02  -10.34723   -20.0329    1.00000    9.23408E-03
   2   -3.84615E-03   -2.40000E-02  -10.23636   -20.2843    1.00000    9.11232E-03
   2   -3.84615E-03   -2.20000E-02  -10.12423   -20.5384    1.00000    8.98638E-03
   2   -3.84615E-03   -2.00000E-02   -9.95377   -20.9242    1.00000    8.78993E-03
   2   -3.84615E-03   -1.80000E-02   -9.83857   -21.1848    1.00000    8.65416E-03
   2   -3.84615E-03   -1.60000E-02   -9.72205   -21.4481    1.00000    8.51441E-03
   2   -3.84615E-03   -1.40000E-02   -9.54501   -21.8479    1.00000    8.29817E-03
   2   -3.84615E-03   -1.20000E-02   -9.42533   -22.1179    1.00000    8.14957E-03
   2   -3.84615E-03   -1.00000E-02   -9.30434   -22.3907    1.00000    7.99760E-03
   2   -3.84615E-03   -8.00000E-03   -9.18210   -22.6662    1.00000    7.84249E-03
   2   -3.84615E-03   -6.00000E-03   -9.05852   -22.9445    1.00000    7.68424E-03
   2   -3.84615E-03   -4.00000E-03   -8.93361   -23.2256    1.00000    7.52300E-03
   2   -3.84615E-03   -2.00000E-03   -8.83496   -23.4854    1.00000    7.40172E-03
   2   -3.84615E-03  0.   -8.70786   -23.7714    1.00000    7.23564E-03
   2   -3.84615E-03    2.00000E-03   -8.57946   -24.0603    1.00000    7.06710E-03
   2   -3.84615E-03    4.00000E-03   -8.44965   -24.3521    1.00000    6.89610E-03
   2   -3.84615E-03    6.00000E-03   -8.31847   -24.6469    1.00000    6.72292E-03
   2   -3.84615E-03    8.00000E-03   -8.18596   -24.9445    1.00000    6.54775E-03
   2   -3.84615E-03    1.00000E-02   -8.11908   -25.0946    1.00000    6.45932E-03
   2   -3.84615E-03    1.20000E-02   -7.98445   -25.3968    1.00000    6.28141E-03
   2   -3.84615E-03    1.40000E-02   -7.84837   -25.7020    1.00000    6.10179E-03
   2   -3.84615E-03    1.60000E-02   -7.71083   -26.0104    1.00000    5.92074E-03
   2   -3.84615E-03    1.80000E-02   -7.64152   -26.1658    1.00000    5.82972E-03
   2   -3.84615E-03    2.00000E-02   -7.56517   -26.4171    1.00000    5.73821E-03
   2   -3.84615E-03    2.20000E-02   -7.51735   -26.6442    1.00000    5.68718E-03
   2   -3.84615E-03    2.40000E-02   -7.50675   -26.7475    1.00000    5.68044E-03
   2   -3.84615E-03    2.60000E-02   -7.59908   -26.9377    1.00000    5.53783E-03
   2   -3.84615E-03    2.80000E-02   -7.90608   -26.9529    1.00000    5.44240E-03
   2   -3.84615E-03    3.00000E-02   -8.25359   -26.8830    1.00000    5.10882E-03
   2   -3.84615E-03    3.20000E-02   -8.57168   -26.9434    1.00000    4.97051E-03
   2   -3.84615E-03    3.40000E-02   -8.99363   -26.7802    1.00000    4.70993E-03
   2   -3.84615E-03    3.60000E-02   -9.29159   -26.9182    1.00000    4.56448E-03
   2   -3.84615E-03    3.80000E-02   -9.90670   -27.0581    1.00000    3.98433E-03
   2   -3.84615E-03    4.00000E-02   -11.4174   -27.9169    1.00000    2.37475E-03
   2   -3.84615E-03    4.20000E-02   -24.9531   -17.7366    1.00000    2.54183E-03
   2   -3.84615E-03    4.40000E-02   -36.3728   -15.5555    1.00000    1.33295E-03
   2   -3.84615E-03    4.60000E-02   -47.0885   -24.2414    1.00000    1.08345E-03
   2   -3.84615E-03    4.80000E-02   -68.2162   -39.2508    1.00000    7.20348E-04
   2   -3.84615E-03    5.00000E-02   -120.500   -77.3551    1.00000    5.14673E-04
   2  0.   -5.00000E-02   -18.0168   -1.12850    1.00000    1.45915E-09
   2  0.   -4.80000E-02   -18.0538    2.31096E-02    1.00000    4.99600E-10
   2  0.   -4.60000E-02   -18.0310   -4.28232E-02    1.00000    1.98423E-08
   2  0.   -4.40000E-02   -16.5450   -5.73671    1.00000    6.96823E-04
   2  0.   -4.20000E-02   -12.4080   -16.7082    1.00000    4.51087E-03
   2  0.   -4.00000E-02   -9.09794   -23.5087    1.00000    7.83424E-03
   2  0.   -3.80000E-02   -9.09794   -23.5087    1.00000    7.83424E-03
   2  0.   -3.60000E-02   -9.09794   -23.5087    1.00000    7.83424E-03
   2  0.   -3.40000E-02   -9.09794   -23.5087    1.00000    7.83424E-03
   2  0.   -3.20000E-02   -9.09794   -23.5087    1.00000    7.83424E-03
   2  0.   -3.00000E-02   -9.09794   -23.5087    1.00000    7.83424E-03
   2  0.   -2.80000E-02   -9.09794   -23.5087    1.00000    7.83424E-03
   2  0.   -2.60000E-02   -9.09794   -23.5087    1.00000    7.83424E-03
   2  0.   -2.40000E-02   -9.09794   -23.5087    1.00000    7.83424E-03
   2  0.   -2.20000E-02   -9.09794   -23.5087    1.00000    7.83424E-03
   2  0.   -2.00000E-02   -9.09794   -23.5087    1.00000    7.83424E-03
   2  0.   -1.80000E-02   -9.09794   -23.5087    1.00000    7.83424E-03
   2  0.   -1.60000E-02   -9.09794   -23.5087    1.00000    7.83424E-03
   2  0.   -1.40000E-02   -9.09794   -23.5087    1.00000    7.83424E-03
   2  0.   -1.20000E-02   -9.09794   -23.5087    1.00000    7.83424E-03
   2  0.   -1.00000E-02   -9.09794   -23.5087    1.00000    7.83424E-03
   2  0.   -8.00000E-03   -9.03826   -23.6455    1.00000    7.75621E-03
   2  0.   -6.00000E-03   -8.91784   -23.9213    1.00000    7.59783E-03
   2  0.   -4.00000E-03   -8.73465   -24.3404    1.00000    7.35500E-03
   2  0.   -2.00000E-03   -8.61079   -24.6235    1.00000    7.18977E-03
   2  0.  0.   -8.48547   -24.9097    1.00000    7.02196E-03
   2  0.    2.00000E-03   -8.35867   -25.1991    1.00000    6.85170E-03
   2  0.    4.00000E-03   -8.29479   -25.3449    1.00000    6.76586E-03
   2  0.    6.00000E-03   -8.16583   -25.6389    1.00000    6.59241E-03
   2  0.    8.00000E-03   -8.03545   -25.9359    1.00000    6.41702E-03
   2  0.    1.00000E-02   -7.90357   -26.2362    1.00000    6.23984E-03
   2  0.    1.20000E-02   -7.77026   -26.5395    1.00000    6.06109E-03
   2  0.    1.40000E-02   -7.63541   -26.8461    1.00000    5.88089E-03
   2  0.    1.60000E-02   -7.49905   -27.1560    1.00000    5.69944E-03
   2  0.    1.80000E-02   -7.43027   -27.3122    1.00000    5.60826E-03
   2  0.    2.00000E-02   -7.29160   -27.6271    1.00000    5.42527E-03
   2  0.    2.20000E-02   -7.15142   -27.9452    1.00000    5.24157E-03
   2  0.    2.40000E-02   -7.13191   -28.0678    1.00000    5.22002E-03
   2  0.    2.60000E-02   -7.02553   -28.5031    1.00000    5.10426E-03
   2  0.    2.80000E-02   -7.33681   -28.4946    1.00000    5.07263E-03
   2  0.    3.00000E-02   -7.79595   -28.2797    1.00000    4.89564E-03
   2  0.    3.20000E-02   -8.08786   -28.3506    1.00000    4.82875E-03
   2  0.    3.40000E-02   -8.59559   -28.0679    1.00000    4.65922E-03
   2  0.    3.60000E-02   -8.86523   -28.2145    1.00000    4.51769E-03
   2  0.    3.80000E-02   -9.42392   -28.3035    1.00000    4.29335E-03
   2  0.    4.00000E-02   -11.0642   -28.7934    1.00000    2.71526E-03
   2  0.    4.20000E-02   -17.1689   -26.2279    1.00000    2.41384E-03
   2  0.    4.40000E-02   -33.1537   -18.0482    1.00000    1.68377E-03
   2  0.    4.60000E-02   -47.3883   -21.4244    1.00000    1.03734E-03
   2  0.    4.80000E-02   -67.7762   -35.9039    1.00000    7.20537E-04
   2  0.    5.00000E-02   -117.997   -70.8165    1.00000    5.27931E-04
   2    3.84615E-03   -5.00000E-02   -18.0168   -1.12850    1.00000    1.45915E-09
   2    3.84615E-03   -4.80000E-02   -18.0538    2.31096E-02    1.00000    4.99600E-10
   2    3.84615E-03   -4.60000E-02   -18.0310   -4.28232E-02    1.00000    1.98423E-08
   2    3.84615E-03   -4.40000E-02   -16.1808   -7.22976    1.00000    8.60093E-04
   2    3.84615E-03   -4.20000E-02   -10.5978   -22.4030    1.00000    3.94150E-03
   2    3.84615E-03   -4.00000E-02   -6.01128   -31.6042    1.00000    3.82765E-03
   2    3.84615E-03   -3.80000E-02   -6.01128   -31.6042    1.00000    3.82765E-03
   2    3.84615E-03   -3.60000E-02   -6.01128   -31.6042    1.00000    3.82765E-03
   2    3.84615E-03   -3.40000E-02   -6.01128   -31.6042    1.00000    3.82765E-03
   2    3.84615E-03   -3.20000E-02   -6.01128   -31.6042    1.00000    3.82765E-03
   2    3.84615E-03   -3.00000E-02   -6.01128   -31.6042    1.00000    3.82765E-03
   2    3.84615E-03   -2.80000E-02   -6.01128   -31.6042    1.00000    3.82765E-03
   2    3.84615E-03   -2.60000E-02   -6.01128   -31.6042    1.00000    3.82765E-03
   2    3.84615E-03   -2.40000E-02   -6.01128   -31.6042    1.00000    3.82765E-03
   2    3.84615E-03   -2.20000E-02   -6.01128   -31.6042    1.00000    3.82765E-03
   2    3.84615E-03   -2.00000E-02   -6.01128   -31.6042    1.00000    3.82765E-03
   2    3.84615E-03   -1.80000E-02   -6.01128   -31.6042    1.00000    3.82765E-03
   2    3.84615E-03   -1.60000E-02   -6.01128   -31.6042    1.00000    3.82765E-03
   2    3.84615E-03   -1.40000E-02   -6.01128   -31.6042    1.00000    3.82765E-03
   2    3.84615E-03   -1.20000E-02   -6.01128   -31.6042    1.00000    3.82765E-03
   2    3.84615E-03   -1.00000E-02   -6.01128   -31.6042    1.00000    3.82765E-03
   2    3.84615E-03   -8.00000E-03   -6.01128   -31.6042    1.00000    3.82765E-03
   2    3.84615E-03   -6.00000E-03   -6.01128   -31.6042    1.00000    3.82765E-03
   2    3.84615E-03   -4.00000E-03   -6.01128   -31.6042    1.00000    3.82765E-03
   2    3.84615E-03   -2.00000E-03   -6.01128   -31.6042    1.00000    3.82765E-03
   2    3.84615E-03  0.   -6.01128   -31.6042    1.00000    3.82765E-03
   2    3.84615E-03    2.00000E-03   -6.01128   -31.6042    1.00000    3.82765E-03
   2    3.84615E-03    4.00000E-03   -6.01128   -31.6042    1.00000    3.82765E-03
   2    3.84615E-03    6.00000E-03   -6.01128   -31.6042    1.00000    3.82765E-03
   2    3.84615E-03    8.00000E-03   -6.01128   -31.6042    1.00000    3.82765E-03
   2    3.84615E-03    1.00000E-02   -6.01128   -31.6042    1.00000    3.82765E-03
   2    3.84615E-03    1.20000E-02   -6.01128   -31.6042    1.00000    3.82765E-03
   2    3.84615E-03    1.40000E-02   -6.01128   -31.6042    1.00000    3.82765E-03
   2    3.84615E-03    1.60000E-02   -6.01128   -31.6042    1.00000    3.82765E-03
   2    3.84615E-03    1.80000E-02   -6.01128   -31.6042    1.00000    3.82765E-03
   2    3.84615E-03    2.00000E-02   -6.01128   -31.6042    1.00000    3.82765E-03
   2    3.84615E-03    2.20000E-02   -6.01128   -31.6042    1.00000    3.82765E-03
   2    3.84615E-03    2.40000E-02   -6.01128   -31.6042    1.00000    3.82765E-03
   2    3.84615E-03    2.60000E-02   -5.80813   -31.9833    1.00000    3.74860E-03
   2    3.84615E-03    2.80000E-02   -6.11074   -31.8363    1.00000    3.84198E-03
   2    3.84615E-03    3.00000E-02   -6.71240   -31.2308    1.00000    3.98122E-03
   2    3.84615E-03    3.20000E-02   -7.07278   -31.0807    1.00000    4.01903E-03
   2    3.84615E-03    3.40000E-02   -7.63323   -30.6006    1.00000    4.02210E-03
   2    3.84615E-03    3.60000E-02   -7.95796   -30.5602    1.00000    3.99439E-03
   2    3.84615E-03    3.80000E-02   -8.36190   -30.6437    1.00000    3.98239E-03
   2    3.84615E-03    4.00000E-02  -10.53159   -30.3044    1.00000    2.99075E-03
   2    3.84615E-03    4.20000E-02   -12.5868   -31.2337    1.00000    1.89586E-03
   2    3.84615E-03    4.40000E-02   -30.0665   -20.7302    1.00000    1.94027E-03
   2    3.84615E-03    4.60000E-02   -46.4712   -19.8327    1.00000    1.04657E-03
   2    3.84615E-03    4.80000E-02   -68.3950   -32.0222    1.00000    6.92256E-04
   2    3.84615E-03    5.00000E-02   -120.744   -64.9736    1.00000    5.16272E-04
   2    7.69231E-03   -5.00000E-02   -18.0646   0.685979    1.00000    2.63263E-10
   2    7.69231E-03   -4.80000E-02   -18.0301  -0.183931    1.00000    2.61472E-08
   2    7.69231E-03   -4.60000E-02   -18.0545  0.    1.00000    2.00000
   2    7.69231E-03   -4.40000E-02   -15.5792   -9.99041    1.00000    9.42569E-04
   2    7.69231E-03   -4.20000E-02   -7.55642   -32.6678    1.00000    2.23273E-03
   2    7.69231E-03   -4.00000E-02   -2.59299   -42.5983    1.00000    6.78943E-04
   2    7.69231E-03   -3.80000E-02   -2.59299   -42.5983    1.00000    6.78943E-04
   2    7.69231E-03   -3.60000E-02   -2.59299   -42.5983    1.00000    6.78943E-04
   2    7.69231E-03   -3.40000E-02   -2.64848   -42.5216    1.00000    7.01243E-04
   2    7.69231E-03   -3.20000E-02   -2.64848   -42.5216    1.00000    7.01243E-04
   2    7.69231E-03   -3.00000E-02   -2.64848   -42.5216    1.00000    7.01243E-04
   2    7.69231E-03   -2.80000E-02   -2.64848   -42.5216    1.00000    7.01243E-04
   2    7.69231E-03   -2.60000E-02   -2.64848   -42.5216    1.00000    7.01243E-04
   2    7.69231E-03   -2.40000E-02   -2.70410   -42.4447    1.00000    7.23690E-04
   2    7.69231E-03   -2.20000E-02   -2.70410   -42.4447    1.00000    7.23690E-04
   2    7.69231E-03   -2.00000E-02   -2.70410   -42.4447    1.00000    7.23690E-04
   2    7.69231E-03   -1.80000E-02   -2.70410   -42.4447    1.00000    7.23690E-04
   2    7.69231E-03   -1.60000E-02   -2.70410   -42.4447    1.00000    7.23690E-04
   2    7.69231E-03   -1.40000E-02   -2.70410   -42.4447    1.00000    7.23690E-04
   2    7.69231E-03   -1.20000E-02   -2.75979   -42.3678    1.00000    7.46236E-04
   2    7.69231E-03   -1.00000E-02   -2.75979   -42.3678    1.00000    7.46236E-04
   2    7.69231E-03   -8.00000E-03   -2.75979   -42.3678    1.00000    7.46236E-04
   2    7.69231E-03   -6.00000E-03   -2.75979   -42.3678    1.00000    7.46236E-04
   2    7.69231E-03   -4.00000E-03   -2.75979   -42.3678    1.00000    7.46236E-04
   2    7.69231E-03   -2.00000E-03   -2.81553   -42.2909    1.00000    7.68870E-04
   2    7.69231E-03  0.   -2.81553   -42.2909    1.00000    7.68870E-04
   2    7.69231E-03    2.00000E-03   -2.81553   -42.2909    1.00000    7.68870E-04
   2    7.69231E-03    4.00000E-03   -2.81553   -42.2909    1.00000    7.68870E-04
   2    7.69231E-03    6.00000E-03   -2.81553   -42.2909    1.00000    7.68870E-04
   2    7.69231E-03    8.00000E-03   -2.81553   -42.2909    1.00000    7.68870E-04
   2    7.69231E-03    1.00000E-02   -2.87144   -42.2137    1.00000    7.91645E-04
   2    7.69231E-03    1.20000E-02   -2.87144   -42.2137    1.00000    7.91645E-04
   2    7.69231E-03    1.40000E-02   -2.87144   -42.2137    1.00000    7.91645E-04
   2    7.69231E-03    1.60000E-02   -2.87144   -42.2137    1.00000    7.91645E-04
   2    7.69231E-03    1.80000E-02   -2.87144   -42.2137    1.00000    7.91645E-04
   2    7.69231E-03    2.00000E-02   -2.87144   -42.2137    1.00000    7.91645E-04
   2    7.69231E-03    2.20000E-02   -2.92747   -42.1364    1.00000    8.14513E-04
   2    7.69231E-03    2.40000E-02   -2.92747   -42.1364    1.00000    8.14513E-04
   2    7.69231E-03    2.60000E-02   -2.59971   -42.7091    1.00000    6.78931E-04
   2    7.69231E-03    2.80000E-02   -2.43593   -42.9844    1.00000    6.12903E-04
   2    7.69231E-03    3.00000E-02   -2.77508   -42.6030    1.00000    7.46223E-04
   2    7.69231E-03    3.20000E-02   -3.18241   -42.2260    1.00000    9.06550E-04
   2    7.69231E-03    3.40000E-02   -3.88781   -41.4458    1.00000    1.18378E-03
   2    7.69231E-03    3.60000E-02   -4.26204   -41.1920    1.00000    1.31939E-03
   2    7.69231E-03    3.80000E-02   -4.35046   -41.3909    1.00000    1.34159E-03
   2    7.69231E-03    4.00000E-02   -7.72775   -39.0674    1.00000    2.15210E-03
   2    7.69231E-03    4.20000E-02   -11.0214   -38.1706    1.00000    2.13611E-03
   2    7.69231E-03    4.40000E-02   -13.8915   -39.0116    1.00000    1.41017E-03
   2    7.69231E-03    4.60000E-02   -24.6933   -38.1660    1.00000    1.37212E-03
   2    7.69231E-03    4.80000E-02   -61.0697   -33.7517    1.00000    8.26481E-04
   2    7.69231E-03    5.00000E-02   -120.714   -59.3367    1.00000    5.06187E-04
   2    1.15385E-02   -5.00000E-02   -18.0409  -0.838621    1.00000    9.36448E-11
   2    1.15385E-02   -4.80000E-02   -18.0301  -0.183931    1.00000    2.61472E-08
   2    1.15385E-02   -4.60000E-02   -17.8114   -1.37825    1.00000    1.49022E-05
   2    1.15385E-02   -4.40000E-02  -10.18856   -29.8503    1.00000    7.53210E-04
   2    1.15385E-02   -4.20000E-02   -3.43461   -48.4675    1.00000    4.09854E-04
   2    1.15385E-02   -4.00000E-02   -7.73646E-03   -55.1286    1.00000    3.30730E-09
   2    1.15385E-02   -3.80000E-02   -7.73646E-03   -55.1286    1.00000    3.30730E-09
   2    1.15385E-02   -3.60000E-02   -7.73646E-03   -55.1286    1.00000    3.30730E-09
   2    1.15385E-02   -3.40000E-02   -7.73646E-03   -55.1286    1.00000    3.30730E-09
   2    1.15385E-02   -3.20000E-02   -7.73646E-03   -55.1286    1.00000    3.30730E-09
   2    1.15385E-02   -3.00000E-02   -7.73646E-03   -55.1286    1.00000    3.30730E-09
   2    1.15385E-02   -2.80000E-02   -7.73646E-03   -55.1286    1.00000    3.30730E-09
   2    1.15385E-02   -2.60000E-02   -7.73646E-03   -55.1286    1.00000    3.30730E-09
   2    1.15385E-02   -2.40000E-02   -7.73646E-03   -55.1286    1.00000    3.30730E-09
   2    1.15385E-02   -2.20000E-02   -7.73646E-03   -55.1286    1.00000    3.30730E-09
   2    1.15385E-02   -2.00000E-02   -7.73646E-03   -55.1286    1.00000    3.30730E-09
   2    1.15385E-02   -1.80000E-02   -7.73646E-03   -55.1286    1.00000    3.30730E-09
   2    1.15385E-02   -1.60000E-02   -7.73646E-03   -55.1286    1.00000    3.30730E-09
   2    1.15385E-02   -1.40000E-02   -7.73646E-03   -55.1286    1.00000    3.30730E-09
   2    1.15385E-02   -1.20000E-02   -7.73646E-03   -55.1286    1.00000    3.30730E-09
   2    1.15385E-02   -1.00000E-02   -7.73646E-03   -55.1286    1.00000    3.30730E-09
   2    1.15385E-02   -8.00000E-03   -7.73646E-03   -55.1286    1.00000    3.30730E-09
   2    1.15385E-02   -6.00000E-03   -7.73646E-03   -55.1286    1.00000    3.30730E-09
   2    1.15385E-02   -4.00000E-03   -7.73646E-03   -55.1286    1.00000    3.30730E-09
   2    1.15385E-02   -2.00000E-03   -7.73646E-03   -55.1286    1.00000    3.30730E-09
   2    1.15385E-02  0.   -7.73646E-03   -55.1286    1.00000    3.30730E-09
   2    1.15385E-02    2.00000E-03   -7.73646E-03   -55.1286    1.00000    3.30730E-09
   2    1.15385E-02    4.00000E-03   -7.73646E-03   -55.1286    1.00000    3.30730E-09
   2    1.15385E-02    6.00000E-03   -7.73646E-03   -55.1286    1.00000    3.30730E-09
   2    1.15385E-02    8.00000E-03   -7.73646E-03   -55.1286    1.00000    3.30730E-09
   2    1.15385E-02    1.00000E-02   -7.73646E-03   -55.1286    1.00000    3.30730E-09
   2    1.15385E-02    1.20000E-02   -7.73646E-03   -55.1286    1.00000    3.30730E-09
   2    1.15385E-02    1.40000E-02   -7.73646E-03   -55.1286    1.00000    3.30730E-09
   2    1.15385E-02    1.60000E-02   -7.73646E-03   -55.1286    1.00000    3.30730E-09
   2    1.15385E-02    1.80000E-02   -7.73646E-03   -55.1286    1.00000    3.30730E-09
   2    1.15385E-02    2.00000E-02   -7.73646E-03   -55.1286    1.00000    3.30730E-09
   2    1.15385E-02    2.20000E-02   -7.73646E-03   -55.1286    1.00000    3.30730E-09
   2    1.15385E-02    2.40000E-02   -7.73646E-03   -55.1286    1.00000    3.30730E-09
   2    1.15385E-02    2.60000E-02   -7.72085E-03   -55.1291    1.00000    3.29393E-09
   2    1.15385E-02    2.80000E-02   -7.72088E-03   -55.1293    1.00000    3.29393E-09
   2    1.15385E-02    3.00000E-02   -7.70525E-03   -55.1295    1.00000    3.28058E-09
   2    1.15385E-02    3.20000E-02   -7.72098E-03   -55.1299    1.00000    3.29393E-09
   2    1.15385E-02    3.40000E-02   -7.73667E-03   -55.1301    1.00000    3.30730E-09
   2    1.15385E-02    3.60000E-02   -7.70541E-03   -55.1306    1.00000    3.28058E-09
   2    1.15385E-02    3.80000E-02   -7.73685E-03   -55.1314    1.00000    3.30730E-09
   2    1.15385E-02    4.00000E-02   -1.26189   -54.0334    1.00000    7.14341E-05
   2    1.15385E-02    4.20000E-02   -4.98716   -51.8028    1.00000    5.96745E-04
   2    1.15385E-02    4.40000E-02   -9.34327   -50.8917    1.00000    1.01430E-03
   2    1.15385E-02    4.60000E-02   -14.7249   -51.4628    1.00000    1.02267E-03
   2    1.15385E-02    4.80000E-02   -22.8962   -54.4464    1.00000    7.21459E-04
   2    1.15385E-02    5.00000E-02   -77.2684   -65.6852    1.00000    6.66282E-04
   2    1.53846E-02   -5.00000E-02   -18.0442  -0.378682    1.00000    3.91668E-12
   2    1.53846E-02   -4.80000E-02   -18.0418   -8.41434E-02    1.00000    3.87907E-09
   2    1.53846E-02   -4.60000E-02   -16.7038   -8.31182    1.00000    1.46855E-04
   2    1.53846E-02   -4.40000E-02   -7.84462   -45.4600    1.00000    4.21446E-04
   2    1.53846E-02   -4.20000E-02   -5.11518E-02   -68.1353    1.00000    4.01404E-08
   2    1.53846E-02   -4.00000E-02   -5.11793E-02   -68.1719    1.00000    4.01404E-08
   2    1.53846E-02   -3.80000E-02   -5.11793E-02   -68.1719    1.00000    4.01404E-08
   2    1.53846E-02   -3.60000E-02   -5.11793E-02   -68.1719    1.00000    4.01404E-08
   2    1.53846E-02   -3.40000E-02   -5.11793E-02   -68.1719    1.00000    4.01404E-08
   2    1.53846E-02   -3.20000E-02   -5.11793E-02   -68.1719    1.00000    4.01404E-08
   2    1.53846E-02   -3.00000E-02   -5.11793E-02   -68.1719    1.00000    4.01404E-08
   2    1.53846E-02   -2.80000E-02   -5.11793E-02   -68.1719    1.00000    4.01404E-08
   2    1.53846E-02   -2.60000E-02   -5.11793E-02   -68.1719    1.00000    4.01404E-08
   2    1.53846E-02   -2.40000E-02   -5.11793E-02   -68.1719    1.00000    4.01404E-08
   2    1.53846E-02   -2.20000E-02   -5.11793E-02   -68.1719    1.00000    4.01404E-08
   2    1.53846E-02   -2.00000E-02   -5.11793E-02   -68.1719    1.00000    4.01404E-08
   2    1.53846E-02   -1.80000E-02   -5.11793E-02   -68.1719    1.00000    4.01404E-08
   2    1.53846E-02   -1.60000E-02   -5.11793E-02   -68.1719    1.00000    4.01404E-08
   2    1.53846E-02   -1.40000E-02   -5.11793E-02   -68.1719    1.00000    4.01404E-08
   2    1.53846E-02   -1.20000E-02   -5.11793E-02   -68.1719    1.00000    4.01404E-08
   2    1.53846E-02   -1.00000E-02   -5.11793E-02   -68.1719    1.00000    4.01404E-08
   2    1.53846E-02   -8.00000E-03   -5.11793E-02   -68.1719    1.00000    4.01404E-08
   2    1.53846E-02   -6.00000E-03   -5.11793E-02   -68.1719    1.00000    4.01404E-08
   2    1.53846E-02   -4.00000E-03   -5.11793E-02   -68.1719    1.00000    4.01404E-08
   2    1.53846E-02   -2.00000E-03   -5.11793E-02   -68.1719    1.00000    4.01404E-08
   2    1.53846E-02  0.   -5.11793E-02   -68.1719    1.00000    4.01404E-08
   2    1.53846E-02    2.00000E-03   -5.11793E-02   -68.1719    1.00000    4.01404E-08
   2    1.53846E-02    4.00000E-03   -5.11793E-02   -68.1719    1.00000    4.01404E-08
   2    1.53846E-02    6.00000E-03   -5.11793E-02   -68.1719    1.00000    4.01404E-08
   2    1.53846E-02    8.00000E-03   -5.11793E-02   -68.1719    1.00000    4.01404E-08
   2    1.53846E-02    1.00000E-02   -5.11793E-02   -68.1719    1.00000    4.01404E-08
   2    1.53846E-02    1.20000E-02   -5.11793E-02   -68.1719    1.00000    4.01404E-08
   2    1.53846E-02    1.40000E-02   -5.11793E-02   -68.1719    1.00000    4.01404E-08
   2    1.53846E-02    1.60000E-02   -5.11793E-02   -68.1719    1.00000    4.01404E-08
   2    1.53846E-02    1.80000E-02   -5.11793E-02   -68.1719    1.00000    4.01404E-08
   2    1.53846E-02    2.00000E-02   -5.11793E-02   -68.1719    1.00000    4.01404E-08
   2    1.53846E-02    2.20000E-02   -5.11793E-02   -68.1719    1.00000    4.01404E-08
   2    1.53846E-02    2.40000E-02   -5.11793E-02   -68.1719    1.00000    4.01404E-08
   2    1.53846E-02    2.60000E-02   -5.12116E-02   -68.1754    1.00000    4.01871E-08
   2    1.53846E-02    2.80000E-02   -5.12427E-02   -68.1771    1.00000    4.02338E-08
   2    1.53846E-02    3.00000E-02   -5.12453E-02   -68.1805    1.00000    4.02338E-08
   2    1.53846E-02    3.20000E-02   -5.12169E-02   -68.1823    1.00000    4.01871E-08
   2    1.53846E-02    3.40000E-02   -5.12479E-02   -68.1840    1.00000    4.02338E-08
   2    1.53846E-02    3.60000E-02   -5.12208E-02   -68.1876    1.00000    4.01871E-08
   2    1.53846E-02    3.80000E-02   -5.12409E-02   -68.1945    1.00000    4.02104E-08
   2    1.53846E-02    4.00000E-02   -5.12501E-02   -68.2068    1.00000    4.02104E-08
   2    1.53846E-02    4.20000E-02   -5.12431E-02   -68.2173    1.00000    4.01871E-08
   2    1.53846E-02    4.40000E-02   -5.12672E-02   -68.2295    1.00000    4.02104E-08
   2    1.53846E-02    4.60000E-02   -4.73833   -67.9523    1.00000    1.71454E-04
   2    1.53846E-02    4.80000E-02   -12.1247   -70.2637    1.00000    4.21444E-04
   2    1.53846E-02    5.00000E-02   -22.5861   -77.6163    1.00000    4.37491E-04
   2    1.92308E-02   -4.80000E-02   -18.0420   -3.64398E-02    1.00000    6.14865E-10
   2    1.92308E-02   -4.60000E-02   -12.1055   -36.7656    1.00000    1.17460E-04
   2    1.92308E-02   -4.40000E-02   -5.51349E-02   -89.6403    1.00000    8.95780E-09
   2    1.92308E-02   -4.20000E-02   -5.51033E-02   -89.6998    1.00000    8.93578E-09
   2    1.92308E-02   -4.00000E-02   -5.52047E-02   -89.7541    1.00000    8.95780E-09
   2    1.92308E-02   -3.80000E-02   -5.52047E-02   -89.7541    1.00000    8.95780E-09
   2    1.92308E-02   -3.60000E-02   -5.52047E-02   -89.7541    1.00000    8.95780E-09
   2    1.92308E-02   -3.40000E-02   -5.52047E-02   -89.7541    1.00000    8.95780E-09
   2    1.92308E-02   -3.20000E-02   -5.52047E-02   -89.7541    1.00000    8.95780E-09
   2    1.92308E-02   -3.00000E-02   -5.52047E-02   -89.7541    1.00000    8.95780E-09
   2    1.92308E-02   -2.80000E-02   -5.52047E-02   -89.7541    1.00000    8.95780E-09
   2    1.92308E-02   -2.60000E-02   -5.52047E-02   -89.7541    1.00000    8.95780E-09
   2    1.92308E-02   -2.40000E-02   -5.52047E-02   -89.7541    1.00000    8.95780E-09
   2    1.92308E-02   -2.20000E-02   -5.52047E-02   -89.7541    1.00000    8.95780E-09
   2    1.92308E-02   -2.00000E-02   -5.52047E-02   -89.7541    1.00000    8.95780E-09
   2    1.92308E-02   -1.80000E-02   -5.52047E-02   -89.7541    1.00000    8.95780E-09
   2    1.92308E-02   -1.60000E-02   -5.52047E-02   -89.7541    1.00000    8.95780E-09
   2    1.92308E-02   -1.40000E-02   -5.52047E-02   -89.7541    1.00000    8.95780E-09
   2    1.92308E-02   -1.20000E-02   -5.52047E-02   -89.7541    1.00000    8.95780E-09
   2    1.92308E-02   -1.00000E-02   -5.52047E-02   -89.7541    1.00000    8.95780E-09
   2    1.92308E-02   -8.00000E-03   -5.52047E-02   -89.7541    1.00000    8.95780E-09
   2    1.92308E-02   -6.00000E-03   -5.52047E-02   -89.7541    1.00000    8.95780E-09
   2    1.92308E-02   -4.00000E-03   -5.52047E-02   -89.7541    1.00000    8.95780E-09
   2    1.92308E-02   -2.00000E-03   -5.52047E-02   -89.7541    1.00000    8.95780E-09
   2    1.92308E-02  0.   -5.52047E-02   -89.7541    1.00000    8.95780E-09
   2    1.92308E-02    2.00000E-03   -5.52047E-02   -89.7541    1.00000    8.95780E-09
   2    1.92308E-02    4.00000E-03   -5.52047E-02   -89.7541    1.00000    8.95780E-09
   2    1.92308E-02    6.00000E-03   -5.52047E-02   -89.7541    1.00000    8.95780E-09
   2    1.92308E-02    8.00000E-03   -5.52047E-02   -89.7541    1.00000    8.95780E-09
   2    1.92308E-02    1.00000E-02   -5.52047E-02   -89.7541    1.00000    8.95780E-09
   2    1.92308E-02    1.20000E-02   -5.52047E-02   -89.7541    1.00000    8.95780E-09
   2    1.92308E-02    1.40000E-02   -5.52047E-02   -89.7541    1.00000    8.95780E-09
   2    1.92308E-02    1.60000E-02   -5.52047E-02   -89.7541    1.00000    8.95780E-09
   2    1.92308E-02    1.80000E-02   -5.52047E-02   -89.7541    1.00000    8.95780E-09
   2    1.92308E-02    2.00000E-02   -5.52047E-02   -89.7541    1.00000    8.95780E-09
   2    1.92308E-02    2.20000E-02   -5.52047E-02   -89.7541    1.00000    8.95780E-09
   2    1.92308E-02    2.40000E-02   -5.52047E-02   -89.7541    1.00000    8.95780E-09
   2    1.92308E-02    2.60000E-02   -5.52078E-02   -89.7590    1.00000    8.95780E-09
   2    1.92308E-02    2.80000E-02   -5.52092E-02   -89.7615    1.00000    8.95780E-09
   2    1.92308E-02    3.00000E-02   -5.52463E-02   -89.7664    1.00000    8.96882E-09
   2    1.92308E-02    3.20000E-02   -5.52478E-02   -89.7689    1.00000    8.96882E-09
   2    1.92308E-02    3.40000E-02   -5.52492E-02   -89.7714    1.00000    8.96882E-09
   2    1.92308E-02    3.60000E-02   -5.52184E-02   -89.7764    1.00000    8.95780E-09
   2    1.92308E-02    3.80000E-02   -5.52415E-02   -89.7863    1.00000    8.96331E-09
   2    1.92308E-02    4.00000E-02   -5.52692E-02   -89.8036    1.00000    8.96882E-09
   2    1.92308E-02    4.20000E-02   -5.52443E-02   -89.8186    1.00000    8.95780E-09
   2    1.92308E-02    4.40000E-02   -5.52720E-02   -89.8359    1.00000    8.96331E-09
   2    1.92308E-02    4.60000E-02   -5.52812E-02   -89.8508    1.00000    8.96331E-09
   2    1.92308E-02    4.80000E-02   -5.52925E-02   -89.8657    1.00000    8.96400E-09
   2    1.92308E-02    5.00000E-02   -2.09380   -91.6969    1.00000    9.72943E-06
   2    2.30769E-02   -4.80000E-02   -17.9567   -1.21323    1.00000    3.65404E-07
   2    2.30769E-02   -4.60000E-02   -4.13038   -105.785    1.00000    5.38853E-06
   2    2.30769E-02   -4.40000E-02  -0.260338   -129.545    1.00000    2.10574E-08
   2    2.30769E-02   -4.20000E-02  -0.261188   -129.968    1.00000    2.10574E-08
   2    2.30769E-02   -4.00000E-02  -0.262026   -130.360    1.00000    2.10659E-08
   2    2.30769E-02   -3.80000E-02  -0.262026   -130.360    1.00000    2.10659E-08
   2    2.30769E-02   -3.60000E-02  -0.262026   -130.360    1.00000    2.10659E-08
   2    2.30769E-02   -3.40000E-02  -0.262026   -130.360    1.00000    2.10659E-08
   2    2.30769E-02   -3.20000E-02  -0.262026   -130.360    1.00000    2.10659E-08
   2    2.30769E-02   -3.00000E-02  -0.262026   -130.360    1.00000    2.10659E-08
   2    2.30769E-02   -2.80000E-02  -0.262026   -130.360    1.00000    2.10659E-08
   2    2.30769E-02   -2.60000E-02  -0.262026   -130.360    1.00000    2.10659E-08
   2    2.30769E-02   -2.40000E-02  -0.262026   -130.360    1.00000    2.10659E-08
   2    2.30769E-02   -2.20000E-02  -0.262026   -130.360    1.00000    2.10659E-08
   2    2.30769E-02   -2.00000E-02  -0.262026   -130.360    1.00000    2.10659E-08
   2    2.30769E-02   -1.80000E-02  -0.262026   -130.360    1.00000    2.10659E-08
   2    2.30769E-02   -1.60000E-02  -0.262026   -130.360    1.00000    2.10659E-08
   2    2.30769E-02   -1.40000E-02  -0.262026   -130.360    1.00000    2.10659E-08
   2    2.30769E-02   -1.20000E-02  -0.262026   -130.360    1.00000    2.10659E-08
   2    2.30769E-02   -1.00000E-02  -0.262026   -130.360    1.00000    2.10659E-08
   2    2.30769E-02   -8.00000E-03  -0.262026   -130.360    1.00000    2.10659E-08
   2    2.30769E-02   -6.00000E-03  -0.262026   -130.360    1.00000    2.10659E-08
   2    2.30769E-02   -4.00000E-03  -0.262026   -130.360    1.00000    2.10659E-08
   2    2.30769E-02   -2.00000E-03  -0.262026   -130.360    1.00000    2.10659E-08
   2    2.30769E-02  0.  -0.262026   -130.360    1.00000    2.10659E-08
   2    2.30769E-02    2.00000E-03  -0.262026   -130.360    1.00000    2.10659E-08
   2    2.30769E-02    4.00000E-03  -0.262026   -130.360    1.00000    2.10659E-08
   2    2.30769E-02    6.00000E-03  -0.262026   -130.360    1.00000    2.10659E-08
   2    2.30769E-02    8.00000E-03  -0.262026   -130.360    1.00000    2.10659E-08
   2    2.30769E-02    1.00000E-02  -0.262026   -130.360    1.00000    2.10659E-08
   2    2.30769E-02    1.20000E-02  -0.262026   -130.360    1.00000    2.10659E-08
   2    2.30769E-02    1.40000E-02  -0.262026   -130.360    1.00000    2.10659E-08
   2    2.30769E-02    1.60000E-02  -0.262026   -130.360    1.00000    2.10659E-08
   2    2.30769E-02    1.80000E-02  -0.262026   -130.360    1.00000    2.10659E-08
   2    2.30769E-02    2.00000E-02  -0.262026   -130.360    1.00000    2.10659E-08
   2    2.30769E-02    2.20000E-02  -0.262026   -130.360    1.00000    2.10659E-08
   2    2.30769E-02    2.40000E-02  -0.262026   -130.360    1.00000    2.10659E-08
   2    2.30769E-02    2.60000E-02  -0.262043   -130.394    1.00000    2.10574E-08
   2    2.30769E-02    2.80000E-02  -0.262077   -130.411    1.00000    2.10574E-08
   2    2.30769E-02    3.00000E-02  -0.262199   -130.445    1.00000    2.10659E-08
   2    2.30769E-02    3.20000E-02  -0.262233   -130.462    1.00000    2.10659E-08
   2    2.30769E-02    3.40000E-02  -0.262275   -130.496    1.00000    2.10616E-08
   2    2.30769E-02    3.60000E-02  -0.262336   -130.513    1.00000    2.10659E-08
   2    2.30769E-02    3.80000E-02  -0.262447   -130.582    1.00000    2.10616E-08
   2    2.30769E-02    4.00000E-02  -0.262689   -130.702    1.00000    2.10616E-08
   2    2.30769E-02    4.20000E-02  -0.262930   -130.822    1.00000    2.10616E-08
   2    2.30769E-02    4.40000E-02  -0.263131   -130.926    1.00000    2.10606E-08
   2    2.30769E-02    4.60000E-02  -0.263333   -131.029    1.00000    2.10595E-08
   2    2.30769E-02    4.80000E-02  -0.263554   -131.133    1.00000    2.10616E-08
   2    2.30769E-02    5.00000E-02  -0.263736   -131.236    1.00000    2.10574E-08
   2    2.69231E-02   -4.80000E-02   -15.3720   -44.7389    1.00000    2.52422E-06
   2    2.69231E-02   -4.60000E-02   -1.30574   -226.710    1.00000    1.47290E-08
   2    2.69231E-02   -4.40000E-02   -1.32506   -230.170    1.00000    1.47148E-08
   2    2.69231E-02   -4.20000E-02   -1.34736   -234.047    1.00000    1.47148E-08
   2    2.69231E-02   -4.00000E-02   -1.37085   -238.056    1.00000    1.47237E-08
   2    2.69231E-02   -3.80000E-02   -1.37085   -238.056    1.00000    1.47237E-08
   2    2.69231E-02   -3.60000E-02   -1.37085   -238.056    1.00000    1.47237E-08
   2    2.69231E-02   -3.40000E-02   -1.37085   -238.056    1.00000    1.47237E-08
   2    2.69231E-02   -3.20000E-02   -1.37085   -238.056    1.00000    1.47237E-08
   2    2.69231E-02   -3.00000E-02   -1.37085   -238.056    1.00000    1.47237E-08
   2    2.69231E-02   -2.80000E-02   -1.37085   -238.056    1.00000    1.47237E-08
   2    2.69231E-02   -2.60000E-02   -1.37085   -238.056    1.00000    1.47237E-08
   2    2.69231E-02   -2.40000E-02   -1.37085   -238.056    1.00000    1.47237E-08
   2    2.69231E-02   -2.20000E-02   -1.37085   -238.056    1.00000    1.47237E-08
   2    2.69231E-02   -2.00000E-02   -1.37085   -238.056    1.00000    1.47237E-08
   2    2.69231E-02   -1.80000E-02   -1.37085   -238.056    1.00000    1.47237E-08
   2    2.69231E-02   -1.60000E-02   -1.37085   -238.056    1.00000    1.47237E-08
   2    2.69231E-02   -1.40000E-02   -1.37085   -238.056    1.00000    1.47237E-08
   2    2.69231E-02   -1.20000E-02   -1.37085   -238.056    1.00000    1.47237E-08
   2    2.69231E-02   -1.00000E-02   -1.37085   -238.056    1.00000    1.47237E-08
   2    2.69231E-02   -8.00000E-03   -1.37085   -238.056    1.00000    1.47237E-08
   2    2.69231E-02   -6.00000E-03   -1.37085   -238.056    1.00000    1.47237E-08
   2    2.69231E-02   -4.00000E-03   -1.37085   -238.056    1.00000    1.47237E-08
   2    2.69231E-02   -2.00000E-03   -1.37085   -238.056    1.00000    1.47237E-08
   2    2.69231E-02  0.   -1.37085   -238.056    1.00000    1.47237E-08
   2    2.69231E-02    2.00000E-03   -1.37085   -238.056    1.00000    1.47237E-08
   2    2.69231E-02    4.00000E-03   -1.37085   -238.056    1.00000    1.47237E-08
   2    2.69231E-02    6.00000E-03   -1.37085   -238.056    1.00000    1.47237E-08
   2    2.69231E-02    8.00000E-03   -1.37085   -238.056    1.00000    1.47237E-08
   2    2.69231E-02    1.00000E-02   -1.37085   -238.056    1.00000    1.47237E-08
   2    2.69231E-02    1.20000E-02   -1.37085   -238.056    1.00000    1.47237E-08
   2    2.69231E-02    1.40000E-02   -1.37085   -238.056    1.00000    1.47237E-08
   2    2.69231E-02    1.60000E-02   -1.37085   -238.056    1.00000    1.47237E-08
   2    2.69231E-02    1.80000E-02   -1.37085   -238.056    1.00000    1.47237E-08
   2    2.69231E-02    2.00000E-02   -1.37085   -238.056    1.00000    1.47237E-08
   2    2.69231E-02    2.20000E-02   -1.37085   -238.056    1.00000    1.47237E-08
   2    2.69231E-02    2.40000E-02   -1.37188   -238.219    1.00000    1.47254E-08
   2    2.69231E-02    2.60000E-02   -1.37266   -238.383    1.00000    1.47219E-08
   2    2.69231E-02    2.80000E-02   -1.37368   -238.546    1.00000    1.47237E-08
   2    2.69231E-02    3.00000E-02   -1.37549   -238.874    1.00000    1.47219E-08
   2    2.69231E-02    3.20000E-02   -1.37656   -239.039    1.00000    1.47246E-08
   2    2.69231E-02    3.40000E-02   -1.37845   -239.368    1.00000    1.47246E-08
   2    2.69231E-02    3.60000E-02   -1.37936   -239.533    1.00000    1.47237E-08
   2    2.69231E-02    3.80000E-02   -1.38415   -240.362    1.00000    1.47239E-08
   2    2.69231E-02    4.00000E-02   -1.38993   -241.364    1.00000    1.47241E-08
   2    2.69231E-02    4.20000E-02   -1.39670   -242.544    1.00000    1.47237E-08
   2    2.69231E-02    4.40000E-02   -1.40266   -243.565    1.00000    1.47254E-08
   2    2.69231E-02    4.60000E-02   -1.40975   -244.767    1.00000    1.47290E-08
   2    2.69231E-02    4.80000E-02   -1.41540   -245.805    1.00000    1.47219E-08
   2    2.69231E-02    5.00000E-02   -1.42060   -246.679    1.00000    1.47254E-08
   2    3.07692E-02   -4.80000E-02    17.4918   -2901.03    1.00000    1.03893E-11
   2    3.07692E-02   -4.60000E-02    14.7418   -2437.30    1.00000    1.04363E-11
   2    3.07692E-02   -4.40000E-02    12.4735   -2068.75    1.00000    1.03893E-11
   2    3.07692E-02   -4.20000E-02    10.8038   -1789.99    1.00000    1.04128E-11
   2    3.07692E-02   -4.00000E-02    9.46894   -1569.54    1.00000    1.03996E-11
   2    3.07692E-02   -3.80000E-02    9.42499   -1562.14    1.00000    1.04011E-11
   2    3.07692E-02   -3.60000E-02    9.42499   -1562.14    1.00000    1.04011E-11
   2    3.07692E-02   -3.40000E-02    9.42499   -1562.14    1.00000    1.04011E-11
   2    3.07692E-02   -3.20000E-02    9.42499   -1562.14    1.00000    1.04011E-11
   2    3.07692E-02   -3.00000E-02    9.42499   -1562.14    1.00000    1.04011E-11
   2    3.07692E-02   -2.80000E-02    9.42499   -1562.14    1.00000    1.04011E-11
   2    3.07692E-02   -2.60000E-02    9.42499   -1562.14    1.00000    1.04011E-11
   2    3.07692E-02   -2.40000E-02    9.42499   -1562.14    1.00000    1.04011E-11
   2    3.07692E-02   -2.20000E-02    9.42499   -1562.14    1.00000    1.04011E-11
   2    3.07692E-02   -2.00000E-02    9.42499   -1562.14    1.00000    1.04011E-11
   2    3.07692E-02   -1.80000E-02    9.42499   -1562.14    1.00000    1.04011E-11
   2    3.07692E-02   -1.60000E-02    9.42499   -1562.14    1.00000    1.04011E-11
   2    3.07692E-02   -1.40000E-02    9.42499   -1562.14    1.00000    1.04011E-11
   2    3.07692E-02   -1.20000E-02    9.42499   -1562.14    1.00000    1.04011E-11
   2    3.07692E-02   -1.00000E-02    9.42499   -1562.14    1.00000    1.04011E-11
   2    3.07692E-02   -8.00000E-03    9.42499   -1562.14    1.00000    1.04011E-11
   2    3.07692E-02   -6.00000E-03    9.42499   -1562.14    1.00000    1.04011E-11
   2    3.07692E-02   -4.00000E-03    9.42499   -1562.14    1.00000    1.04011E-11
   2    3.07692E-02   -2.00000E-03    9.42499   -1562.14    1.00000    1.04011E-11
   2    3.07692E-02  0.    9.42499   -1562.14    1.00000    1.04011E-11
   2    3.07692E-02    2.00000E-03    9.42499   -1562.14    1.00000    1.04011E-11
   2    3.07692E-02    4.00000E-03    9.42499   -1562.14    1.00000    1.04011E-11
   2    3.07692E-02    6.00000E-03    9.42499   -1562.14    1.00000    1.04011E-11
   2    3.07692E-02    8.00000E-03    9.42499   -1562.14    1.00000    1.04011E-11
   2    3.07692E-02    1.00000E-02    9.42499   -1562.14    1.00000    1.04011E-11
   2    3.07692E-02    1.20000E-02    9.42499   -1562.14    1.00000    1.04011E-11
   2    3.07692E-02    1.40000E-02    9.42499   -1562.14    1.00000    1.04011E-11
   2    3.07692E-02    1.60000E-02    9.42499   -1562.14    1.00000    1.04011E-11
   2    3.07692E-02    1.80000E-02    9.42499   -1562.14    1.00000    1.04011E-11
   2    3.07692E-02    2.00000E-02    9.42499   -1562.14    1.00000    1.04011E-11
   2    3.07692E-02    2.20000E-02    9.42499   -1562.14    1.00000    1.04011E-11
   2    3.07692E-02    2.40000E-02    9.38078   -1554.82    1.00000    1.04011E-11
   2    3.07692E-02    2.60000E-02    9.33691   -1547.56    1.00000    1.04009E-11
   2    3.07692E-02    2.80000E-02    9.25062   -1533.24    1.00000    1.04011E-11
   2    3.07692E-02    3.00000E-02    9.20738   -1526.18    1.00000    1.03996E-11
   2    3.07692E-02    3.20000E-02    9.16584   -1519.19    1.00000    1.04011E-11
   2    3.07692E-02    3.40000E-02    9.08128   -1505.40    1.00000    1.03981E-11
   2    3.07692E-02    3.60000E-02    9.04020   -1498.59    1.00000    1.03981E-11
   2    3.07692E-02    3.80000E-02    8.84159   -1465.46    1.00000    1.04011E-11
   2    3.07692E-02    4.00000E-02    8.57652   -1421.47    1.00000    1.04011E-11
   2    3.07692E-02    4.20000E-02    8.37066   -1385.63    1.00000    1.04245E-11
   2    3.07692E-02    4.40000E-02    8.13640   -1346.10    1.00000    1.04363E-11
   2    3.07692E-02    4.60000E-02    7.92583   -1314.51    1.00000    1.03893E-11
   2    3.07692E-02    4.80000E-02    7.74315   -1283.93    1.00000    1.03893E-11
   2    3.07692E-02    5.00000E-02    7.56737   -1254.78    1.00000    1.03893E-11
